time,rsds
1990-01-01,166.02002
1990-01-02,166.7653
1990-01-03,167.51059
1990-01-04,168.25587
1990-01-05,169.00116
1990-01-06,169.74644
1990-01-07,170.49173
1990-01-08,171.23701
1990-01-09,171.9823
1990-01-10,172.72758
1990-01-11,173.47287
1990-01-12,174.21815
1990-01-13,174.96344
1990-01-14,175.70872
1990-01-15,176.45401
1990-01-16,177.1993
1990-01-17,177.94458
1990-01-18,178.68987
1990-01-19,179.43515
1990-01-20,180.18044
1990-01-21,180.92572
1990-01-22,181.671
1990-01-23,182.41629
1990-01-24,183.16158
1990-01-25,183.90686
1990-01-26,184.65215
1990-01-27,185.39743
1990-01-28,186.14272
1990-01-29,186.888
1990-01-30,187.63329
1990-01-31,188.37857
1990-02-01,189.12386
1990-02-02,189.86914
1990-02-03,190.61443
1990-02-04,191.35971
1990-02-05,192.105
1990-02-06,192.85028
1990-02-07,193.59557
1990-02-08,194.34085
1990-02-09,195.08614
1990-02-10,195.83142
1990-02-11,196.5767
1990-02-12,197.32199
1990-02-13,198.06728
1990-02-14,198.81256
1990-02-15,199.55785
1990-02-16,201.473
1990-02-17,203.38815
1990-02-18,205.30331
1990-02-19,207.21846
1990-02-20,209.13362
1990-02-21,211.04877
1990-02-22,212.96393
1990-02-23,214.87907
1990-02-24,216.79424
1990-02-25,218.7094
1990-02-26,220.62454
1990-02-27,222.5397
1990-02-28,224.45485
1990-03-01,226.37001
1990-03-02,228.28516
1990-03-03,230.20032
1990-03-04,232.11546
1990-03-05,234.03062
1990-03-06,235.94577
1990-03-07,237.86093
1990-03-08,239.7761
1990-03-09,241.69124
1990-03-10,243.6064
1990-03-11,245.52155
1990-03-12,247.4367
1990-03-13,249.35185
1990-03-14,251.26701
1990-03-15,253.18216
1990-03-16,255.09732
1990-03-17,256.0785
1990-03-18,257.05966
1990-03-19,258.04083
1990-03-20,259.02197
1990-03-21,260.00314
1990-03-22,260.9843
1990-03-23,261.96548
1990-03-24,262.94666
1990-03-25,263.92783
1990-03-26,264.909
1990-03-27,265.89017
1990-03-28,266.8713
1990-03-29,267.85248
1990-03-30,268.83365
1990-03-31,269.81482
1990-04-01,270.796
1990-04-02,271.77716
1990-04-03,272.75833
1990-04-04,273.7395
1990-04-05,274.72064
1990-04-06,275.7018
1990-04-07,276.68298
1990-04-08,277.66415
1990-04-09,278.64532
1990-04-10,279.6265
1990-04-11,280.60767
1990-04-12,281.58884
1990-04-13,282.56998
1990-04-14,283.55115
1990-04-15,284.53232
1990-04-16,285.5135
1990-04-17,285.8938
1990-04-18,286.27414
1990-04-19,286.65445
1990-04-20,287.03476
1990-04-21,287.41507
1990-04-22,287.7954
1990-04-23,288.17572
1990-04-24,288.55603
1990-04-25,288.93634
1990-04-26,289.31668
1990-04-27,289.697
1990-04-28,290.0773
1990-04-29,290.4576
1990-04-30,290.83795
1990-05-01,291.21826
1990-05-02,291.59857
1990-05-03,291.9789
1990-05-04,292.35922
1990-05-05,292.73953
1990-05-06,293.11984
1990-05-07,293.50018
1990-05-08,293.8805
1990-05-09,294.2608
1990-05-10,294.6411
1990-05-11,295.02145
1990-05-12,295.40176
1990-05-13,295.78207
1990-05-14,296.16238
1990-05-15,296.54272
1990-05-16,296.92303
1990-05-17,297.55246
1990-05-18,298.18185
1990-05-19,298.81128
1990-05-20,299.4407
1990-05-21,300.07013
1990-05-22,300.69952
1990-05-23,301.32895
1990-05-24,301.95837
1990-05-25,302.5878
1990-05-26,303.2172
1990-05-27,303.84662
1990-05-28,304.47604
1990-05-29,305.10547
1990-05-30,305.73486
1990-05-31,306.3643
1990-06-01,306.9937
1990-06-02,307.62314
1990-06-03,308.25253
1990-06-04,308.88196
1990-06-05,309.51138
1990-06-06,310.1408
1990-06-07,310.7702
1990-06-08,311.39963
1990-06-09,312.02905
1990-06-10,312.65848
1990-06-11,313.28787
1990-06-12,313.9173
1990-06-13,314.54672
1990-06-14,315.17615
1990-06-15,315.80554
1990-06-16,316.43497
1990-06-17,316.11386
1990-06-18,315.79276
1990-06-19,315.47165
1990-06-20,315.15057
1990-06-21,314.82947
1990-06-22,314.50836
1990-06-23,314.18726
1990-06-24,313.86615
1990-06-25,313.54504
1990-06-26,313.22394
1990-06-27,312.90283
1990-06-28,312.58176
1990-06-29,312.26065
1990-06-30,311.93954
1990-07-01,311.61844
1990-07-02,311.29733
1990-07-03,310.97623
1990-07-04,310.65512
1990-07-05,310.33405
1990-07-06,310.01294
1990-07-07,309.69183
1990-07-08,309.37073
1990-07-09,309.04962
1990-07-10,308.72852
1990-07-11,308.4074
1990-07-12,308.0863
1990-07-13,307.76523
1990-07-14,307.44412
1990-07-15,307.12302
1990-07-16,306.8019
1990-07-17,305.93652
1990-07-18,305.07114
1990-07-19,304.20575
1990-07-20,303.3404
1990-07-21,302.475
1990-07-22,301.60962
1990-07-23,300.74423
1990-07-24,299.87885
1990-07-25,299.01346
1990-07-26,298.14807
1990-07-27,297.28268
1990-07-28,296.41733
1990-07-29,295.55194
1990-07-30,294.68655
1990-07-31,293.82117
1990-08-01,292.95578
1990-08-02,292.0904
1990-08-03,291.225
1990-08-04,290.35962
1990-08-05,289.49426
1990-08-06,288.62888
1990-08-07,287.7635
1990-08-08,286.8981
1990-08-09,286.0327
1990-08-10,285.16733
1990-08-11,284.30194
1990-08-12,283.43655
1990-08-13,282.5712
1990-08-14,281.7058
1990-08-15,280.84042
1990-08-16,279.97504
1990-08-17,279.58548
1990-08-18,279.19592
1990-08-19,278.80637
1990-08-20,278.4168
1990-08-21,278.02725
1990-08-22,277.63773
1990-08-23,277.24817
1990-08-24,276.8586
1990-08-25,276.46906
1990-08-26,276.0795
1990-08-27,275.68994
1990-08-28,275.30038
1990-08-29,274.91083
1990-08-30,274.52127
1990-08-31,274.1317
1990-09-01,273.7422
1990-09-02,273.35263
1990-09-03,272.96307
1990-09-04,272.57352
1990-09-05,272.18396
1990-09-06,271.7944
1990-09-07,271.40485
1990-09-08,271.0153
1990-09-09,270.62573
1990-09-10,270.23618
1990-09-11,269.84665
1990-09-12,269.4571
1990-09-13,269.06754
1990-09-14,268.67798
1990-09-15,268.28842
1990-09-16,267.89886
1990-09-17,266.42355
1990-09-18,264.94824
1990-09-19,263.47293
1990-09-20,261.9976
1990-09-21,260.52228
1990-09-22,259.04697
1990-09-23,257.57166
1990-09-24,256.09634
1990-09-25,254.62103
1990-09-26,253.1457
1990-09-27,251.6704
1990-09-28,250.19508
1990-09-29,248.71977
1990-09-30,247.24445
1990-10-01,245.76913
1990-10-02,244.29382
1990-10-03,242.8185
1990-10-04,241.34319
1990-10-05,239.86787
1990-10-06,238.39256
1990-10-07,236.91724
1990-10-08,235.44193
1990-10-09,233.96661
1990-10-10,232.4913
1990-10-11,231.01598
1990-10-12,229.54066
1990-10-13,228.06535
1990-10-14,226.59004
1990-10-15,225.11472
1990-10-16,223.6394
1990-10-17,222.09735
1990-10-18,220.55531
1990-10-19,219.01326
1990-10-20,217.4712
1990-10-21,215.92915
1990-10-22,214.38712
1990-10-23,212.84506
1990-10-24,211.30301
1990-10-25,209.76097
1990-10-26,208.21892
1990-10-27,206.67686
1990-10-28,205.13481
1990-10-29,203.59277
1990-10-30,202.05072
1990-10-31,200.50867
1990-11-01,198.96663
1990-11-02,197.42458
1990-11-03,195.88252
1990-11-04,194.34048
1990-11-05,192.79843
1990-11-06,191.25638
1990-11-07,189.71432
1990-11-08,188.17229
1990-11-09,186.63023
1990-11-10,185.08818
1990-11-11,183.54614
1990-11-12,182.00409
1990-11-13,180.46204
1990-11-14,178.91998
1990-11-15,177.37794
1990-11-16,175.83589
1990-11-17,174.80705
1990-11-18,173.77821
1990-11-19,172.74937
1990-11-20,171.72054
1990-11-21,170.6917
1990-11-22,169.66286
1990-11-23,168.63402
1990-11-24,167.6052
1990-11-25,166.57635
1990-11-26,165.54752
1990-11-27,164.51868
1990-11-28,163.48984
1990-11-29,162.461
1990-11-30,161.43216
1990-12-01,160.40332
1990-12-02,159.37448
1990-12-03,158.34564
1990-12-04,157.3168
1990-12-05,156.28796
1990-12-06,155.25912
1990-12-07,154.23029
1990-12-08,153.20145
1990-12-09,152.17262
1990-12-10,151.14378
1990-12-11,150.11494
1990-12-12,149.0861
1990-12-13,148.05727
1990-12-14,147.02843
1990-12-15,145.99959
1990-12-16,144.97075
1990-12-17,145.90407
1990-12-18,146.83739
1990-12-19,147.77069
1990-12-20,148.70401
1990-12-21,149.63733
1990-12-22,150.57065
1990-12-23,151.50395
1990-12-24,152.43727
1990-12-25,153.37059
1990-12-26,154.30391
1990-12-27,155.23723
1990-12-28,156.17053
1990-12-29,157.10385
1990-12-30,158.03717
1990-12-31,158.97049
1991-01-01,159.9038
1991-01-02,160.83711
1991-01-03,161.77043
1991-01-04,162.70375
1991-01-05,163.63705
1991-01-06,164.57037
1991-01-07,165.5037
1991-01-08,166.43701
1991-01-09,167.37033
1991-01-10,168.30363
1991-01-11,169.23695
1991-01-12,170.17027
1991-01-13,171.10359
1991-01-14,172.0369
1991-01-15,172.97021
1991-01-16,173.90353
1991-01-17,175.13524
1991-01-18,176.36696
1991-01-19,177.59866
1991-01-20,178.83038
1991-01-21,180.06209
1991-01-22,181.29381
1991-01-23,182.52551
1991-01-24,183.75723
1991-01-25,184.98894
1991-01-26,186.22066
1991-01-27,187.45236
1991-01-28,188.68408
1991-01-29,189.91579
1991-01-30,191.1475
1991-01-31,192.37921
1991-02-01,193.61092
1991-02-02,194.84264
1991-02-03,196.07434
1991-02-04,197.30606
1991-02-05,198.53777
1991-02-06,199.76949
1991-02-07,201.00119
1991-02-08,202.23291
1991-02-09,203.46461
1991-02-10,204.69633
1991-02-11,205.92804
1991-02-12,207.15976
1991-02-13,208.39146
1991-02-14,209.62318
1991-02-15,210.85489
1991-02-16,211.47319
1991-02-17,212.0915
1991-02-18,212.70981
1991-02-19,213.32811
1991-02-20,213.94643
1991-02-21,214.56473
1991-02-22,215.18303
1991-02-23,215.80135
1991-02-24,216.41965
1991-02-25,217.03795
1991-02-26,217.65627
1991-02-27,218.27457
1991-02-28,218.89287
1991-03-01,219.51118
1991-03-02,220.12949
1991-03-03,220.7478
1991-03-04,221.3661
1991-03-05,221.9844
1991-03-06,222.60272
1991-03-07,223.22102
1991-03-08,223.83932
1991-03-09,224.45764
1991-03-10,225.07594
1991-03-11,225.69424
1991-03-12,226.31256
1991-03-13,226.93086
1991-03-14,227.54916
1991-03-15,228.16748
1991-03-16,228.78578
1991-03-17,229.4587
1991-03-18,230.1316
1991-03-19,230.80453
1991-03-20,231.47745
1991-03-21,232.15036
1991-03-22,232.82327
1991-03-23,233.4962
1991-03-24,234.16911
1991-03-25,234.84203
1991-03-26,235.51494
1991-03-27,236.18785
1991-03-28,236.86078
1991-03-29,237.53369
1991-03-30,238.2066
1991-03-31,238.87952
1991-04-01,239.55244
1991-04-02,240.22536
1991-04-03,240.89827
1991-04-04,241.57118
1991-04-05,242.24411
1991-04-06,242.91702
1991-04-07,243.58994
1991-04-08,244.26285
1991-04-09,244.93576
1991-04-10,245.60869
1991-04-11,246.2816
1991-04-12,246.95451
1991-04-13,247.62743
1991-04-14,248.30035
1991-04-15,248.97327
1991-04-16,249.64618
1991-04-17,251.31735
1991-04-18,252.98853
1991-04-19,254.6597
1991-04-20,256.33087
1991-04-21,258.00204
1991-04-22,259.67322
1991-04-23,261.3444
1991-04-24,263.0156
1991-04-25,264.68677
1991-04-26,266.35794
1991-04-27,268.0291
1991-04-28,269.7003
1991-04-29,271.37146
1991-04-30,273.04263
1991-05-01,274.7138
1991-05-02,276.38498
1991-05-03,278.05615
1991-05-04,279.72733
1991-05-05,281.3985
1991-05-06,283.06967
1991-05-07,284.74084
1991-05-08,286.41202
1991-05-09,288.08322
1991-05-10,289.7544
1991-05-11,291.42557
1991-05-12,293.09674
1991-05-13,294.7679
1991-05-14,296.4391
1991-05-15,298.11026
1991-05-16,299.78143
1991-05-17,299.26102
1991-05-18,298.74063
1991-05-19,298.2202
1991-05-20,297.69983
1991-05-21,297.1794
1991-05-22,296.65903
1991-05-23,296.1386
1991-05-24,295.61823
1991-05-25,295.0978
1991-05-26,294.57742
1991-05-27,294.057
1991-05-28,293.53662
1991-05-29,293.0162
1991-05-30,292.49582
1991-05-31,291.9754
1991-06-01,291.45502
1991-06-02,290.9346
1991-06-03,290.4142
1991-06-04,289.8938
1991-06-05,289.3734
1991-06-06,288.853
1991-06-07,288.3326
1991-06-08,287.8122
1991-06-09,287.2918
1991-06-10,286.7714
1991-06-11,286.251
1991-06-12,285.7306
1991-06-13,285.2102
1991-06-14,284.6898
1991-06-15,284.1694
1991-06-16,283.649
1991-06-17,283.86707
1991-06-18,284.0851
1991-06-19,284.3032
1991-06-20,284.52127
1991-06-21,284.73932
1991-06-22,284.9574
1991-06-23,285.17548
1991-06-24,285.39355
1991-06-25,285.6116
1991-06-26,285.82968
1991-06-27,286.04776
1991-06-28,286.2658
1991-06-29,286.4839
1991-06-30,286.70197
1991-07-01,286.92004
1991-07-02,287.1381
1991-07-03,287.35617
1991-07-04,287.57425
1991-07-05,287.7923
1991-07-06,288.01038
1991-07-07,288.22845
1991-07-08,288.4465
1991-07-09,288.66458
1991-07-10,288.88266
1991-07-11,289.1007
1991-07-12,289.3188
1991-07-13,289.53687
1991-07-14,289.75494
1991-07-15,289.973
1991-07-16,290.19107
1991-07-17,289.8821
1991-07-18,289.57312
1991-07-19,289.26416
1991-07-20,288.95517
1991-07-21,288.6462
1991-07-22,288.33722
1991-07-23,288.02826
1991-07-24,287.71927
1991-07-25,287.4103
1991-07-26,287.10132
1991-07-27,286.79236
1991-07-28,286.48337
1991-07-29,286.1744
1991-07-30,285.86542
1991-07-31,285.55646
1991-08-01,285.24747
1991-08-02,284.9385
1991-08-03,284.62952
1991-08-04,284.32056
1991-08-05,284.01157
1991-08-06,283.7026
1991-08-07,283.39362
1991-08-08,283.08466
1991-08-09,282.77567
1991-08-10,282.4667
1991-08-11,282.1577
1991-08-12,281.84875
1991-08-13,281.53976
1991-08-14,281.2308
1991-08-15,280.9218
1991-08-16,280.61285
1991-08-17,279.84244
1991-08-18,279.07205
1991-08-19,278.30164
1991-08-20,277.53122
1991-08-21,276.7608
1991-08-22,275.99042
1991-08-23,275.22
1991-08-24,274.4496
1991-08-25,273.67917
1991-08-26,272.90878
1991-08-27,272.13837
1991-08-28,271.36795
1991-08-29,270.59753
1991-08-30,269.82715
1991-08-31,269.05673
1991-09-01,268.28632
1991-09-02,267.5159
1991-09-03,266.7455
1991-09-04,265.9751
1991-09-05,265.20468
1991-09-06,264.43427
1991-09-07,263.66388
1991-09-08,262.89346
1991-09-09,262.12305
1991-09-10,261.35263
1991-09-11,260.58224
1991-09-12,259.81183
1991-09-13,259.0414
1991-09-14,258.271
1991-09-15,257.5006
1991-09-16,256.7302
1991-09-17,255.47197
1991-09-18,254.21375
1991-09-19,252.95554
1991-09-20,251.69731
1991-09-21,250.43909
1991-09-22,249.18086
1991-09-23,247.92264
1991-09-24,246.66443
1991-09-25,245.4062
1991-09-26,244.14798
1991-09-27,242.88976
1991-09-28,241.63153
1991-09-29,240.37332
1991-09-30,239.1151
1991-10-01,237.85687
1991-10-02,236.59865
1991-10-03,235.34042
1991-10-04,234.08221
1991-10-05,232.82399
1991-10-06,231.56577
1991-10-07,230.30754
1991-10-08,229.04932
1991-10-09,227.7911
1991-10-10,226.53288
1991-10-11,225.27466
1991-10-12,224.01643
1991-10-13,222.75821
1991-10-14,221.5
1991-10-15,220.24178
1991-10-16,218.98355
1991-10-17,217.42697
1991-10-18,215.87039
1991-10-19,214.3138
1991-10-20,212.75722
1991-10-21,211.20064
1991-10-22,209.64406
1991-10-23,208.08746
1991-10-24,206.53088
1991-10-25,204.9743
1991-10-26,203.41772
1991-10-27,201.86115
1991-10-28,200.30455
1991-10-29,198.74797
1991-10-30,197.19139
1991-10-31,195.63481
1991-11-01,194.07822
1991-11-02,192.52164
1991-11-03,190.96506
1991-11-04,189.40848
1991-11-05,187.85188
1991-11-06,186.2953
1991-11-07,184.73872
1991-11-08,183.18214
1991-11-09,181.62556
1991-11-10,180.06897
1991-11-11,178.51239
1991-11-12,176.95581
1991-11-13,175.39923
1991-11-14,173.84264
1991-11-15,172.28606
1991-11-16,170.72948
1991-11-17,170.16159
1991-11-18,169.5937
1991-11-19,169.02582
1991-11-20,168.45793
1991-11-21,167.89005
1991-11-22,167.32217
1991-11-23,166.75429
1991-11-24,166.1864
1991-11-25,165.61852
1991-11-26,165.05063
1991-11-27,164.48274
1991-11-28,163.91486
1991-11-29,163.34697
1991-11-30,162.77908
1991-12-01,162.21121
1991-12-02,161.64333
1991-12-03,161.07544
1991-12-04,160.50755
1991-12-05,159.93967
1991-12-06,159.37178
1991-12-07,158.8039
1991-12-08,158.23601
1991-12-09,157.66812
1991-12-10,157.10023
1991-12-11,156.53235
1991-12-12,155.96448
1991-12-13,155.39659
1991-12-14,154.8287
1991-12-15,154.26082
1991-12-16,153.69293
1991-12-17,154.20415
1991-12-18,154.71536
1991-12-19,155.2266
1991-12-20,155.73781
1991-12-21,156.24902
1991-12-22,156.76024
1991-12-23,157.27147
1991-12-24,157.78268
1991-12-25,158.2939
1991-12-26,158.80511
1991-12-27,159.31633
1991-12-28,159.82756
1991-12-29,160.33878
1991-12-30,160.84999
1991-12-31,161.3612
1992-01-01,161.87244
1992-01-02,162.38365
1992-01-03,162.89487
1992-01-04,163.40608
1992-01-05,163.91731
1992-01-06,164.42853
1992-01-07,164.93974
1992-01-08,165.45096
1992-01-09,165.96217
1992-01-10,166.4734
1992-01-11,166.98462
1992-01-12,167.49583
1992-01-13,168.00705
1992-01-14,168.51828
1992-01-15,169.0295
1992-01-16,169.54071
1992-01-17,170.38147
1992-01-18,171.22221
1992-01-19,172.06297
1992-01-20,172.90373
1992-01-21,173.74448
1992-01-22,174.58524
1992-01-23,175.42598
1992-01-24,176.26674
1992-01-25,177.1075
1992-01-26,177.94824
1992-01-27,178.789
1992-01-28,179.62976
1992-01-29,180.4705
1992-01-30,181.31126
1992-01-31,182.15201
1992-02-01,182.99277
1992-02-02,183.83353
1992-02-03,184.67427
1992-02-04,185.51503
1992-02-05,186.35579
1992-02-06,187.19653
1992-02-07,188.0373
1992-02-08,188.87805
1992-02-09,189.7188
1992-02-10,190.55956
1992-02-11,191.4003
1992-02-12,192.24106
1992-02-13,193.08182
1992-02-14,193.92256
1992-02-15,194.76332
1992-02-16,196.3848
1992-02-17,198.00629
1992-02-18,199.62776
1992-02-19,201.24924
1992-02-20,202.87073
1992-02-21,204.4922
1992-02-22,206.11368
1992-02-23,207.73515
1992-02-24,209.35664
1992-02-25,210.97812
1992-02-26,212.5996
1992-02-27,214.22108
1992-02-28,215.84256
1992-02-29,217.46404
1992-03-01,219.08551
1992-03-02,220.707
1992-03-03,222.32848
1992-03-04,223.94995
1992-03-05,225.57144
1992-03-06,227.19292
1992-03-07,228.81439
1992-03-08,230.43588
1992-03-09,232.05736
1992-03-10,233.67883
1992-03-11,235.30032
1992-03-12,236.9218
1992-03-13,238.54327
1992-03-14,240.16475
1992-03-15,241.78624
1992-03-16,243.40771
1992-03-17,244.2925
1992-03-18,245.17728
1992-03-19,246.06207
1992-03-20,246.94685
1992-03-21,247.83163
1992-03-22,248.71642
1992-03-23,249.60121
1992-03-24,250.486
1992-03-25,251.37077
1992-03-26,252.25555
1992-03-27,253.14034
1992-03-28,254.02513
1992-03-29,254.90991
1992-03-30,255.7947
1992-03-31,256.67947
1992-04-01,257.56427
1992-04-02,258.44904
1992-04-03,259.33383
1992-04-04,260.21863
1992-04-05,261.1034
1992-04-06,261.9882
1992-04-07,262.87296
1992-04-08,263.75775
1992-04-09,264.64255
1992-04-10,265.5273
1992-04-11,266.4121
1992-04-12,267.2969
1992-04-13,268.18167
1992-04-14,269.06647
1992-04-15,269.95123
1992-04-16,270.83603
1992-04-17,272.26282
1992-04-18,273.68958
1992-04-19,275.11636
1992-04-20,276.54315
1992-04-21,277.9699
1992-04-22,279.3967
1992-04-23,280.82346
1992-04-24,282.25024
1992-04-25,283.67703
1992-04-26,285.1038
1992-04-27,286.53058
1992-04-28,287.95737
1992-04-29,289.38412
1992-04-30,290.8109
1992-05-01,292.23767
1992-05-02,293.66446
1992-05-03,295.09125
1992-05-04,296.518
1992-05-05,297.9448
1992-05-06,299.37158
1992-05-07,300.79834
1992-05-08,302.22513
1992-05-09,303.65192
1992-05-10,305.07867
1992-05-11,306.50546
1992-05-12,307.93222
1992-05-13,309.359
1992-05-14,310.7858
1992-05-15,312.21255
1992-05-16,313.63934
1992-05-17,313.60153
1992-05-18,313.56375
1992-05-19,313.52594
1992-05-20,313.48816
1992-05-21,313.45035
1992-05-22,313.41257
1992-05-23,313.37476
1992-05-24,313.33694
1992-05-25,313.29916
1992-05-26,313.26135
1992-05-27,313.22357
1992-05-28,313.18576
1992-05-29,313.14795
1992-05-30,313.11017
1992-05-31,313.07236
1992-06-01,313.03458
1992-06-02,312.99677
1992-06-03,312.95898
1992-06-04,312.92117
1992-06-05,312.88336
1992-06-06,312.84558
1992-06-07,312.80777
1992-06-08,312.77
1992-06-09,312.73218
1992-06-10,312.69437
1992-06-11,312.6566
1992-06-12,312.61877
1992-06-13,312.581
1992-06-14,312.54318
1992-06-15,312.5054
1992-06-16,312.4676
1992-06-17,311.79465
1992-06-18,311.12173
1992-06-19,310.4488
1992-06-20,309.77588
1992-06-21,309.10294
1992-06-22,308.43
1992-06-23,307.75708
1992-06-24,307.08414
1992-06-25,306.41122
1992-06-26,305.73828
1992-06-27,305.06534
1992-06-28,304.39243
1992-06-29,303.71948
1992-06-30,303.04657
1992-07-01,302.37363
1992-07-02,301.70068
1992-07-03,301.02777
1992-07-04,300.35483
1992-07-05,299.68192
1992-07-06,299.00897
1992-07-07,298.33603
1992-07-08,297.66312
1992-07-09,296.99017
1992-07-10,296.31726
1992-07-11,295.64432
1992-07-12,294.97137
1992-07-13,294.29846
1992-07-14,293.62552
1992-07-15,292.9526
1992-07-16,292.27966
1992-07-17,290.82745
1992-07-18,289.37524
1992-07-19,287.92307
1992-07-20,286.47086
1992-07-21,285.01865
1992-07-22,283.56644
1992-07-23,282.11423
1992-07-24,280.66202
1992-07-25,279.20984
1992-07-26,277.75763
1992-07-27,276.30542
1992-07-28,274.8532
1992-07-29,273.401
1992-07-30,271.9488
1992-07-31,270.4966
1992-08-01,269.0444
1992-08-02,267.5922
1992-08-03,266.13998
1992-08-04,264.68777
1992-08-05,263.2356
1992-08-06,261.7834
1992-08-07,260.33118
1992-08-08,258.87897
1992-08-09,257.42676
1992-08-10,255.97456
1992-08-11,254.52235
1992-08-12,253.07016
1992-08-13,251.61795
1992-08-14,250.16574
1992-08-15,248.71355
1992-08-16,247.26134
1992-08-17,248.07846
1992-08-18,248.8956
1992-08-19,249.71272
1992-08-20,250.52985
1992-08-21,251.34697
1992-08-22,252.16411
1992-08-23,252.98123
1992-08-24,253.79836
1992-08-25,254.61548
1992-08-26,255.43262
1992-08-27,256.24973
1992-08-28,257.06686
1992-08-29,257.884
1992-08-30,258.7011
1992-08-31,259.51825
1992-09-01,260.3354
1992-09-02,261.1525
1992-09-03,261.96964
1992-09-04,262.78674
1992-09-05,263.60388
1992-09-06,264.42102
1992-09-07,265.23813
1992-09-08,266.05527
1992-09-09,266.8724
1992-09-10,267.6895
1992-09-11,268.50665
1992-09-12,269.32376
1992-09-13,270.1409
1992-09-14,270.95804
1992-09-15,271.77515
1992-09-16,272.5923
1992-09-17,271.15103
1992-09-18,269.70978
1992-09-19,268.26852
1992-09-20,266.82724
1992-09-21,265.386
1992-09-22,263.94473
1992-09-23,262.50348
1992-09-24,261.06223
1992-09-25,259.62097
1992-09-26,258.17972
1992-09-27,256.73846
1992-09-28,255.2972
1992-09-29,253.85594
1992-09-30,252.41467
1992-10-01,250.97342
1992-10-02,249.53217
1992-10-03,248.0909
1992-10-04,246.64964
1992-10-05,245.20839
1992-10-06,243.76714
1992-10-07,242.32587
1992-10-08,240.88461
1992-10-09,239.44336
1992-10-10,238.0021
1992-10-11,236.56084
1992-10-12,235.11958
1992-10-13,233.67833
1992-10-14,232.23708
1992-10-15,230.7958
1992-10-16,229.35455
1992-10-17,227.79913
1992-10-18,226.2437
1992-10-19,224.68828
1992-10-20,223.13284
1992-10-21,221.57742
1992-10-22,220.02199
1992-10-23,218.46657
1992-10-24,216.91113
1992-10-25,215.35571
1992-10-26,213.80028
1992-10-27,212.24486
1992-10-28,210.68944
1992-10-29,209.134
1992-10-30,207.57858
1992-10-31,206.02315
1992-11-01,204.46773
1992-11-02,202.9123
1992-11-03,201.35687
1992-11-04,199.80144
1992-11-05,198.24602
1992-11-06,196.6906
1992-11-07,195.13516
1992-11-08,193.57974
1992-11-09,192.0243
1992-11-10,190.46889
1992-11-11,188.91345
1992-11-12,187.35803
1992-11-13,185.8026
1992-11-14,184.24718
1992-11-15,182.69174
1992-11-16,181.13632
1992-11-17,180.11983
1992-11-18,179.10335
1992-11-19,178.08685
1992-11-20,177.07036
1992-11-21,176.05388
1992-11-22,175.03738
1992-11-23,174.0209
1992-11-24,173.00441
1992-11-25,171.98792
1992-11-26,170.97144
1992-11-27,169.95494
1992-11-28,168.93845
1992-11-29,167.92197
1992-11-30,166.90547
1992-12-01,165.88898
1992-12-02,164.8725
1992-12-03,163.856
1992-12-04,162.83952
1992-12-05,161.82303
1992-12-06,160.80653
1992-12-07,159.79005
1992-12-08,158.77356
1992-12-09,157.75706
1992-12-10,156.74059
1992-12-11,155.72409
1992-12-12,154.70761
1992-12-13,153.69112
1992-12-14,152.67462
1992-12-15,151.65814
1992-12-16,150.64165
1992-12-17,151.66554
1992-12-18,152.68945
1992-12-19,153.71335
1992-12-20,154.73724
1992-12-21,155.76114
1992-12-22,156.78505
1992-12-23,157.80894
1992-12-24,158.83284
1992-12-25,159.85674
1992-12-26,160.88065
1992-12-27,161.90454
1992-12-28,162.92844
1992-12-29,163.95233
1992-12-30,164.97624
1992-12-31,166.00014
1993-01-01,167.02403
1993-01-02,168.04793
1993-01-03,169.07184
1993-01-04,170.09573
1993-01-05,171.11963
1993-01-06,172.14352
1993-01-07,173.16743
1993-01-08,174.19133
1993-01-09,175.21523
1993-01-10,176.23912
1993-01-11,177.26303
1993-01-12,178.28693
1993-01-13,179.31082
1993-01-14,180.33472
1993-01-15,181.35863
1993-01-16,182.38252
1993-01-17,182.96248
1993-01-18,183.54243
1993-01-19,184.12238
1993-01-20,184.70233
1993-01-21,185.28229
1993-01-22,185.86224
1993-01-23,186.4422
1993-01-24,187.02216
1993-01-25,187.60211
1993-01-26,188.18205
1993-01-27,188.76201
1993-01-28,189.34196
1993-01-29,189.92192
1993-01-30,190.50188
1993-01-31,191.08182
1993-02-01,191.66177
1993-02-02,192.24173
1993-02-03,192.82169
1993-02-04,193.40164
1993-02-05,193.9816
1993-02-06,194.56155
1993-02-07,195.1415
1993-02-08,195.72145
1993-02-09,196.3014
1993-02-10,196.88136
1993-02-11,197.46132
1993-02-12,198.04126
1993-02-13,198.62122
1993-02-14,199.20117
1993-02-15,199.78113
1993-02-16,201.39879
1993-02-17,203.01646
1993-02-18,204.63412
1993-02-19,206.25179
1993-02-20,207.86946
1993-02-21,209.48712
1993-02-22,211.10478
1993-02-23,212.72246
1993-02-24,214.34012
1993-02-25,215.95778
1993-02-26,217.57545
1993-02-27,219.19312
1993-02-28,220.81078
1993-03-01,222.42845
1993-03-02,224.04611
1993-03-03,225.66379
1993-03-04,227.28145
1993-03-05,228.89911
1993-03-06,230.51678
1993-03-07,232.13445
1993-03-08,233.7521
1993-03-09,235.36978
1993-03-10,236.98744
1993-03-11,238.6051
1993-03-12,240.22278
1993-03-13,241.84044
1993-03-14,243.4581
1993-03-15,245.07578
1993-03-16,246.69344
1993-03-17,247.58011
1993-03-18,248.46678
1993-03-19,249.35344
1993-03-20,250.24011
1993-03-21,251.12679
1993-03-22,252.01346
1993-03-23,252.90013
1993-03-24,253.78679
1993-03-25,254.67346
1993-03-26,255.56013
1993-03-27,256.4468
1993-03-28,257.33347
1993-03-29,258.22015
1993-03-30,259.1068
1993-03-31,259.9935
1993-04-01,260.88016
1993-04-02,261.7668
1993-04-03,262.6535
1993-04-04,263.54016
1993-04-05,264.42685
1993-04-06,265.3135
1993-04-07,266.20016
1993-04-08,267.08685
1993-04-09,267.9735
1993-04-10,268.8602
1993-04-11,269.74686
1993-04-12,270.6335
1993-04-13,271.5202
1993-04-14,272.40686
1993-04-15,273.29355
1993-04-16,274.1802
1993-04-17,274.69214
1993-04-18,275.2041
1993-04-19,275.71603
1993-04-20,276.22797
1993-04-21,276.7399
1993-04-22,277.25186
1993-04-23,277.7638
1993-04-24,278.27573
1993-04-25,278.78766
1993-04-26,279.29962
1993-04-27,279.81155
1993-04-28,280.3235
1993-04-29,280.83542
1993-04-30,281.34738
1993-05-01,281.8593
1993-05-02,282.37125
1993-05-03,282.8832
1993-05-04,283.39514
1993-05-05,283.90707
1993-05-06,284.419
1993-05-07,284.93097
1993-05-08,285.4429
1993-05-09,285.95483
1993-05-10,286.46677
1993-05-11,286.97873
1993-05-12,287.49066
1993-05-13,288.0026
1993-05-14,288.51453
1993-05-15,289.0265
1993-05-16,289.53842
1993-05-17,290.12442
1993-05-18,290.71045
1993-05-19,291.29645
1993-05-20,291.88245
1993-05-21,292.46848
1993-05-22,293.05447
1993-05-23,293.64047
1993-05-24,294.2265
1993-05-25,294.8125
1993-05-26,295.39853
1993-05-27,295.98453
1993-05-28,296.57053
1993-05-29,297.15656
1993-05-30,297.74255
1993-05-31,298.32855
1993-06-01,298.91458
1993-06-02,299.50058
1993-06-03,300.08658
1993-06-04,300.6726
1993-06-05,301.2586
1993-06-06,301.8446
1993-06-07,302.43063
1993-06-08,303.01663
1993-06-09,303.60266
1993-06-10,304.18866
1993-06-11,304.77466
1993-06-12,305.3607
1993-06-13,305.9467
1993-06-14,306.53268
1993-06-15,307.1187
1993-06-16,307.7047
1993-06-17,307.22824
1993-06-18,306.75174
1993-06-19,306.27527
1993-06-20,305.7988
1993-06-21,305.3223
1993-06-22,304.84583
1993-06-23,304.36932
1993-06-24,303.89285
1993-06-25,303.41638
1993-06-26,302.93988
1993-06-27,302.4634
1993-06-28,301.98694
1993-06-29,301.51044
1993-06-30,301.03397
1993-07-01,300.5575
1993-07-02,300.081
1993-07-03,299.60452
1993-07-04,299.12802
1993-07-05,298.65155
1993-07-06,298.17508
1993-07-07,297.69858
1993-07-08,297.2221
1993-07-09,296.74564
1993-07-10,296.26913
1993-07-11,295.79266
1993-07-12,295.31616
1993-07-13,294.8397
1993-07-14,294.36322
1993-07-15,293.88672
1993-07-16,293.41025
1993-07-17,292.70813
1993-07-18,292.00604
1993-07-19,291.30392
1993-07-20,290.60184
1993-07-21,289.89972
1993-07-22,289.19763
1993-07-23,288.4955
1993-07-24,287.79343
1993-07-25,287.0913
1993-07-26,286.38922
1993-07-27,285.6871
1993-07-28,284.98502
1993-07-29,284.2829
1993-07-30,283.5808
1993-07-31,282.8787
1993-08-01,282.1766
1993-08-02,281.4745
1993-08-03,280.7724
1993-08-04,280.07028
1993-08-05,279.3682
1993-08-06,278.66608
1993-08-07,277.964
1993-08-08,277.26187
1993-08-09,276.55978
1993-08-10,275.85767
1993-08-11,275.15558
1993-08-12,274.45346
1993-08-13,273.75137
1993-08-14,273.04926
1993-08-15,272.34717
1993-08-16,271.64505
1993-08-17,271.26575
1993-08-18,270.88644
1993-08-19,270.50714
1993-08-20,270.12787
1993-08-21,269.74857
1993-08-22,269.36926
1993-08-23,268.98996
1993-08-24,268.61066
1993-08-25,268.23135
1993-08-26,267.85205
1993-08-27,267.47275
1993-08-28,267.09348
1993-08-29,266.71417
1993-08-30,266.33487
1993-08-31,265.95557
1993-09-01,265.57626
1993-09-02,265.19696
1993-09-03,264.81766
1993-09-04,264.43835
1993-09-05,264.05908
1993-09-06,263.67978
1993-09-07,263.30048
1993-09-08,262.92117
1993-09-09,262.54187
1993-09-10,262.16257
1993-09-11,261.78326
1993-09-12,261.40396
1993-09-13,261.0247
1993-09-14,260.6454
1993-09-15,260.26608
1993-09-16,259.88678
1993-09-17,259.00433
1993-09-18,258.12192
1993-09-19,257.23947
1993-09-20,256.35703
1993-09-21,255.4746
1993-09-22,254.59215
1993-09-23,253.70972
1993-09-24,252.82727
1993-09-25,251.94484
1993-09-26,251.0624
1993-09-27,250.17996
1993-09-28,249.29752
1993-09-29,248.41508
1993-09-30,247.53264
1993-10-01,246.6502
1993-10-02,245.76778
1993-10-03,244.88533
1993-10-04,244.0029
1993-10-05,243.12045
1993-10-06,242.23802
1993-10-07,241.35558
1993-10-08,240.47314
1993-10-09,239.5907
1993-10-10,238.70827
1993-10-11,237.82582
1993-10-12,236.94339
1993-10-13,236.06094
1993-10-14,235.17851
1993-10-15,234.29607
1993-10-16,233.41364
1993-10-17,232.09055
1993-10-18,230.76744
1993-10-19,229.44435
1993-10-20,228.12126
1993-10-21,226.79817
1993-10-22,225.47507
1993-10-23,224.15198
1993-10-24,222.82889
1993-10-25,221.50578
1993-10-26,220.1827
1993-10-27,218.8596
1993-10-28,217.53651
1993-10-29,216.21341
1993-10-30,214.89032
1993-10-31,213.56723
1993-11-01,212.24413
1993-11-02,210.92104
1993-11-03,209.59795
1993-11-04,208.27484
1993-11-05,206.95175
1993-11-06,205.62866
1993-11-07,204.30557
1993-11-08,202.98247
1993-11-09,201.65938
1993-11-10,200.33629
1993-11-11,199.01318
1993-11-12,197.6901
1993-11-13,196.367
1993-11-14,195.04391
1993-11-15,193.72081
1993-11-16,192.39772
1993-11-17,191.40605
1993-11-18,190.4144
1993-11-19,189.42273
1993-11-20,188.43106
1993-11-21,187.43939
1993-11-22,186.44774
1993-11-23,185.45607
1993-11-24,184.4644
1993-11-25,183.47273
1993-11-26,182.48108
1993-11-27,181.48941
1993-11-28,180.49774
1993-11-29,179.50607
1993-11-30,178.51442
1993-12-01,177.52275
1993-12-02,176.53108
1993-12-03,175.53943
1993-12-04,174.54776
1993-12-05,173.55609
1993-12-06,172.56442
1993-12-07,171.57277
1993-12-08,170.5811
1993-12-09,169.58943
1993-12-10,168.59776
1993-12-11,167.60611
1993-12-12,166.61444
1993-12-13,165.62277
1993-12-14,164.6311
1993-12-15,163.63945
1993-12-16,162.64778
1993-12-17,162.93306
1993-12-18,163.21834
1993-12-19,163.50362
1993-12-20,163.7889
1993-12-21,164.07417
1993-12-22,164.35945
1993-12-23,164.64473
1993-12-24,164.93001
1993-12-25,165.21529
1993-12-26,165.50056
1993-12-27,165.78584
1993-12-28,166.07112
1993-12-29,166.3564
1993-12-30,166.64168
1993-12-31,166.92696
1994-01-01,167.21222
1994-01-02,167.4975
1994-01-03,167.78278
1994-01-04,168.06805
1994-01-05,168.35333
1994-01-06,168.63861
1994-01-07,168.92389
1994-01-08,169.20917
1994-01-09,169.49445
1994-01-10,169.77972
1994-01-11,170.065
1994-01-12,170.35028
1994-01-13,170.63556
1994-01-14,170.92084
1994-01-15,171.20612
1994-01-16,171.4914
1994-01-17,172.17976
1994-01-18,172.86813
1994-01-19,173.5565
1994-01-20,174.24487
1994-01-21,174.93324
1994-01-22,175.62161
1994-01-23,176.30998
1994-01-24,176.99834
1994-01-25,177.6867
1994-01-26,178.37508
1994-01-27,179.06345
1994-01-28,179.75182
1994-01-29,180.44019
1994-01-30,181.12856
1994-01-31,181.81693
1994-02-01,182.5053
1994-02-02,183.19366
1994-02-03,183.88203
1994-02-04,184.5704
1994-02-05,185.25877
1994-02-06,185.94714
1994-02-07,186.63551
1994-02-08,187.32387
1994-02-09,188.01224
1994-02-10,188.7006
1994-02-11,189.38898
1994-02-12,190.07735
1994-02-13,190.76572
1994-02-14,191.45409
1994-02-15,192.14246
1994-02-16,192.86229
1994-02-17,193.58212
1994-02-18,194.30196
1994-02-19,195.02179
1994-02-20,195.74161
1994-02-21,196.46144
1994-02-22,197.18127
1994-02-23,197.90111
1994-02-24,198.62094
1994-02-25,199.34077
1994-02-26,200.06061
1994-02-27,200.78044
1994-02-28,201.50027
1994-03-01,202.22011
1994-03-02,202.93993
1994-03-03,203.65976
1994-03-04,204.3796
1994-03-05,205.09943
1994-03-06,205.81926
1994-03-07,206.5391
1994-03-08,207.25893
1994-03-09,207.97876
1994-03-10,208.6986
1994-03-11,209.41843
1994-03-12,210.13824
1994-03-13,210.85808
1994-03-14,211.57791
1994-03-15,212.29774
1994-03-16,213.01758
1994-03-17,214.35582
1994-03-18,215.69406
1994-03-19,217.0323
1994-03-20,218.37054
1994-03-21,219.70879
1994-03-22,221.04703
1994-03-23,222.38527
1994-03-24,223.72351
1994-03-25,225.06175
1994-03-26,226.4
1994-03-27,227.73824
1994-03-28,229.07648
1994-03-29,230.41472
1994-03-30,231.75296
1994-03-31,233.0912
1994-04-01,234.42946
1994-04-02,235.7677
1994-04-03,237.10594
1994-04-04,238.44418
1994-04-05,239.78242
1994-04-06,241.12067
1994-04-07,242.45891
1994-04-08,243.79715
1994-04-09,245.13539
1994-04-10,246.47363
1994-04-11,247.81187
1994-04-12,249.15012
1994-04-13,250.48836
1994-04-14,251.8266
1994-04-15,253.16484
1994-04-16,254.50308
1994-04-17,255.47072
1994-04-18,256.43835
1994-04-19,257.40598
1994-04-20,258.3736
1994-04-21,259.34122
1994-04-22,260.30887
1994-04-23,261.2765
1994-04-24,262.2441
1994-04-25,263.21173
1994-04-26,264.17938
1994-04-27,265.147
1994-04-28,266.11462
1994-04-29,267.08224
1994-04-30,268.0499
1994-05-01,269.01752
1994-05-02,269.98514
1994-05-03,270.9528
1994-05-04,271.9204
1994-05-05,272.88803
1994-05-06,273.85565
1994-05-07,274.8233
1994-05-08,275.79092
1994-05-09,276.75854
1994-05-10,277.72617
1994-05-11,278.69382
1994-05-12,279.66144
1994-05-13,280.62906
1994-05-14,281.59668
1994-05-15,282.56433
1994-05-16,283.53195
1994-05-17,284.67407
1994-05-18,285.81616
1994-05-19,286.95828
1994-05-20,288.1004
1994-05-21,289.2425
1994-05-22,290.3846
1994-05-23,291.52673
1994-05-24,292.66882
1994-05-25,293.81094
1994-05-26,294.95306
1994-05-27,296.09515
1994-05-28,297.23727
1994-05-29,298.3794
1994-05-30,299.52148
1994-05-31,300.6636
1994-06-01,301.80573
1994-06-02,302.94785
1994-06-03,304.08994
1994-06-04,305.23206
1994-06-05,306.37418
1994-06-06,307.51627
1994-06-07,308.6584
1994-06-08,309.8005
1994-06-09,310.9426
1994-06-10,312.08472
1994-06-11,313.22684
1994-06-12,314.36893
1994-06-13,315.51105
1994-06-14,316.65317
1994-06-15,317.79526
1994-06-16,318.93738
1994-06-17,317.05295
1994-06-18,315.16852
1994-06-19,313.2841
1994-06-20,311.39966
1994-06-21,309.51523
1994-06-22,307.6308
1994-06-23,305.74637
1994-06-24,303.86194
1994-06-25,301.9775
1994-06-26,300.09308
1994-06-27,298.20865
1994-06-28,296.32422
1994-06-29,294.4398
1994-06-30,292.55536
1994-07-01,290.67093
1994-07-02,288.7865
1994-07-03,286.90207
1994-07-04,285.01764
1994-07-05,283.1332
1994-07-06,281.24878
1994-07-07,279.36435
1994-07-08,277.47992
1994-07-09,275.5955
1994-07-10,273.71106
1994-07-11,271.82663
1994-07-12,269.9422
1994-07-13,268.05777
1994-07-14,266.17334
1994-07-15,264.2889
1994-07-16,262.40448
1994-07-17,263.37207
1994-07-18,264.33963
1994-07-19,265.30722
1994-07-20,266.27478
1994-07-21,267.24237
1994-07-22,268.20993
1994-07-23,269.17752
1994-07-24,270.14508
1994-07-25,271.11267
1994-07-26,272.08023
1994-07-27,273.04782
1994-07-28,274.01538
1994-07-29,274.98297
1994-07-30,275.95053
1994-07-31,276.91812
1994-08-01,277.88568
1994-08-02,278.85327
1994-08-03,279.82083
1994-08-04,280.78842
1994-08-05,281.75598
1994-08-06,282.72357
1994-08-07,283.69113
1994-08-08,284.65872
1994-08-09,285.62628
1994-08-10,286.59387
1994-08-11,287.56143
1994-08-12,288.52902
1994-08-13,289.49658
1994-08-14,290.46417
1994-08-15,291.43173
1994-08-16,292.39932
1994-08-17,291.39185
1994-08-18,290.38434
1994-08-19,289.37686
1994-08-20,288.3694
1994-08-21,287.3619
1994-08-22,286.3544
1994-08-23,285.34692
1994-08-24,284.33945
1994-08-25,283.33197
1994-08-26,282.32446
1994-08-27,281.317
1994-08-28,280.3095
1994-08-29,279.30203
1994-08-30,278.29453
1994-08-31,277.28705
1994-09-01,276.27957
1994-09-02,275.2721
1994-09-03,274.2646
1994-09-04,273.2571
1994-09-05,272.24963
1994-09-06,271.24216
1994-09-07,270.23465
1994-09-08,269.22717
1994-09-09,268.2197
1994-09-10,267.21222
1994-09-11,266.2047
1994-09-12,265.19724
1994-09-13,264.18976
1994-09-14,263.18228
1994-09-15,262.17477
1994-09-16,261.1673
1994-09-17,259.3663
1994-09-18,257.56534
1994-09-19,255.76434
1994-09-20,253.96335
1994-09-21,252.16237
1994-09-22,250.36137
1994-09-23,248.5604
1994-09-24,246.7594
1994-09-25,244.95842
1994-09-26,243.15742
1994-09-27,241.35645
1994-09-28,239.55545
1994-09-29,237.75447
1994-09-30,235.95348
1994-10-01,234.1525
1994-10-02,232.35152
1994-10-03,230.55052
1994-10-04,228.74954
1994-10-05,226.94855
1994-10-06,225.14757
1994-10-07,223.34657
1994-10-08,221.5456
1994-10-09,219.7446
1994-10-10,217.94362
1994-10-11,216.14262
1994-10-12,214.34164
1994-10-13,212.54065
1994-10-14,210.73967
1994-10-15,208.93867
1994-10-16,207.1377
1994-10-17,206.66881
1994-10-18,206.19992
1994-10-19,205.73103
1994-10-20,205.26215
1994-10-21,204.79326
1994-10-22,204.32437
1994-10-23,203.85548
1994-10-24,203.3866
1994-10-25,202.91771
1994-10-26,202.44882
1994-10-27,201.97993
1994-10-28,201.51105
1994-10-29,201.04216
1994-10-30,200.57327
1994-10-31,200.10439
1994-11-01,199.63551
1994-11-02,199.16663
1994-11-03,198.69774
1994-11-04,198.22885
1994-11-05,197.75996
1994-11-06,197.29108
1994-11-07,196.82219
1994-11-08,196.3533
1994-11-09,195.88441
1994-11-10,195.41553
1994-11-11,194.94664
1994-11-12,194.47775
1994-11-13,194.00887
1994-11-14,193.53998
1994-11-15,193.07109
1994-11-16,192.6022
1994-11-17,191.37015
1994-11-18,190.13809
1994-11-19,188.90604
1994-11-20,187.67397
1994-11-21,186.44191
1994-11-22,185.20985
1994-11-23,183.9778
1994-11-24,182.74574
1994-11-25,181.51367
1994-11-26,180.28162
1994-11-27,179.04956
1994-11-28,177.8175
1994-11-29,176.58545
1994-11-30,175.3534
1994-12-01,174.12134
1994-12-02,172.88927
1994-12-03,171.65721
1994-12-04,170.42516
1994-12-05,169.1931
1994-12-06,167.96104
1994-12-07,166.72897
1994-12-08,165.49692
1994-12-09,164.26486
1994-12-10,163.0328
1994-12-11,161.80075
1994-12-12,160.5687
1994-12-13,159.33664
1994-12-14,158.10457
1994-12-15,156.87251
1994-12-16,155.64046
1994-12-17,156.51776
1994-12-18,157.39507
1994-12-19,158.27237
1994-12-20,159.14967
1994-12-21,160.02698
1994-12-22,160.90427
1994-12-23,161.78157
1994-12-24,162.65887
1994-12-25,163.53618
1994-12-26,164.41348
1994-12-27,165.29079
1994-12-28,166.16809
1994-12-29,167.0454
1994-12-30,167.9227
1994-12-31,168.8
1995-01-01,169.67729
1995-01-02,170.5546
1995-01-03,171.4319
1995-01-04,172.3092
1995-01-05,173.18651
1995-01-06,174.06381
1995-01-07,174.94112
1995-01-08,175.81842
1995-01-09,176.69572
1995-01-10,177.57303
1995-01-11,178.45032
1995-01-12,179.32762
1995-01-13,180.20493
1995-01-14,181.08223
1995-01-15,181.95953
1995-01-16,182.83684
1995-01-17,184.10059
1995-01-18,185.36435
1995-01-19,186.6281
1995-01-20,187.89186
1995-01-21,189.15561
1995-01-22,190.41937
1995-01-23,191.68312
1995-01-24,192.94687
1995-01-25,194.21063
1995-01-26,195.47438
1995-01-27,196.73814
1995-01-28,198.00189
1995-01-29,199.26566
1995-01-30,200.5294
1995-01-31,201.79315
1995-02-01,203.05692
1995-02-02,204.32066
1995-02-03,205.58443
1995-02-04,206.84818
1995-02-05,208.11194
1995-02-06,209.37569
1995-02-07,210.63945
1995-02-08,211.9032
1995-02-09,213.16695
1995-02-10,214.43071
1995-02-11,215.69446
1995-02-12,216.95822
1995-02-13,218.22197
1995-02-14,219.48573
1995-02-15,220.74948
1995-02-16,222.25792
1995-02-17,223.76636
1995-02-18,225.2748
1995-02-19,226.78323
1995-02-20,228.29167
1995-02-21,229.80011
1995-02-22,231.30855
1995-02-23,232.81699
1995-02-24,234.32542
1995-02-25,235.83386
1995-02-26,237.3423
1995-02-27,238.85074
1995-02-28,240.35918
1995-03-01,241.86761
1995-03-02,243.37604
1995-03-03,244.88448
1995-03-04,246.39291
1995-03-05,247.90135
1995-03-06,249.40979
1995-03-07,250.91823
1995-03-08,252.42667
1995-03-09,253.9351
1995-03-10,255.44354
1995-03-11,256.952
1995-03-12,258.46042
1995-03-13,259.96887
1995-03-14,261.4773
1995-03-15,262.98575
1995-03-16,264.49417
1995-03-17,265.07483
1995-03-18,265.6555
1995-03-19,266.23618
1995-03-20,266.81683
1995-03-21,267.3975
1995-03-22,267.97815
1995-03-23,268.5588
1995-03-24,269.1395
1995-03-25,269.72015
1995-03-26,270.3008
1995-03-27,270.88147
1995-03-28,271.46213
1995-03-29,272.04282
1995-03-30,272.62347
1995-03-31,273.20413
1995-04-01,273.7848
1995-04-02,274.36545
1995-04-03,274.9461
1995-04-04,275.5268
1995-04-05,276.10745
1995-04-06,276.6881
1995-04-07,277.26877
1995-04-08,277.84943
1995-04-09,278.4301
1995-04-10,279.01077
1995-04-11,279.59143
1995-04-12,280.1721
1995-04-13,280.75275
1995-04-14,281.33344
1995-04-15,281.9141
1995-04-16,282.49475
1995-04-17,283.36185
1995-04-18,284.22894
1995-04-19,285.09604
1995-04-20,285.96313
1995-04-21,286.83023
1995-04-22,287.69733
1995-04-23,288.56442
1995-04-24,289.43152
1995-04-25,290.2986
1995-04-26,291.1657
1995-04-27,292.0328
1995-04-28,292.8999
1995-04-29,293.767
1995-04-30,294.6341
1995-05-01,295.5012
1995-05-02,296.3683
1995-05-03,297.23538
1995-05-04,298.10248
1995-05-05,298.96957
1995-05-06,299.83667
1995-05-07,300.70377
1995-05-08,301.57086
1995-05-09,302.43796
1995-05-10,303.30505
1995-05-11,304.17215
1995-05-12,305.03925
1995-05-13,305.90634
1995-05-14,306.77344
1995-05-15,307.64053
1995-05-16,308.50763
1995-05-17,308.84988
1995-05-18,309.19214
1995-05-19,309.5344
1995-05-20,309.87662
1995-05-21,310.21887
1995-05-22,310.56113
1995-05-23,310.90338
1995-05-24,311.24564
1995-05-25,311.5879
1995-05-26,311.9301
1995-05-27,312.27237
1995-05-28,312.61462
1995-05-29,312.95688
1995-05-30,313.29913
1995-05-31,313.6414
1995-06-01,313.9836
1995-06-02,314.32587
1995-06-03,314.66812
1995-06-04,315.01038
1995-06-05,315.35263
1995-06-06,315.6949
1995-06-07,316.0371
1995-06-08,316.37936
1995-06-09,316.72162
1995-06-10,317.06387
1995-06-11,317.40613
1995-06-12,317.74838
1995-06-13,318.0906
1995-06-14,318.43286
1995-06-15,318.77512
1995-06-16,319.11737
1995-06-17,318.76083
1995-06-18,318.40427
1995-06-19,318.04773
1995-06-20,317.6912
1995-06-21,317.33466
1995-06-22,316.9781
1995-06-23,316.62155
1995-06-24,316.265
1995-06-25,315.90848
1995-06-26,315.5519
1995-06-27,315.19537
1995-06-28,314.83884
1995-06-29,314.4823
1995-06-30,314.12573
1995-07-01,313.7692
1995-07-02,313.41266
1995-07-03,313.0561
1995-07-04,312.69955
1995-07-05,312.34302
1995-07-06,311.98648
1995-07-07,311.6299
1995-07-08,311.27338
1995-07-09,310.91684
1995-07-10,310.5603
1995-07-11,310.20374
1995-07-12,309.8472
1995-07-13,309.49066
1995-07-14,309.13412
1995-07-15,308.77756
1995-07-16,308.42102
1995-07-17,307.8665
1995-07-18,307.31195
1995-07-19,306.75742
1995-07-20,306.20288
1995-07-21,305.64835
1995-07-22,305.0938
1995-07-23,304.53928
1995-07-24,303.98474
1995-07-25,303.4302
1995-07-26,302.87567
1995-07-27,302.32114
1995-07-28,301.7666
1995-07-29,301.21207
1995-07-30,300.65753
1995-07-31,300.103
1995-08-01,299.54846
1995-08-02,298.99393
1995-08-03,298.4394
1995-08-04,297.88486
1995-08-05,297.33032
1995-08-06,296.7758
1995-08-07,296.22125
1995-08-08,295.66672
1995-08-09,295.11218
1995-08-10,294.55765
1995-08-11,294.0031
1995-08-12,293.44858
1995-08-13,292.89404
1995-08-14,292.3395
1995-08-15,291.78497
1995-08-16,291.23044
1995-08-17,290.5614
1995-08-18,289.89236
1995-08-19,289.22333
1995-08-20,288.55432
1995-08-21,287.88528
1995-08-22,287.21625
1995-08-23,286.5472
1995-08-24,285.87817
1995-08-25,285.20914
1995-08-26,284.54013
1995-08-27,283.8711
1995-08-28,283.20206
1995-08-29,282.53302
1995-08-30,281.86398
1995-08-31,281.19495
1995-09-01,280.52594
1995-09-02,279.8569
1995-09-03,279.18787
1995-09-04,278.51883
1995-09-05,277.8498
1995-09-06,277.18076
1995-09-07,276.51175
1995-09-08,275.8427
1995-09-09,275.17368
1995-09-10,274.50464
1995-09-11,273.8356
1995-09-12,273.16656
1995-09-13,272.49756
1995-09-14,271.82852
1995-09-15,271.1595
1995-09-16,270.49045
1995-09-17,268.66037
1995-09-18,266.8303
1995-09-19,265.0002
1995-09-20,263.17014
1995-09-21,261.34006
1995-09-22,259.50998
1995-09-23,257.6799
1995-09-24,255.84982
1995-09-25,254.01974
1995-09-26,252.18967
1995-09-27,250.35959
1995-09-28,248.52951
1995-09-29,246.69943
1995-09-30,244.86935
1995-10-01,243.03928
1995-10-02,241.20918
1995-10-03,239.3791
1995-10-04,237.54903
1995-10-05,235.71895
1995-10-06,233.88887
1995-10-07,232.05879
1995-10-08,230.22871
1995-10-09,228.39864
1995-10-10,226.56856
1995-10-11,224.73848
1995-10-12,222.9084
1995-10-13,221.07832
1995-10-14,219.24825
1995-10-15,217.41817
1995-10-16,215.58809
1995-10-17,214.69298
1995-10-18,213.79785
1995-10-19,212.90274
1995-10-20,212.00763
1995-10-21,211.11252
1995-10-22,210.21739
1995-10-23,209.32228
1995-10-24,208.42717
1995-10-25,207.53204
1995-10-26,206.63693
1995-10-27,205.74182
1995-10-28,204.84671
1995-10-29,203.95158
1995-10-30,203.05647
1995-10-31,202.16136
1995-11-01,201.26624
1995-11-02,200.37112
1995-11-03,199.47601
1995-11-04,198.58089
1995-11-05,197.68578
1995-11-06,196.79066
1995-11-07,195.89555
1995-11-08,195.00043
1995-11-09,194.10532
1995-11-10,193.2102
1995-11-11,192.31508
1995-11-12,191.41997
1995-11-13,190.52486
1995-11-14,189.62975
1995-11-15,188.73462
1995-11-16,187.83951
1995-11-17,186.61469
1995-11-18,185.38986
1995-11-19,184.16504
1995-11-20,182.94022
1995-11-21,181.7154
1995-11-22,180.49057
1995-11-23,179.26575
1995-11-24,178.04092
1995-11-25,176.8161
1995-11-26,175.59128
1995-11-27,174.36646
1995-11-28,173.14163
1995-11-29,171.91681
1995-11-30,170.69199
1995-12-01,169.46716
1995-12-02,168.24234
1995-12-03,167.01752
1995-12-04,165.7927
1995-12-05,164.56787
1995-12-06,163.34305
1995-12-07,162.11823
1995-12-08,160.8934
1995-12-09,159.66858
1995-12-10,158.44376
1995-12-11,157.21893
1995-12-12,155.99411
1995-12-13,154.76929
1995-12-14,153.54446
1995-12-15,152.31964
1995-12-16,151.09482
1995-12-17,151.32523
1995-12-18,151.55565
1995-12-19,151.78606
1995-12-20,152.01646
1995-12-21,152.24689
1995-12-22,152.4773
1995-12-23,152.7077
1995-12-24,152.93813
1995-12-25,153.16853
1995-12-26,153.39896
1995-12-27,153.62936
1995-12-28,153.85977
1995-12-29,154.0902
1995-12-30,154.3206
1995-12-31,154.55101
1996-01-01,154.78143
1996-01-02,155.01184
1996-01-03,155.24225
1996-01-04,155.47267
1996-01-05,155.70308
1996-01-06,155.93349
1996-01-07,156.16391
1996-01-08,156.39432
1996-01-09,156.62474
1996-01-10,156.85515
1996-01-11,157.08556
1996-01-12,157.31598
1996-01-13,157.54639
1996-01-14,157.7768
1996-01-15,158.00722
1996-01-16,158.23763
1996-01-17,159.9635
1996-01-18,161.68936
1996-01-19,163.41522
1996-01-20,165.1411
1996-01-21,166.86697
1996-01-22,168.59283
1996-01-23,170.3187
1996-01-24,172.04457
1996-01-25,173.77045
1996-01-26,175.4963
1996-01-27,177.22217
1996-01-28,178.94804
1996-01-29,180.67392
1996-01-30,182.39978
1996-01-31,184.12564
1996-02-01,185.85152
1996-02-02,187.5774
1996-02-03,189.30325
1996-02-04,191.02911
1996-02-05,192.75499
1996-02-06,194.48087
1996-02-07,196.20673
1996-02-08,197.93259
1996-02-09,199.65846
1996-02-10,201.38434
1996-02-11,203.1102
1996-02-12,204.83606
1996-02-13,206.56194
1996-02-14,208.28781
1996-02-15,210.01367
1996-02-16,211.16096
1996-02-17,212.30827
1996-02-18,213.45557
1996-02-19,214.60287
1996-02-20,215.75017
1996-02-21,216.89746
1996-02-22,218.04477
1996-02-23,219.19206
1996-02-24,220.33937
1996-02-25,221.48666
1996-02-26,222.63396
1996-02-27,223.78127
1996-02-28,224.92856
1996-02-29,226.07587
1996-03-01,227.22316
1996-03-02,228.37045
1996-03-03,229.51776
1996-03-04,230.66505
1996-03-05,231.81236
1996-03-06,232.95966
1996-03-07,234.10695
1996-03-08,235.25426
1996-03-09,236.40155
1996-03-10,237.54886
1996-03-11,238.69615
1996-03-12,239.84344
1996-03-13,240.99075
1996-03-14,242.13805
1996-03-15,243.28535
1996-03-16,244.43265
1996-03-17,245.02705
1996-03-18,245.62148
1996-03-19,246.21588
1996-03-20,246.81029
1996-03-21,247.40471
1996-03-22,247.99911
1996-03-23,248.59352
1996-03-24,249.18794
1996-03-25,249.78235
1996-03-26,250.37677
1996-03-27,250.97118
1996-03-28,251.56558
1996-03-29,252.16
1996-03-30,252.75441
1996-03-31,253.34882
1996-04-01,253.94324
1996-04-02,254.53764
1996-04-03,255.13205
1996-04-04,255.72647
1996-04-05,256.3209
1996-04-06,256.91528
1996-04-07,257.5097
1996-04-08,258.10413
1996-04-09,258.69852
1996-04-10,259.29294
1996-04-11,259.88736
1996-04-12,260.48175
1996-04-13,261.07617
1996-04-14,261.6706
1996-04-15,262.26498
1996-04-16,262.8594
1996-04-17,264.48105
1996-04-18,266.1027
1996-04-19,267.72433
1996-04-20,269.34598
1996-04-21,270.96762
1996-04-22,272.58926
1996-04-23,274.2109
1996-04-24,275.83252
1996-04-25,277.45416
1996-04-26,279.0758
1996-04-27,280.69745
1996-04-28,282.3191
1996-04-29,283.94073
1996-04-30,285.56238
1996-05-01,287.18402
1996-05-02,288.80566
1996-05-03,290.4273
1996-05-04,292.04895
1996-05-05,293.6706
1996-05-06,295.29224
1996-05-07,296.91388
1996-05-08,298.53552
1996-05-09,300.15714
1996-05-10,301.77878
1996-05-11,303.40042
1996-05-12,305.02206
1996-05-13,306.6437
1996-05-14,308.26535
1996-05-15,309.887
1996-05-16,311.50864
1996-05-17,311.64417
1996-05-18,311.77966
1996-05-19,311.9152
1996-05-20,312.0507
1996-05-21,312.18622
1996-05-22,312.32175
1996-05-23,312.45724
1996-05-24,312.59277
1996-05-25,312.7283
1996-05-26,312.8638
1996-05-27,312.99933
1996-05-28,313.13483
1996-05-29,313.27036
1996-05-30,313.40588
1996-05-31,313.54138
1996-06-01,313.6769
1996-06-02,313.8124
1996-06-03,313.94794
1996-06-04,314.08347
1996-06-05,314.21896
1996-06-06,314.3545
1996-06-07,314.49
1996-06-08,314.62552
1996-06-09,314.76105
1996-06-10,314.89655
1996-06-11,315.03207
1996-06-12,315.1676
1996-06-13,315.3031
1996-06-14,315.43863
1996-06-15,315.57413
1996-06-16,315.70966
1996-06-17,315.04797
1996-06-18,314.38632
1996-06-19,313.72467
1996-06-20,313.063
1996-06-21,312.4013
1996-06-22,311.73965
1996-06-23,311.078
1996-06-24,310.41632
1996-06-25,309.75464
1996-06-26,309.093
1996-06-27,308.43134
1996-06-28,307.76965
1996-06-29,307.10797
1996-06-30,306.44632
1996-07-01,305.78467
1996-07-02,305.123
1996-07-03,304.4613
1996-07-04,303.79965
1996-07-05,303.138
1996-07-06,302.47632
1996-07-07,301.81464
1996-07-08,301.15298
1996-07-09,300.49133
1996-07-10,299.82965
1996-07-11,299.16797
1996-07-12,298.50632
1996-07-13,297.84467
1996-07-14,297.18298
1996-07-15,296.5213
1996-07-16,295.85965
1996-07-17,294.71713
1996-07-18,293.57462
1996-07-19,292.43207
1996-07-20,291.28955
1996-07-21,290.14703
1996-07-22,289.00452
1996-07-23,287.862
1996-07-24,286.71945
1996-07-25,285.57693
1996-07-26,284.43442
1996-07-27,283.2919
1996-07-28,282.14938
1996-07-29,281.00684
1996-07-30,279.86432
1996-07-31,278.7218
1996-08-01,277.57928
1996-08-02,276.43677
1996-08-03,275.29425
1996-08-04,274.1517
1996-08-05,273.0092
1996-08-06,271.86667
1996-08-07,270.72415
1996-08-08,269.58163
1996-08-09,268.4391
1996-08-10,267.29657
1996-08-11,266.15405
1996-08-12,265.01154
1996-08-13,263.86902
1996-08-14,262.72647
1996-08-15,261.58395
1996-08-16,260.44144
1996-08-17,258.68695
1996-08-18,256.93246
1996-08-19,255.17798
1996-08-20,253.4235
1996-08-21,251.669
1996-08-22,249.91452
1996-08-23,248.16003
1996-08-24,246.40553
1996-08-25,244.65105
1996-08-26,242.89656
1996-08-27,241.14207
1996-08-28,239.38759
1996-08-29,237.6331
1996-08-30,235.87862
1996-08-31,234.12413
1996-09-01,232.36964
1996-09-02,230.61516
1996-09-03,228.86067
1996-09-04,227.10619
1996-09-05,225.3517
1996-09-06,223.59721
1996-09-07,221.84273
1996-09-08,220.08824
1996-09-09,218.33374
1996-09-10,216.57925
1996-09-11,214.82477
1996-09-12,213.07028
1996-09-13,211.3158
1996-09-14,209.56131
1996-09-15,207.80682
1996-09-16,206.05234
1996-09-17,206.47409
1996-09-18,206.89583
1996-09-19,207.31757
1996-09-20,207.73932
1996-09-21,208.16107
1996-09-22,208.58281
1996-09-23,209.00455
1996-09-24,209.4263
1996-09-25,209.84805
1996-09-26,210.26979
1996-09-27,210.69153
1996-09-28,211.11328
1996-09-29,211.53503
1996-09-30,211.95677
1996-10-01,212.37851
1996-10-02,212.80026
1996-10-03,213.22202
1996-10-04,213.64375
1996-10-05,214.06549
1996-10-06,214.48724
1996-10-07,214.909
1996-10-08,215.33073
1996-10-09,215.75247
1996-10-10,216.17422
1996-10-11,216.59598
1996-10-12,217.01772
1996-10-13,217.43945
1996-10-14,217.8612
1996-10-15,218.28296
1996-10-16,218.7047
1996-10-17,217.99567
1996-10-18,217.28664
1996-10-19,216.5776
1996-10-20,215.86858
1996-10-21,215.15955
1996-10-22,214.45052
1996-10-23,213.74149
1996-10-24,213.03247
1996-10-25,212.32344
1996-10-26,211.61441
1996-10-27,210.90538
1996-10-28,210.19635
1996-10-29,209.48732
1996-10-30,208.77829
1996-10-31,208.06926
1996-11-01,207.36023
1996-11-02,206.6512
1996-11-03,205.94217
1996-11-04,205.23314
1996-11-05,204.52411
1996-11-06,203.81508
1996-11-07,203.10605
1996-11-08,202.39702
1996-11-09,201.688
1996-11-10,200.97897
1996-11-11,200.26994
1996-11-12,199.56091
1996-11-13,198.85188
1996-11-14,198.14285
1996-11-15,197.43382
1996-11-16,196.7248
1996-11-17,195.62155
1996-11-18,194.51833
1996-11-19,193.41508
1996-11-20,192.31186
1996-11-21,191.20862
1996-11-22,190.10538
1996-11-23,189.00215
1996-11-24,187.89891
1996-11-25,186.79568
1996-11-26,185.69244
1996-11-27,184.5892
1996-11-28,183.48598
1996-11-29,182.38274
1996-11-30,181.27951
1996-12-01,180.17627
1996-12-02,179.07303
1996-12-03,177.9698
1996-12-04,176.86656
1996-12-05,175.76334
1996-12-06,174.6601
1996-12-07,173.55685
1996-12-08,172.45363
1996-12-09,171.35039
1996-12-10,170.24716
1996-12-11,169.14392
1996-12-12,168.04068
1996-12-13,166.93745
1996-12-14,165.83421
1996-12-15,164.73099
1996-12-16,163.62775
1996-12-17,163.97313
1996-12-18,164.3185
1996-12-19,164.66388
1996-12-20,165.00925
1996-12-21,165.35463
1996-12-22,165.70001
1996-12-23,166.04538
1996-12-24,166.39076
1996-12-25,166.73615
1996-12-26,167.08151
1996-12-27,167.4269
1996-12-28,167.77226
1996-12-29,168.11765
1996-12-30,168.46303
1996-12-31,168.8084
1997-01-01,169.15378
1997-01-02,169.49915
1997-01-03,169.84453
1997-01-04,170.18991
1997-01-05,170.53528
1997-01-06,170.88066
1997-01-07,171.22603
1997-01-08,171.57141
1997-01-09,171.9168
1997-01-10,172.26216
1997-01-11,172.60754
1997-01-12,172.95293
1997-01-13,173.2983
1997-01-14,173.64368
1997-01-15,173.98904
1997-01-16,174.33443
1997-01-17,175.21107
1997-01-18,176.08772
1997-01-19,176.96439
1997-01-20,177.84103
1997-01-21,178.71768
1997-01-22,179.59433
1997-01-23,180.471
1997-01-24,181.34764
1997-01-25,182.22429
1997-01-26,183.10094
1997-01-27,183.9776
1997-01-28,184.85425
1997-01-29,185.7309
1997-01-30,186.60754
1997-01-31,187.48419
1997-02-01,188.36086
1997-02-02,189.2375
1997-02-03,190.11415
1997-02-04,190.9908
1997-02-05,191.86746
1997-02-06,192.74411
1997-02-07,193.62076
1997-02-08,194.4974
1997-02-09,195.37407
1997-02-10,196.25072
1997-02-11,197.12737
1997-02-12,198.00401
1997-02-13,198.88068
1997-02-14,199.75732
1997-02-15,200.63397
1997-02-16,201.95497
1997-02-17,203.27596
1997-02-18,204.59695
1997-02-19,205.91794
1997-02-20,207.23894
1997-02-21,208.55994
1997-02-22,209.88092
1997-02-23,211.20192
1997-02-24,212.5229
1997-02-25,213.8439
1997-02-26,215.16489
1997-02-27,216.48589
1997-02-28,217.80688
1997-03-01,219.12787
1997-03-02,220.44887
1997-03-03,221.76985
1997-03-04,223.09085
1997-03-05,224.41185
1997-03-06,225.73283
1997-03-07,227.05383
1997-03-08,228.37482
1997-03-09,229.69582
1997-03-10,231.0168
1997-03-11,232.3378
1997-03-12,233.6588
1997-03-13,234.97978
1997-03-14,236.30078
1997-03-15,237.62177
1997-03-16,238.94276
1997-03-17,240.20497
1997-03-18,241.46716
1997-03-19,242.72937
1997-03-20,243.99158
1997-03-21,245.25378
1997-03-22,246.51598
1997-03-23,247.77818
1997-03-24,249.04039
1997-03-25,250.30258
1997-03-26,251.56479
1997-03-27,252.827
1997-03-28,254.0892
1997-03-29,255.3514
1997-03-30,256.6136
1997-03-31,257.8758
1997-04-01,259.138
1997-04-02,260.4002
1997-04-03,261.6624
1997-04-04,262.92462
1997-04-05,264.18683
1997-04-06,265.449
1997-04-07,266.7112
1997-04-08,267.97342
1997-04-09,269.23563
1997-04-10,270.49783
1997-04-11,271.76004
1997-04-12,273.02225
1997-04-13,274.28442
1997-04-14,275.54663
1997-04-15,276.80884
1997-04-16,278.07104
1997-04-17,278.9221
1997-04-18,279.77316
1997-04-19,280.6242
1997-04-20,281.47525
1997-04-21,282.32632
1997-04-22,283.17737
1997-04-23,284.02844
1997-04-24,284.8795
1997-04-25,285.73053
1997-04-26,286.5816
1997-04-27,287.43265
1997-04-28,288.2837
1997-04-29,289.13477
1997-04-30,289.9858
1997-05-01,290.83685
1997-05-02,291.68793
1997-05-03,292.53897
1997-05-04,293.39005
1997-05-05,294.2411
1997-05-06,295.09213
1997-05-07,295.9432
1997-05-08,296.79425
1997-05-09,297.6453
1997-05-10,298.49637
1997-05-11,299.3474
1997-05-12,300.1985
1997-05-13,301.04953
1997-05-14,301.90057
1997-05-15,302.75165
1997-05-16,303.6027
1997-05-17,303.95657
1997-05-18,304.3105
1997-05-19,304.66437
1997-05-20,305.01825
1997-05-21,305.37213
1997-05-22,305.72604
1997-05-23,306.07993
1997-05-24,306.4338
1997-05-25,306.7877
1997-05-26,307.1416
1997-05-27,307.49548
1997-05-28,307.84937
1997-05-29,308.20325
1997-05-30,308.55716
1997-05-31,308.91104
1997-06-01,309.26492
1997-06-02,309.6188
1997-06-03,309.97272
1997-06-04,310.3266
1997-06-05,310.68048
1997-06-06,311.03436
1997-06-07,311.38828
1997-06-08,311.74216
1997-06-09,312.09604
1997-06-10,312.44992
1997-06-11,312.80383
1997-06-12,313.1577
1997-06-13,313.5116
1997-06-14,313.86548
1997-06-15,314.2194
1997-06-16,314.57327
1997-06-17,314.29095
1997-06-18,314.00867
1997-06-19,313.72635
1997-06-20,313.44403
1997-06-21,313.16174
1997-06-22,312.87943
1997-06-23,312.59714
1997-06-24,312.31482
1997-06-25,312.0325
1997-06-26,311.7502
1997-06-27,311.4679
1997-06-28,311.18558
1997-06-29,310.9033
1997-06-30,310.62097
1997-07-01,310.33868
1997-07-02,310.05637
1997-07-03,309.77405
1997-07-04,309.49176
1997-07-05,309.20944
1997-07-06,308.92712
1997-07-07,308.64484
1997-07-08,308.36252
1997-07-09,308.0802
1997-07-10,307.7979
1997-07-11,307.5156
1997-07-12,307.2333
1997-07-13,306.951
1997-07-14,306.66867
1997-07-15,306.38638
1997-07-16,306.10406
1997-07-17,304.8433
1997-07-18,303.58252
1997-07-19,302.32175
1997-07-20,301.06097
1997-07-21,299.8002
1997-07-22,298.53943
1997-07-23,297.27866
1997-07-24,296.01785
1997-07-25,294.75708
1997-07-26,293.4963
1997-07-27,292.23553
1997-07-28,290.97476
1997-07-29,289.714
1997-07-30,288.45322
1997-07-31,287.19244
1997-08-01,285.93167
1997-08-02,284.6709
1997-08-03,283.41013
1997-08-04,282.14935
1997-08-05,280.88858
1997-08-06,279.6278
1997-08-07,278.36703
1997-08-08,277.10626
1997-08-09,275.84546
1997-08-10,274.5847
1997-08-11,273.3239
1997-08-12,272.06314
1997-08-13,270.80237
1997-08-14,269.5416
1997-08-15,268.28082
1997-08-16,267.02005
1997-08-17,266.4237
1997-08-18,265.82733
1997-08-19,265.231
1997-08-20,264.63464
1997-08-21,264.03827
1997-08-22,263.44193
1997-08-23,262.84555
1997-08-24,262.2492
1997-08-25,261.65286
1997-08-26,261.0565
1997-08-27,260.46014
1997-08-28,259.8638
1997-08-29,259.26743
1997-08-30,258.67108
1997-08-31,258.0747
1997-09-01,257.47836
1997-09-02,256.88202
1997-09-03,256.28564
1997-09-04,255.6893
1997-09-05,255.09294
1997-09-06,254.49658
1997-09-07,253.90024
1997-09-08,253.30388
1997-09-09,252.70752
1997-09-10,252.11116
1997-09-11,251.51482
1997-09-12,250.91846
1997-09-13,250.3221
1997-09-14,249.72574
1997-09-15,249.1294
1997-09-16,248.53304
1997-09-17,247.3319
1997-09-18,246.13075
1997-09-19,244.92961
1997-09-20,243.72847
1997-09-21,242.52731
1997-09-22,241.32617
1997-09-23,240.12503
1997-09-24,238.92389
1997-09-25,237.72275
1997-09-26,236.5216
1997-09-27,235.32047
1997-09-28,234.11932
1997-09-29,232.91818
1997-09-30,231.71704
1997-10-01,230.5159
1997-10-02,229.31474
1997-10-03,228.1136
1997-10-04,226.91246
1997-10-05,225.71132
1997-10-06,224.51018
1997-10-07,223.30904
1997-10-08,222.1079
1997-10-09,220.90675
1997-10-10,219.70561
1997-10-11,218.50446
1997-10-12,217.30331
1997-10-13,216.10217
1997-10-14,214.90103
1997-10-15,213.69989
1997-10-16,212.49875
1997-10-17,211.25996
1997-10-18,210.02118
1997-10-19,208.7824
1997-10-20,207.54361
1997-10-21,206.30482
1997-10-22,205.06604
1997-10-23,203.82726
1997-10-24,202.58847
1997-10-25,201.34969
1997-10-26,200.1109
1997-10-27,198.87212
1997-10-28,197.63333
1997-10-29,196.39455
1997-10-30,195.15576
1997-10-31,193.91698
1997-11-01,192.6782
1997-11-02,191.43942
1997-11-03,190.20064
1997-11-04,188.96185
1997-11-05,187.72307
1997-11-06,186.48428
1997-11-07,185.2455
1997-11-08,184.00671
1997-11-09,182.76793
1997-11-10,181.52914
1997-11-11,180.29036
1997-11-12,179.05157
1997-11-13,177.81279
1997-11-14,176.574
1997-11-15,175.33522
1997-11-16,174.09644
1997-11-17,174.03603
1997-11-18,173.97562
1997-11-19,173.9152
1997-11-20,173.8548
1997-11-21,173.7944
1997-11-22,173.734
1997-11-23,173.67358
1997-11-24,173.61317
1997-11-25,173.55276
1997-11-26,173.49236
1997-11-27,173.43195
1997-11-28,173.37154
1997-11-29,173.31113
1997-11-30,173.25072
1997-12-01,173.1903
1997-12-02,173.12991
1997-12-03,173.0695
1997-12-04,173.0091
1997-12-05,172.94868
1997-12-06,172.88828
1997-12-07,172.82787
1997-12-08,172.76746
1997-12-09,172.70705
1997-12-10,172.64664
1997-12-11,172.58624
1997-12-12,172.52583
1997-12-13,172.46542
1997-12-14,172.40501
1997-12-15,172.3446
1997-12-16,172.2842
1997-12-17,172.23775
1997-12-18,172.1913
1997-12-19,172.14485
1997-12-20,172.0984
1997-12-21,172.05196
1997-12-22,172.00551
1997-12-23,171.95906
1997-12-24,171.91261
1997-12-25,171.86617
1997-12-26,171.81972
1997-12-27,171.77327
1997-12-28,171.72682
1997-12-29,171.68037
1997-12-30,171.63393
1997-12-31,171.58748
1998-01-01,171.54102
1998-01-02,171.49457
1998-01-03,171.44812
1998-01-04,171.40167
1998-01-05,171.35522
1998-01-06,171.30878
1998-01-07,171.26233
1998-01-08,171.21588
1998-01-09,171.16943
1998-01-10,171.12299
1998-01-11,171.07654
1998-01-12,171.03009
1998-01-13,170.98364
1998-01-14,170.9372
1998-01-15,170.89075
1998-01-16,170.8443
1998-01-17,172.30565
1998-01-18,173.767
1998-01-19,175.22833
1998-01-20,176.68968
1998-01-21,178.15103
1998-01-22,179.61238
1998-01-23,181.07373
1998-01-24,182.53508
1998-01-25,183.99643
1998-01-26,185.45776
1998-01-27,186.91911
1998-01-28,188.38046
1998-01-29,189.84181
1998-01-30,191.30316
1998-01-31,192.7645
1998-02-01,194.22585
1998-02-02,195.6872
1998-02-03,197.14854
1998-02-04,198.6099
1998-02-05,200.07124
1998-02-06,201.5326
1998-02-07,202.99393
1998-02-08,204.45528
1998-02-09,205.91663
1998-02-10,207.37798
1998-02-11,208.83932
1998-02-12,210.30066
1998-02-13,211.76201
1998-02-14,213.22336
1998-02-15,214.68471
1998-02-16,215.26526
1998-02-17,215.84581
1998-02-18,216.42636
1998-02-19,217.00693
1998-02-20,217.58748
1998-02-21,218.16803
1998-02-22,218.74858
1998-02-23,219.32913
1998-02-24,219.90968
1998-02-25,220.49023
1998-02-26,221.0708
1998-02-27,221.65135
1998-02-28,222.2319
1998-03-01,222.81245
1998-03-02,223.393
1998-03-03,223.97356
1998-03-04,224.55411
1998-03-05,225.13466
1998-03-06,225.71523
1998-03-07,226.29578
1998-03-08,226.87633
1998-03-09,227.45688
1998-03-10,228.03743
1998-03-11,228.61798
1998-03-12,229.19853
1998-03-13,229.7791
1998-03-14,230.35965
1998-03-15,230.9402
1998-03-16,231.52075
1998-03-17,233.13083
1998-03-18,234.74089
1998-03-19,236.35097
1998-03-20,237.96103
1998-03-21,239.5711
1998-03-22,241.18118
1998-03-23,242.79124
1998-03-24,244.40132
1998-03-25,246.0114
1998-03-26,247.62146
1998-03-27,249.23154
1998-03-28,250.8416
1998-03-29,252.45168
1998-03-30,254.06175
1998-03-31,255.67181
1998-04-01,257.2819
1998-04-02,258.89197
1998-04-03,260.50204
1998-04-04,262.1121
1998-04-05,263.72217
1998-04-06,265.33224
1998-04-07,266.94232
1998-04-08,268.5524
1998-04-09,270.16245
1998-04-10,271.77252
1998-04-11,273.3826
1998-04-12,274.99268
1998-04-13,276.60275
1998-04-14,278.2128
1998-04-15,279.82288
1998-04-16,281.43295
1998-04-17,281.8766
1998-04-18,282.32025
1998-04-19,282.7639
1998-04-20,283.20755
1998-04-21,283.65118
1998-04-22,284.09482
1998-04-23,284.53848
1998-04-24,284.98212
1998-04-25,285.42578
1998-04-26,285.86942
1998-04-27,286.31305
1998-04-28,286.7567
1998-04-29,287.20035
1998-04-30,287.644
1998-05-01,288.08765
1998-05-02,288.53128
1998-05-03,288.97495
1998-05-04,289.41858
1998-05-05,289.86224
1998-05-06,290.30588
1998-05-07,290.7495
1998-05-08,291.19318
1998-05-09,291.6368
1998-05-10,292.08047
1998-05-11,292.5241
1998-05-12,292.96774
1998-05-13,293.4114
1998-05-14,293.85504
1998-05-15,294.2987
1998-05-16,294.74234
1998-05-17,295.3155
1998-05-18,295.8886
1998-05-19,296.46176
1998-05-20,297.03488
1998-05-21,297.60803
1998-05-22,298.18118
1998-05-23,298.7543
1998-05-24,299.32745
1998-05-25,299.9006
1998-05-26,300.47372
1998-05-27,301.04688
1998-05-28,301.62
1998-05-29,302.19315
1998-05-30,302.7663
1998-05-31,303.33942
1998-06-01,303.91257
1998-06-02,304.4857
1998-06-03,305.05884
1998-06-04,305.632
1998-06-05,306.2051
1998-06-06,306.77826
1998-06-07,307.35138
1998-06-08,307.92453
1998-06-09,308.49768
1998-06-10,309.0708
1998-06-11,309.64395
1998-06-12,310.2171
1998-06-13,310.79022
1998-06-14,311.36337
1998-06-15,311.9365
1998-06-16,312.50964
1998-06-17,311.99786
1998-06-18,311.4861
1998-06-19,310.97433
1998-06-20,310.4626
1998-06-21,309.9508
1998-06-22,309.43903
1998-06-23,308.92728
1998-06-24,308.4155
1998-06-25,307.90375
1998-06-26,307.39197
1998-06-27,306.8802
1998-06-28,306.36844
1998-06-29,305.85666
1998-06-30,305.3449
1998-07-01,304.83313
1998-07-02,304.32135
1998-07-03,303.8096
1998-07-04,303.29782
1998-07-05,302.78607
1998-07-06,302.2743
1998-07-07,301.7625
1998-07-08,301.25076
1998-07-09,300.73898
1998-07-10,300.22723
1998-07-11,299.71545
1998-07-12,299.20367
1998-07-13,298.69193
1998-07-14,298.18015
1998-07-15,297.6684
1998-07-16,297.15662
1998-07-17,296.10028
1998-07-18,295.04395
1998-07-19,293.9876
1998-07-20,292.93127
1998-07-21,291.87494
1998-07-22,290.8186
1998-07-23,289.76227
1998-07-24,288.70593
1998-07-25,287.6496
1998-07-26,286.59326
1998-07-27,285.53693
1998-07-28,284.4806
1998-07-29,283.42426
1998-07-30,282.36792
1998-07-31,281.31158
1998-08-01,280.25528
1998-08-02,279.19894
1998-08-03,278.1426
1998-08-04,277.08627
1998-08-05,276.02994
1998-08-06,274.9736
1998-08-07,273.91727
1998-08-08,272.86093
1998-08-09,271.8046
1998-08-10,270.74826
1998-08-11,269.69193
1998-08-12,268.6356
1998-08-13,267.57925
1998-08-14,266.52292
1998-08-15,265.46658
1998-08-16,264.41025
1998-08-17,262.81488
1998-08-18,261.2195
1998-08-19,259.62415
1998-08-20,258.02878
1998-08-21,256.4334
1998-08-22,254.83804
1998-08-23,253.24268
1998-08-24,251.64731
1998-08-25,250.05194
1998-08-26,248.45657
1998-08-27,246.8612
1998-08-28,245.26584
1998-08-29,243.67047
1998-08-30,242.0751
1998-08-31,240.47974
1998-09-01,238.88437
1998-09-02,237.289
1998-09-03,235.69363
1998-09-04,234.09827
1998-09-05,232.5029
1998-09-06,230.90753
1998-09-07,229.31216
1998-09-08,227.7168
1998-09-09,226.12143
1998-09-10,224.52606
1998-09-11,222.9307
1998-09-12,221.33533
1998-09-13,219.73996
1998-09-14,218.14459
1998-09-15,216.54922
1998-09-16,214.95386
1998-09-17,215.28384
1998-09-18,215.61385
1998-09-19,215.94383
1998-09-20,216.27382
1998-09-21,216.60382
1998-09-22,216.9338
1998-09-23,217.2638
1998-09-24,217.5938
1998-09-25,217.92378
1998-09-26,218.25377
1998-09-27,218.58377
1998-09-28,218.91376
1998-09-29,219.24374
1998-09-30,219.57375
1998-10-01,219.90373
1998-10-02,220.23372
1998-10-03,220.56372
1998-10-04,220.8937
1998-10-05,221.2237
1998-10-06,221.5537
1998-10-07,221.88368
1998-10-08,222.21367
1998-10-09,222.54367
1998-10-10,222.87366
1998-10-11,223.20364
1998-10-12,223.53365
1998-10-13,223.86363
1998-10-14,224.19362
1998-10-15,224.52362
1998-10-16,224.8536
1998-10-17,223.06332
1998-10-18,221.27304
1998-10-19,219.48277
1998-10-20,217.69249
1998-10-21,215.9022
1998-10-22,214.11192
1998-10-23,212.32166
1998-10-24,210.53137
1998-10-25,208.74109
1998-10-26,206.9508
1998-10-27,205.16052
1998-10-28,203.37025
1998-10-29,201.57997
1998-10-30,199.78969
1998-10-31,197.9994
1998-11-01,196.20914
1998-11-02,194.41885
1998-11-03,192.62857
1998-11-04,190.83829
1998-11-05,189.04802
1998-11-06,187.25774
1998-11-07,185.46745
1998-11-08,183.67717
1998-11-09,181.88689
1998-11-10,180.09662
1998-11-11,178.30634
1998-11-12,176.51605
1998-11-13,174.72577
1998-11-14,172.9355
1998-11-15,171.14522
1998-11-16,169.35493
1998-11-17,169.2777
1998-11-18,169.20044
1998-11-19,169.1232
1998-11-20,169.04594
1998-11-21,168.9687
1998-11-22,168.89145
1998-11-23,168.81421
1998-11-24,168.73697
1998-11-25,168.65971
1998-11-26,168.58247
1998-11-27,168.50522
1998-11-28,168.42798
1998-11-29,168.35072
1998-11-30,168.27348
1998-12-01,168.19623
1998-12-02,168.11899
1998-12-03,168.04175
1998-12-04,167.9645
1998-12-05,167.88725
1998-12-06,167.81
1998-12-07,167.73276
1998-12-08,167.6555
1998-12-09,167.57826
1998-12-10,167.50102
1998-12-11,167.42377
1998-12-12,167.34653
1998-12-13,167.26927
1998-12-14,167.19203
1998-12-15,167.11478
1998-12-16,167.03754
1998-12-17,167.45729
1998-12-18,167.87704
1998-12-19,168.2968
1998-12-20,168.71655
1998-12-21,169.1363
1998-12-22,169.55606
1998-12-23,169.97581
1998-12-24,170.39555
1998-12-25,170.8153
1998-12-26,171.23506
1998-12-27,171.65482
1998-12-28,172.07457
1998-12-29,172.49432
1998-12-30,172.91408
1998-12-31,173.33383
1999-01-01,173.75359
1999-01-02,174.17334
1999-01-03,174.5931
1999-01-04,175.01285
1999-01-05,175.4326
1999-01-06,175.85236
1999-01-07,176.27211
1999-01-08,176.69186
1999-01-09,177.1116
1999-01-10,177.53136
1999-01-11,177.95111
1999-01-12,178.37086
1999-01-13,178.79062
1999-01-14,179.21037
1999-01-15,179.63013
1999-01-16,180.04988
1999-01-17,180.81693
1999-01-18,181.58397
1999-01-19,182.351
1999-01-20,183.11804
1999-01-21,183.88509
1999-01-22,184.65213
1999-01-23,185.41917
1999-01-24,186.1862
1999-01-25,186.95325
1999-01-26,187.72029
1999-01-27,188.48734
1999-01-28,189.25438
1999-01-29,190.02141
1999-01-30,190.78845
1999-01-31,191.5555
1999-02-01,192.32254
1999-02-02,193.08958
1999-02-03,193.85661
1999-02-04,194.62366
1999-02-05,195.3907
1999-02-06,196.15775
1999-02-07,196.92479
1999-02-08,197.69182
1999-02-09,198.45886
1999-02-10,199.2259
1999-02-11,199.99295
1999-02-12,200.76
1999-02-13,201.52702
1999-02-14,202.29407
1999-02-15,203.06111
1999-02-16,204.18593
1999-02-17,205.31075
1999-02-18,206.43556
1999-02-19,207.56036
1999-02-20,208.68518
1999-02-21,209.81
1999-02-22,210.93481
1999-02-23,212.05963
1999-02-24,213.18445
1999-02-25,214.30927
1999-02-26,215.43407
1999-02-27,216.55888
1999-02-28,217.6837
1999-03-01,218.80852
1999-03-02,219.93333
1999-03-03,221.05815
1999-03-04,222.18297
1999-03-05,223.30779
1999-03-06,224.43259
1999-03-07,225.5574
1999-03-08,226.68222
1999-03-09,227.80704
1999-03-10,228.93185
1999-03-11,230.05667
1999-03-12,231.18149
1999-03-13,232.30629
1999-03-14,233.4311
1999-03-15,234.55592
1999-03-16,235.68074
1999-03-17,236.82855
1999-03-18,237.97636
1999-03-19,239.12418
1999-03-20,240.27199
1999-03-21,241.4198
1999-03-22,242.56761
1999-03-23,243.71542
1999-03-24,244.86324
1999-03-25,246.01105
1999-03-26,247.15886
1999-03-27,248.30667
1999-03-28,249.45448
1999-03-29,250.6023
1999-03-30,251.7501
1999-03-31,252.89792
1999-04-01,254.04573
1999-04-02,255.19354
1999-04-03,256.34137
1999-04-04,257.48917
1999-04-05,258.63696
1999-04-06,259.7848
1999-04-07,260.93262
1999-04-08,262.0804
1999-04-09,263.2282
1999-04-10,264.37604
1999-04-11,265.52386
1999-04-12,266.67166
1999-04-13,267.81946
1999-04-14,268.9673
1999-04-15,270.1151
1999-04-16,271.2629
1999-04-17,271.9151
1999-04-18,272.56726
1999-04-19,273.21945
1999-04-20,273.87164
1999-04-21,274.52383
1999-04-22,275.176
1999-04-23,275.8282
1999-04-24,276.48038
1999-04-25,277.13257
1999-04-26,277.78473
1999-04-27,278.43692
1999-04-28,279.0891
1999-04-29,279.7413
1999-04-30,280.39346
1999-05-01,281.04565
1999-05-02,281.69785
1999-05-03,282.35
1999-05-04,283.0022
1999-05-05,283.6544
1999-05-06,284.30658
1999-05-07,284.95874
1999-05-08,285.61093
1999-05-09,286.26312
1999-05-10,286.9153
1999-05-11,287.56747
1999-05-12,288.21967
1999-05-13,288.87186
1999-05-14,289.52405
1999-05-15,290.1762
1999-05-16,290.8284
1999-05-17,291.1544
1999-05-18,291.48038
1999-05-19,291.80637
1999-05-20,292.13235
1999-05-21,292.45834
1999-05-22,292.78436
1999-05-23,293.11035
1999-05-24,293.43634
1999-05-25,293.76233
1999-05-26,294.08832
1999-05-27,294.4143
1999-05-28,294.7403
1999-05-29,295.06628
1999-05-30,295.39227
1999-05-31,295.71826
1999-06-01,296.04428
1999-06-02,296.37027
1999-06-03,296.69626
1999-06-04,297.02225
1999-06-05,297.34824
1999-06-06,297.67422
1999-06-07,298.0002
1999-06-08,298.3262
1999-06-09,298.6522
1999-06-10,298.97818
1999-06-11,299.3042
1999-06-12,299.6302
1999-06-13,299.95618
1999-06-14,300.28217
1999-06-15,300.60815
1999-06-16,300.93414
1999-06-17,300.81482
1999-06-18,300.6955
1999-06-19,300.5762
1999-06-20,300.45688
1999-06-21,300.33755
1999-06-22,300.21823
1999-06-23,300.0989
1999-06-24,299.9796
1999-06-25,299.8603
1999-06-26,299.74097
1999-06-27,299.62164
1999-06-28,299.50232
1999-06-29,299.38303
1999-06-30,299.2637
1999-07-01,299.14438
1999-07-02,299.02505
1999-07-03,298.90573
1999-07-04,298.78644
1999-07-05,298.6671
1999-07-06,298.5478
1999-07-07,298.42847
1999-07-08,298.30914
1999-07-09,298.18985
1999-07-10,298.07053
1999-07-11,297.9512
1999-07-12,297.83188
1999-07-13,297.71255
1999-07-14,297.59326
1999-07-15,297.47394
1999-07-16,297.3546
1999-07-17,295.99612
1999-07-18,294.63763
1999-07-19,293.27914
1999-07-20,291.92062
1999-07-21,290.56213
1999-07-22,289.20364
1999-07-23,287.84515
1999-07-24,286.48666
1999-07-25,285.12817
1999-07-26,283.76965
1999-07-27,282.41116
1999-07-28,281.05267
1999-07-29,279.69418
1999-07-30,278.3357
1999-07-31,276.9772
1999-08-01,275.61868
1999-08-02,274.2602
1999-08-03,272.9017
1999-08-04,271.5432
1999-08-05,270.18472
1999-08-06,268.82623
1999-08-07,267.4677
1999-08-08,266.10922
1999-08-09,264.75073
1999-08-10,263.39224
1999-08-11,262.03375
1999-08-12,260.67526
1999-08-13,259.31674
1999-08-14,257.95825
1999-08-15,256.59976
1999-08-16,255.24127
1999-08-17,254.77377
1999-08-18,254.30629
1999-08-19,253.83879
1999-08-20,253.3713
1999-08-21,252.90381
1999-08-22,252.43633
1999-08-23,251.96883
1999-08-24,251.50134
1999-08-25,251.03384
1999-08-26,250.56636
1999-08-27,250.09886
1999-08-28,249.63136
1999-08-29,249.16388
1999-08-30,248.69638
1999-08-31,248.2289
1999-09-01,247.7614
1999-09-02,247.29391
1999-09-03,246.82642
1999-09-04,246.35893
1999-09-05,245.89143
1999-09-06,245.42393
1999-09-07,244.95645
1999-09-08,244.48895
1999-09-09,244.02147
1999-09-10,243.55397
1999-09-11,243.08649
1999-09-12,242.61899
1999-09-13,242.1515
1999-09-14,241.684
1999-09-15,241.21652
1999-09-16,240.74902
1999-09-17,239.88481
1999-09-18,239.0206
1999-09-19,238.15639
1999-09-20,237.29218
1999-09-21,236.42798
1999-09-22,235.56377
1999-09-23,234.69955
1999-09-24,233.83534
1999-09-25,232.97113
1999-09-26,232.10692
1999-09-27,231.2427
1999-09-28,230.3785
1999-09-29,229.51428
1999-09-30,228.65007
1999-10-01,227.78586
1999-10-02,226.92166
1999-10-03,226.05745
1999-10-04,225.19324
1999-10-05,224.32903
1999-10-06,223.46481
1999-10-07,222.6006
1999-10-08,221.73639
1999-10-09,220.87218
1999-10-10,220.00797
1999-10-11,219.14377
1999-10-12,218.27956
1999-10-13,217.41534
1999-10-14,216.55113
1999-10-15,215.68692
1999-10-16,214.82271
1999-10-17,213.77597
1999-10-18,212.72923
1999-10-19,211.6825
1999-10-20,210.63577
1999-10-21,209.58904
1999-10-22,208.5423
1999-10-23,207.49556
1999-10-24,206.44882
1999-10-25,205.40208
1999-10-26,204.35536
1999-10-27,203.30862
1999-10-28,202.26189
1999-10-29,201.21515
1999-10-30,200.16841
1999-10-31,199.12167
1999-11-01,198.07495
1999-11-02,197.02821
1999-11-03,195.98148
1999-11-04,194.93474
1999-11-05,193.888
1999-11-06,192.84126
1999-11-07,191.79454
1999-11-08,190.7478
1999-11-09,189.70107
1999-11-10,188.65433
1999-11-11,187.60759
1999-11-12,186.56085
1999-11-13,185.51413
1999-11-14,184.46739
1999-11-15,183.42065
1999-11-16,182.37392
1999-11-17,181.76378
1999-11-18,181.15366
1999-11-19,180.54352
1999-11-20,179.9334
1999-11-21,179.32326
1999-11-22,178.71313
1999-11-23,178.103
1999-11-24,177.49287
1999-11-25,176.88274
1999-11-26,176.27261
1999-11-27,175.66248
1999-11-28,175.05235
1999-11-29,174.44221
1999-11-30,173.83209
1999-12-01,173.22195
1999-12-02,172.61182
1999-12-03,172.0017
1999-12-04,171.39156
1999-12-05,170.78143
1999-12-06,170.1713
1999-12-07,169.56117
1999-12-08,168.95103
1999-12-09,168.34091
1999-12-10,167.73077
1999-12-11,167.12065
1999-12-12,166.51051
1999-12-13,165.90039
1999-12-14,165.29025
1999-12-15,164.68013
1999-12-16,164.06999
1999-12-17,164.76105
1999-12-18,165.45209
1999-12-19,166.14314
1999-12-20,166.8342
1999-12-21,167.52525
1999-12-22,168.2163
1999-12-23,168.90735
1999-12-24,169.5984
1999-12-25,170.28946
1999-12-26,170.9805
1999-12-27,171.67155
1999-12-28,172.36261
1999-12-29,173.05367
1999-12-30,173.7447
1999-12-31,174.43576
2000-01-01,175.12682
2000-01-02,175.81787
2000-01-03,176.50891
2000-01-04,177.19997
2000-01-05,177.89102
2000-01-06,178.58208
2000-01-07,179.27312
2000-01-08,179.96417
2000-01-09,180.65523
2000-01-10,181.34628
2000-01-11,182.03732
2000-01-12,182.72838
2000-01-13,183.41943
2000-01-14,184.11049
2000-01-15,184.80153
2000-01-16,185.49258
2000-01-17,186.4747
2000-01-18,187.4568
2000-01-19,188.43892
2000-01-20,189.42102
2000-01-21,190.40314
2000-01-22,191.38525
2000-01-23,192.36736
2000-01-24,193.34947
2000-01-25,194.33157
2000-01-26,195.31369
2000-01-27,196.2958
2000-01-28,197.27791
2000-01-29,198.26003
2000-01-30,199.24213
2000-01-31,200.22424
2000-02-01,201.20636
2000-02-02,202.18846
2000-02-03,203.17058
2000-02-04,204.15268
2000-02-05,205.1348
2000-02-06,206.11691
2000-02-07,207.09901
2000-02-08,208.08113
2000-02-09,209.06323
2000-02-10,210.04535
2000-02-11,211.02747
2000-02-12,212.00957
2000-02-13,212.99168
2000-02-14,213.97379
2000-02-15,214.9559
2000-02-16,216.0827
2000-02-17,217.20949
2000-02-18,218.33629
2000-02-19,219.46309
2000-02-20,220.58987
2000-02-21,221.71667
2000-02-22,222.84348
2000-02-23,223.97028
2000-02-24,225.09706
2000-02-25,226.22386
2000-02-26,227.35066
2000-02-27,228.47745
2000-02-28,229.60425
2000-02-29,230.73105
2000-03-01,231.85785
2000-03-02,232.98463
2000-03-03,234.11143
2000-03-04,235.23824
2000-03-05,236.36502
2000-03-06,237.49182
2000-03-07,238.61862
2000-03-08,239.7454
2000-03-09,240.87221
2000-03-10,241.99901
2000-03-11,243.1258
2000-03-12,244.2526
2000-03-13,245.3794
2000-03-14,246.5062
2000-03-15,247.63298
2000-03-16,248.75978
2000-03-17,249.59093
2000-03-18,250.42207
2000-03-19,251.25322
2000-03-20,252.08438
2000-03-21,252.91553
2000-03-22,253.74667
2000-03-23,254.57782
2000-03-24,255.40897
2000-03-25,256.2401
2000-03-26,257.07126
2000-03-27,257.9024
2000-03-28,258.73355
2000-03-29,259.56473
2000-03-30,260.39587
2000-03-31,261.22702
2000-04-01,262.05817
2000-04-02,262.8893
2000-04-03,263.72046
2000-04-04,264.5516
2000-04-05,265.38275
2000-04-06,266.2139
2000-04-07,267.04504
2000-04-08,267.8762
2000-04-09,268.70734
2000-04-10,269.5385
2000-04-11,270.36966
2000-04-12,271.2008
2000-04-13,272.03195
2000-04-14,272.8631
2000-04-15,273.69424
2000-04-16,274.5254
2000-04-17,275.67526
2000-04-18,276.8251
2000-04-19,277.97498
2000-04-20,279.12485
2000-04-21,280.27472
2000-04-22,281.42456
2000-04-23,282.57443
2000-04-24,283.7243
2000-04-25,284.87418
2000-04-26,286.02402
2000-04-27,287.1739
2000-04-28,288.32376
2000-04-29,289.47363
2000-04-30,290.62347
2000-05-01,291.77335
2000-05-02,292.92322
2000-05-03,294.07306
2000-05-04,295.22293
2000-05-05,296.3728
2000-05-06,297.52267
2000-05-07,298.67252
2000-05-08,299.8224
2000-05-09,300.97226
2000-05-10,302.12213
2000-05-11,303.27197
2000-05-12,304.42184
2000-05-13,305.57172
2000-05-14,306.7216
2000-05-15,307.87143
2000-05-16,309.0213
2000-05-17,309.06808
2000-05-18,309.11484
2000-05-19,309.16162
2000-05-20,309.20837
2000-05-21,309.25516
2000-05-22,309.30194
2000-05-23,309.3487
2000-05-24,309.39548
2000-05-25,309.44226
2000-05-26,309.489
2000-05-27,309.5358
2000-05-28,309.58255
2000-05-29,309.62933
2000-05-30,309.67612
2000-05-31,309.72287
2000-06-01,309.76965
2000-06-02,309.8164
2000-06-03,309.8632
2000-06-04,309.90997
2000-06-05,309.95673
2000-06-06,310.0035
2000-06-07,310.05026
2000-06-08,310.09705
2000-06-09,310.14383
2000-06-10,310.19058
2000-06-11,310.23737
2000-06-12,310.28415
2000-06-13,310.3309
2000-06-14,310.3777
2000-06-15,310.42444
2000-06-16,310.47122
2000-06-17,310.04407
2000-06-18,309.61688
2000-06-19,309.18973
2000-06-20,308.76257
2000-06-21,308.3354
2000-06-22,307.90823
2000-06-23,307.48108
2000-06-24,307.0539
2000-06-25,306.62674
2000-06-26,306.1996
2000-06-27,305.7724
2000-06-28,305.34525
2000-06-29,304.9181
2000-06-30,304.4909
2000-07-01,304.06375
2000-07-02,303.6366
2000-07-03,303.2094
2000-07-04,302.78226
2000-07-05,302.3551
2000-07-06,301.92792
2000-07-07,301.50076
2000-07-08,301.0736
2000-07-09,300.64642
2000-07-10,300.21927
2000-07-11,299.7921
2000-07-12,299.36493
2000-07-13,298.93777
2000-07-14,298.51062
2000-07-15,298.08344
2000-07-16,297.65628
2000-07-17,295.9062
2000-07-18,294.1561
2000-07-19,292.406
2000-07-20,290.6559
2000-07-21,288.90582
2000-07-22,287.15573
2000-07-23,285.4056
2000-07-24,283.65552
2000-07-25,281.90543
2000-07-26,280.15533
2000-07-27,278.40524
2000-07-28,276.65515
2000-07-29,274.90506
2000-07-30,273.15497
2000-07-31,271.40488
2000-08-01,269.6548
2000-08-02,267.9047
2000-08-03,266.1546
2000-08-04,264.40448
2000-08-05,262.6544
2000-08-06,260.9043
2000-08-07,259.1542
2000-08-08,257.4041
2000-08-09,255.65402
2000-08-10,253.90393
2000-08-11,252.15384
2000-08-12,250.40375
2000-08-13,248.65364
2000-08-14,246.90355
2000-08-15,245.15346
2000-08-16,243.40337
2000-08-17,243.46822
2000-08-18,243.53305
2000-08-19,243.5979
2000-08-20,243.66273
2000-08-21,243.72758
2000-08-22,243.79242
2000-08-23,243.85727
2000-08-24,243.9221
2000-08-25,243.98695
2000-08-26,244.05179
2000-08-27,244.11664
2000-08-28,244.18147
2000-08-29,244.24632
2000-08-30,244.31116
2000-08-31,244.376
2000-09-01,244.44084
2000-09-02,244.50569
2000-09-03,244.57053
2000-09-04,244.63538
2000-09-05,244.70021
2000-09-06,244.76506
2000-09-07,244.8299
2000-09-08,244.89474
2000-09-09,244.95958
2000-09-10,245.02443
2000-09-11,245.08926
2000-09-12,245.15411
2000-09-13,245.21895
2000-09-14,245.2838
2000-09-15,245.34863
2000-09-16,245.41348
2000-09-17,244.8422
2000-09-18,244.2709
2000-09-19,243.69962
2000-09-20,243.12833
2000-09-21,242.55704
2000-09-22,241.98575
2000-09-23,241.41446
2000-09-24,240.84315
2000-09-25,240.27187
2000-09-26,239.70058
2000-09-27,239.12929
2000-09-28,238.558
2000-09-29,237.98671
2000-09-30,237.41542
2000-10-01,236.84413
2000-10-02,236.27284
2000-10-03,235.70155
2000-10-04,235.13026
2000-10-05,234.55898
2000-10-06,233.98769
2000-10-07,233.4164
2000-10-08,232.84511
2000-10-09,232.2738
2000-10-10,231.70251
2000-10-11,231.13123
2000-10-12,230.55994
2000-10-13,229.98865
2000-10-14,229.41736
2000-10-15,228.84607
2000-10-16,228.27478
2000-10-17,226.92096
2000-10-18,225.56715
2000-10-19,224.21333
2000-10-20,222.85953
2000-10-21,221.5057
2000-10-22,220.1519
2000-10-23,218.79808
2000-10-24,217.44427
2000-10-25,216.09045
2000-10-26,214.73665
2000-10-27,213.38283
2000-10-28,212.02902
2000-10-29,210.6752
2000-10-30,209.3214
2000-10-31,207.96758
2000-11-01,206.61377
2000-11-02,205.25995
2000-11-03,203.90614
2000-11-04,202.55232
2000-11-05,201.19852
2000-11-06,199.8447
2000-11-07,198.49089
2000-11-08,197.13707
2000-11-09,195.78326
2000-11-10,194.42944
2000-11-11,193.07564
2000-11-12,191.72182
2000-11-13,190.36801
2000-11-14,189.01419
2000-11-15,187.66039
2000-11-16,186.30656
2000-11-17,185.50412
2000-11-18,184.70169
2000-11-19,183.89925
2000-11-20,183.0968
2000-11-21,182.29437
2000-11-22,181.49193
2000-11-23,180.68948
2000-11-24,179.88704
2000-11-25,179.08461
2000-11-26,178.28217
2000-11-27,177.47972
2000-11-28,176.67729
2000-11-29,175.87485
2000-11-30,175.0724
2000-12-01,174.26996
2000-12-02,173.46753
2000-12-03,172.66508
2000-12-04,171.86264
2000-12-05,171.06021
2000-12-06,170.25777
2000-12-07,169.45532
2000-12-08,168.6529
2000-12-09,167.85045
2000-12-10,167.048
2000-12-11,166.24557
2000-12-12,165.44313
2000-12-13,164.64069
2000-12-14,163.83824
2000-12-15,163.03581
2000-12-16,162.23337
2000-12-17,162.3012
2000-12-18,162.36902
2000-12-19,162.43684
2000-12-20,162.50467
2000-12-21,162.5725
2000-12-22,162.6403
2000-12-23,162.70813
2000-12-24,162.77596
2000-12-25,162.84378
2000-12-26,162.9116
2000-12-27,162.97943
2000-12-28,163.04726
2000-12-29,163.11508
2000-12-30,163.1829
2000-12-31,163.25073
2001-01-01,163.31854
2001-01-02,163.38637
2001-01-03,163.4542
2001-01-04,163.52202
2001-01-05,163.58984
2001-01-06,163.65767
2001-01-07,163.7255
2001-01-08,163.79332
2001-01-09,163.86115
2001-01-10,163.92897
2001-01-11,163.99678
2001-01-12,164.0646
2001-01-13,164.13243
2001-01-14,164.20026
2001-01-15,164.26808
2001-01-16,164.3359
2001-01-17,165.23582
2001-01-18,166.13574
2001-01-19,167.03564
2001-01-20,167.93556
2001-01-21,168.83548
2001-01-22,169.7354
2001-01-23,170.6353
2001-01-24,171.53522
2001-01-25,172.43513
2001-01-26,173.33505
2001-01-27,174.23495
2001-01-28,175.13487
2001-01-29,176.03479
2001-01-30,176.93471
2001-01-31,177.83463
2001-02-01,178.73453
2001-02-02,179.63445
2001-02-03,180.53436
2001-02-04,181.43428
2001-02-05,182.33418
2001-02-06,183.2341
2001-02-07,184.13402
2001-02-08,185.03394
2001-02-09,185.93384
2001-02-10,186.83376
2001-02-11,187.73367
2001-02-12,188.63359
2001-02-13,189.5335
2001-02-14,190.43341
2001-02-15,191.33333
2001-02-16,193.14456
2001-02-17,194.9558
2001-02-18,196.76703
2001-02-19,198.57826
2001-02-20,200.3895
2001-02-21,202.20073
2001-02-22,204.01196
2001-02-23,205.82321
2001-02-24,207.63445
2001-02-25,209.44568
2001-02-26,211.25691
2001-02-27,213.06815
2001-02-28,214.87938
2001-03-01,216.69061
2001-03-02,218.50185
2001-03-03,220.31308
2001-03-04,222.12431
2001-03-05,223.93555
2001-03-06,225.74678
2001-03-07,227.55801
2001-03-08,229.36925
2001-03-09,231.1805
2001-03-10,232.99173
2001-03-11,234.80296
2001-03-12,236.6142
2001-03-13,238.42543
2001-03-14,240.23666
2001-03-15,242.0479
2001-03-16,243.85913
2001-03-17,244.55988
2001-03-18,245.2606
2001-03-19,245.96135
2001-03-20,246.6621
2001-03-21,247.36282
2001-03-22,248.06357
2001-03-23,248.76431
2001-03-24,249.46504
2001-03-25,250.16579
2001-03-26,250.86653
2001-03-27,251.56726
2001-03-28,252.268
2001-03-29,252.96875
2001-03-30,253.66948
2001-03-31,254.37022
2001-04-01,255.07097
2001-04-02,255.77171
2001-04-03,256.47244
2001-04-04,257.1732
2001-04-05,257.87393
2001-04-06,258.57468
2001-04-07,259.2754
2001-04-08,259.97614
2001-04-09,260.67688
2001-04-10,261.37762
2001-04-11,262.07837
2001-04-12,262.7791
2001-04-13,263.47983
2001-04-14,264.18057
2001-04-15,264.88132
2001-04-16,265.58206
2001-04-17,265.7551
2001-04-18,265.92813
2001-04-19,266.10114
2001-04-20,266.27417
2001-04-21,266.4472
2001-04-22,266.62024
2001-04-23,266.79324
2001-04-24,266.96628
2001-04-25,267.1393
2001-04-26,267.31235
2001-04-27,267.48535
2001-04-28,267.6584
2001-04-29,267.83142
2001-04-30,268.00446
2001-05-01,268.1775
2001-05-02,268.3505
2001-05-03,268.52353
2001-05-04,268.69656
2001-05-05,268.8696
2001-05-06,269.0426
2001-05-07,269.21564
2001-05-08,269.38867
2001-05-09,269.5617
2001-05-10,269.7347
2001-05-11,269.90775
2001-05-12,270.08078
2001-05-13,270.2538
2001-05-14,270.42682
2001-05-15,270.59985
2001-05-16,270.7729
2001-05-17,271.39096
2001-05-18,272.00903
2001-05-19,272.6271
2001-05-20,273.24518
2001-05-21,273.86325
2001-05-22,274.4813
2001-05-23,275.09937
2001-05-24,275.71744
2001-05-25,276.3355
2001-05-26,276.95358
2001-05-27,277.57166
2001-05-28,278.18973
2001-05-29,278.8078
2001-05-30,279.42587
2001-05-31,280.04395
2001-06-01,280.662
2001-06-02,281.28006
2001-06-03,281.89813
2001-06-04,282.5162
2001-06-05,283.13428
2001-06-06,283.75235
2001-06-07,284.37042
2001-06-08,284.9885
2001-06-09,285.60657
2001-06-10,286.22464
2001-06-11,286.84268
2001-06-12,287.46075
2001-06-13,288.07883
2001-06-14,288.6969
2001-06-15,289.31497
2001-06-16,289.93304
2001-06-17,289.1923
2001-06-18,288.45157
2001-06-19,287.71082
2001-06-20,286.9701
2001-06-21,286.22934
2001-06-22,285.48862
2001-06-23,284.74786
2001-06-24,284.0071
2001-06-25,283.2664
2001-06-26,282.52563
2001-06-27,281.7849
2001-06-28,281.04416
2001-06-29,280.30344
2001-06-30,279.56268
2001-07-01,278.82196
2001-07-02,278.0812
2001-07-03,277.34045
2001-07-04,276.59973
2001-07-05,275.85898
2001-07-06,275.11826
2001-07-07,274.3775
2001-07-08,273.63678
2001-07-09,272.89603
2001-07-10,272.15527
2001-07-11,271.41455
2001-07-12,270.6738
2001-07-13,269.93307
2001-07-14,269.19232
2001-07-15,268.4516
2001-07-16,267.71085
2001-07-17,267.86945
2001-07-18,268.028
2001-07-19,268.1866
2001-07-20,268.34518
2001-07-21,268.50378
2001-07-22,268.66235
2001-07-23,268.82095
2001-07-24,268.97955
2001-07-25,269.13812
2001-07-26,269.29672
2001-07-27,269.4553
2001-07-28,269.6139
2001-07-29,269.7725
2001-07-30,269.93106
2001-07-31,270.08966
2001-08-01,270.24823
2001-08-02,270.40683
2001-08-03,270.5654
2001-08-04,270.724
2001-08-05,270.8826
2001-08-06,271.04117
2001-08-07,271.19977
2001-08-08,271.35834
2001-08-09,271.51694
2001-08-10,271.67554
2001-08-11,271.8341
2001-08-12,271.9927
2001-08-13,272.15128
2001-08-14,272.30988
2001-08-15,272.46844
2001-08-16,272.62704
2001-08-17,271.94717
2001-08-18,271.2673
2001-08-19,270.58743
2001-08-20,269.90756
2001-08-21,269.2277
2001-08-22,268.54782
2001-08-23,267.86795
2001-08-24,267.18808
2001-08-25,266.5082
2001-08-26,265.82834
2001-08-27,265.14847
2001-08-28,264.4686
2001-08-29,263.78873
2001-08-30,263.10886
2001-08-31,262.429
2001-09-01,261.7491
2001-09-02,261.06924
2001-09-03,260.38937
2001-09-04,259.7095
2001-09-05,259.02963
2001-09-06,258.34976
2001-09-07,257.6699
2001-09-08,256.99002
2001-09-09,256.31015
2001-09-10,255.63026
2001-09-11,254.9504
2001-09-12,254.27052
2001-09-13,253.59065
2001-09-14,252.91078
2001-09-15,252.23091
2001-09-16,251.55104
2001-09-17,250.25854
2001-09-18,248.96603
2001-09-19,247.67354
2001-09-20,246.38104
2001-09-21,245.08853
2001-09-22,243.79604
2001-09-23,242.50354
2001-09-24,241.21103
2001-09-25,239.91853
2001-09-26,238.62604
2001-09-27,237.33353
2001-09-28,236.04103
2001-09-29,234.74854
2001-09-30,233.45602
2001-10-01,232.16353
2001-10-02,230.87103
2001-10-03,229.57852
2001-10-04,228.28603
2001-10-05,226.99353
2001-10-06,225.70102
2001-10-07,224.40852
2001-10-08,223.11603
2001-10-09,221.82352
2001-10-10,220.53102
2001-10-11,219.23853
2001-10-12,217.94601
2001-10-13,216.65352
2001-10-14,215.36102
2001-10-15,214.06851
2001-10-16,212.77602
2001-10-17,211.4378
2001-10-18,210.0996
2001-10-19,208.7614
2001-10-20,207.42319
2001-10-21,206.08498
2001-10-22,204.74677
2001-10-23,203.40855
2001-10-24,202.07036
2001-10-25,200.73215
2001-10-26,199.39394
2001-10-27,198.05573
2001-10-28,196.71751
2001-10-29,195.37932
2001-10-30,194.0411
2001-10-31,192.7029
2001-11-01,191.36469
2001-11-02,190.02647
2001-11-03,188.68826
2001-11-04,187.35007
2001-11-05,186.01186
2001-11-06,184.67365
2001-11-07,183.33543
2001-11-08,181.99722
2001-11-09,180.65903
2001-11-10,179.32082
2001-11-11,177.9826
2001-11-12,176.6444
2001-11-13,175.30618
2001-11-14,173.96799
2001-11-15,172.62978
2001-11-16,171.29156
2001-11-17,171.11075
2001-11-18,170.92992
2001-11-19,170.7491
2001-11-20,170.56828
2001-11-21,170.38745
2001-11-22,170.20663
2001-11-23,170.02582
2001-11-24,169.84499
2001-11-25,169.66417
2001-11-26,169.48335
2001-11-27,169.30252
2001-11-28,169.1217
2001-11-29,168.94089
2001-11-30,168.76006
2001-12-01,168.57924
2001-12-02,168.39842
2001-12-03,168.21759
2001-12-04,168.03677
2001-12-05,167.85596
2001-12-06,167.67513
2001-12-07,167.49431
2001-12-08,167.31349
2001-12-09,167.13266
2001-12-10,166.95184
2001-12-11,166.77103
2001-12-12,166.5902
2001-12-13,166.40938
2001-12-14,166.22856
2001-12-15,166.04773
2001-12-16,165.86691
2001-12-17,165.72696
2001-12-18,165.587
2001-12-19,165.44705
2001-12-20,165.30708
2001-12-21,165.16713
2001-12-22,165.02718
2001-12-23,164.88722
2001-12-24,164.74727
2001-12-25,164.60732
2001-12-26,164.46736
2001-12-27,164.32741
2001-12-28,164.18744
2001-12-29,164.04749
2001-12-30,163.90753
2001-12-31,163.76758
2002-01-01,163.62762
2002-01-02,163.48767
2002-01-03,163.34772
2002-01-04,163.20776
2002-01-05,163.0678
2002-01-06,162.92784
2002-01-07,162.78789
2002-01-08,162.64793
2002-01-09,162.50798
2002-01-10,162.36803
2002-01-11,162.22807
2002-01-12,162.08812
2002-01-13,161.94815
2002-01-14,161.8082
2002-01-15,161.66824
2002-01-16,161.52829
2002-01-17,163.14041
2002-01-18,164.75253
2002-01-19,166.36465
2002-01-20,167.97678
2002-01-21,169.5889
2002-01-22,171.20102
2002-01-23,172.81314
2002-01-24,174.42526
2002-01-25,176.03738
2002-01-26,177.6495
2002-01-27,179.26163
2002-01-28,180.87375
2002-01-29,182.48587
2002-01-30,184.09799
2002-01-31,185.71011
2002-02-01,187.32222
2002-02-02,188.93434
2002-02-03,190.54646
2002-02-04,192.15858
2002-02-05,193.7707
2002-02-06,195.38283
2002-02-07,196.99495
2002-02-08,198.60707
2002-02-09,200.2192
2002-02-10,201.83131
2002-02-11,203.44344
2002-02-12,205.05556
2002-02-13,206.66768
2002-02-14,208.2798
2002-02-15,209.89192
2002-02-16,211.20113
2002-02-17,212.51031
2002-02-18,213.81952
2002-02-19,215.12871
2002-02-20,216.43791
2002-02-21,217.74712
2002-02-22,219.0563
2002-02-23,220.36551
2002-02-24,221.6747
2002-02-25,222.9839
2002-02-26,224.29309
2002-02-27,225.6023
2002-02-28,226.9115
2002-03-01,228.22069
2002-03-02,229.52989
2002-03-03,230.83908
2002-03-04,232.14828
2002-03-05,233.45749
2002-03-06,234.76668
2002-03-07,236.07588
2002-03-08,237.38507
2002-03-09,238.69427
2002-03-10,240.00346
2002-03-11,241.31267
2002-03-12,242.62187
2002-03-13,243.93106
2002-03-14,245.24026
2002-03-15,246.54945
2002-03-16,247.85866
2002-03-17,248.64774
2002-03-18,249.43683
2002-03-19,250.2259
2002-03-20,251.015
2002-03-21,251.80408
2002-03-22,252.59317
2002-03-23,253.38225
2002-03-24,254.17134
2002-03-25,254.96042
2002-03-26,255.74951
2002-03-27,256.53857
2002-03-28,257.32767
2002-03-29,258.11676
2002-03-30,258.90585
2002-03-31,259.69492
2002-04-01,260.484
2002-04-02,261.2731
2002-04-03,262.0622
2002-04-04,262.85126
2002-04-05,263.64035
2002-04-06,264.42944
2002-04-07,265.2185
2002-04-08,266.0076
2002-04-09,266.7967
2002-04-10,267.5858
2002-04-11,268.37485
2002-04-12,269.16394
2002-04-13,269.95303
2002-04-14,270.74213
2002-04-15,271.5312
2002-04-16,272.32028
2002-04-17,273.91754
2002-04-18,275.5148
2002-04-19,277.11206
2002-04-20,278.70932
2002-04-21,280.30658
2002-04-22,281.90384
2002-04-23,283.5011
2002-04-24,285.09836
2002-04-25,286.69562
2002-04-26,288.29288
2002-04-27,289.89014
2002-04-28,291.4874
2002-04-29,293.08466
2002-04-30,294.68192
2002-05-01,296.27917
2002-05-02,297.87643
2002-05-03,299.4737
2002-05-04,301.07095
2002-05-05,302.6682
2002-05-06,304.26547
2002-05-07,305.86273
2002-05-08,307.46
2002-05-09,309.05725
2002-05-10,310.6545
2002-05-11,312.25177
2002-05-12,313.84903
2002-05-13,315.4463
2002-05-14,317.04355
2002-05-15,318.6408
2002-05-16,320.23807
2002-05-17,319.8367
2002-05-18,319.43533
2002-05-19,319.03397
2002-05-20,318.6326
2002-05-21,318.23123
2002-05-22,317.82986
2002-05-23,317.4285
2002-05-24,317.02713
2002-05-25,316.62576
2002-05-26,316.2244
2002-05-27,315.82303
2002-05-28,315.42166
2002-05-29,315.0203
2002-05-30,314.61893
2002-05-31,314.21756
2002-06-01,313.81622
2002-06-02,313.41486
2002-06-03,313.0135
2002-06-04,312.61212
2002-06-05,312.21075
2002-06-06,311.8094
2002-06-07,311.40802
2002-06-08,311.00665
2002-06-09,310.6053
2002-06-10,310.20392
2002-06-11,309.80255
2002-06-12,309.40118
2002-06-13,308.99982
2002-06-14,308.59845
2002-06-15,308.19708
2002-06-16,307.79572
2002-06-17,307.7658
2002-06-18,307.73593
2002-06-19,307.70605
2002-06-20,307.67615
2002-06-21,307.64624
2002-06-22,307.61636
2002-06-23,307.5865
2002-06-24,307.55658
2002-06-25,307.52667
2002-06-26,307.4968
2002-06-27,307.46692
2002-06-28,307.437
2002-06-29,307.4071
2002-06-30,307.37723
2002-07-01,307.34735
2002-07-02,307.31744
2002-07-03,307.28754
2002-07-04,307.25766
2002-07-05,307.22778
2002-07-06,307.19788
2002-07-07,307.16797
2002-07-08,307.1381
2002-07-09,307.10822
2002-07-10,307.0783
2002-07-11,307.0484
2002-07-12,307.01852
2002-07-13,306.98865
2002-07-14,306.95874
2002-07-15,306.92883
2002-07-16,306.89896
2002-07-17,306.30096
2002-07-18,305.70297
2002-07-19,305.10498
2002-07-20,304.507
2002-07-21,303.909
2002-07-22,303.311
2002-07-23,302.713
2002-07-24,302.11505
2002-07-25,301.51706
2002-07-26,300.91907
2002-07-27,300.32108
2002-07-28,299.72308
2002-07-29,299.1251
2002-07-30,298.5271
2002-07-31,297.9291
2002-08-01,297.33112
2002-08-02,296.73312
2002-08-03,296.13513
2002-08-04,295.53714
2002-08-05,294.93915
2002-08-06,294.34116
2002-08-07,293.74316
2002-08-08,293.14517
2002-08-09,292.5472
2002-08-10,291.94922
2002-08-11,291.35123
2002-08-12,290.75323
2002-08-13,290.15524
2002-08-14,289.55725
2002-08-15,288.95926
2002-08-16,288.36127
2002-08-17,287.33533
2002-08-18,286.30936
2002-08-19,285.28342
2002-08-20,284.25745
2002-08-21,283.2315
2002-08-22,282.20554
2002-08-23,281.1796
2002-08-24,280.15363
2002-08-25,279.1277
2002-08-26,278.1017
2002-08-27,277.07578
2002-08-28,276.04984
2002-08-29,275.02386
2002-08-30,273.99792
2002-08-31,272.97195
2002-09-01,271.946
2002-09-02,270.92004
2002-09-03,269.8941
2002-09-04,268.86813
2002-09-05,267.8422
2002-09-06,266.81625
2002-09-07,265.79028
2002-09-08,264.76434
2002-09-09,263.73837
2002-09-10,262.71243
2002-09-11,261.68646
2002-09-12,260.66052
2002-09-13,259.63455
2002-09-14,258.6086
2002-09-15,257.58264
2002-09-16,256.5567
2002-09-17,255.2024
2002-09-18,253.8481
2002-09-19,252.49379
2002-09-20,251.13948
2002-09-21,249.78519
2002-09-22,248.43088
2002-09-23,247.07657
2002-09-24,245.72226
2002-09-25,244.36797
2002-09-26,243.01366
2002-09-27,241.65935
2002-09-28,240.30505
2002-09-29,238.95074
2002-09-30,237.59644
2002-10-01,236.24213
2002-10-02,234.88783
2002-10-03,233.53352
2002-10-04,232.17921
2002-10-05,230.82492
2002-10-06,229.47061
2002-10-07,228.1163
2002-10-08,226.76201
2002-10-09,225.4077
2002-10-10,224.05339
2002-10-11,222.6991
2002-10-12,221.34479
2002-10-13,219.99048
2002-10-14,218.63617
2002-10-15,217.28188
2002-10-16,215.92757
2002-10-17,214.44077
2002-10-18,212.95396
2002-10-19,211.46716
2002-10-20,209.98036
2002-10-21,208.49356
2002-10-22,207.00676
2002-10-23,205.51996
2002-10-24,204.03314
2002-10-25,202.54634
2002-10-26,201.05954
2002-10-27,199.57274
2002-10-28,198.08594
2002-10-29,196.59914
2002-10-30,195.11234
2002-10-31,193.62553
2002-11-01,192.13873
2002-11-02,190.65193
2002-11-03,189.16513
2002-11-04,187.67833
2002-11-05,186.19153
2002-11-06,184.70473
2002-11-07,183.21793
2002-11-08,181.73112
2002-11-09,180.24431
2002-11-10,178.7575
2002-11-11,177.2707
2002-11-12,175.7839
2002-11-13,174.2971
2002-11-14,172.8103
2002-11-15,171.3235
2002-11-16,169.8367
2002-11-17,169.62038
2002-11-18,169.40405
2002-11-19,169.18773
2002-11-20,168.9714
2002-11-21,168.75508
2002-11-22,168.53876
2002-11-23,168.32243
2002-11-24,168.10611
2002-11-25,167.88979
2002-11-26,167.67346
2002-11-27,167.45714
2002-11-28,167.24081
2002-11-29,167.02449
2002-11-30,166.80817
2002-12-01,166.59183
2002-12-02,166.3755
2002-12-03,166.15918
2002-12-04,165.94286
2002-12-05,165.72653
2002-12-06,165.51021
2002-12-07,165.29388
2002-12-08,165.07756
2002-12-09,164.86124
2002-12-10,164.64491
2002-12-11,164.42859
2002-12-12,164.21227
2002-12-13,163.99594
2002-12-14,163.77962
2002-12-15,163.5633
2002-12-16,163.34697
2002-12-17,163.52605
2002-12-18,163.70511
2002-12-19,163.88419
2002-12-20,164.06326
2002-12-21,164.24232
2002-12-22,164.4214
2002-12-23,164.60048
2002-12-24,164.77954
2002-12-25,164.95862
2002-12-26,165.1377
2002-12-27,165.31676
2002-12-28,165.49583
2002-12-29,165.67491
2002-12-30,165.85397
2002-12-31,166.03305
2003-01-01,166.21213
2003-01-02,166.3912
2003-01-03,166.57027
2003-01-04,166.74934
2003-01-05,166.92842
2003-01-06,167.10748
2003-01-07,167.28656
2003-01-08,167.46564
2003-01-09,167.6447
2003-01-10,167.82378
2003-01-11,168.00285
2003-01-12,168.18192
2003-01-13,168.361
2003-01-14,168.54007
2003-01-15,168.71913
2003-01-16,168.89821
2003-01-17,169.49405
2003-01-18,170.08989
2003-01-19,170.68571
2003-01-20,171.28156
2003-01-21,171.8774
2003-01-22,172.47324
2003-01-23,173.06906
2003-01-24,173.6649
2003-01-25,174.26074
2003-01-26,174.85658
2003-01-27,175.45241
2003-01-28,176.04825
2003-01-29,176.64409
2003-01-30,177.23993
2003-01-31,177.83575
2003-02-01,178.4316
2003-02-02,179.02744
2003-02-03,179.62328
2003-02-04,180.21912
2003-02-05,180.81494
2003-02-06,181.41078
2003-02-07,182.00662
2003-02-08,182.60246
2003-02-09,183.19829
2003-02-10,183.79413
2003-02-11,184.38997
2003-02-12,184.98581
2003-02-13,185.58163
2003-02-14,186.17747
2003-02-15,186.77332
2003-02-16,188.67664
2003-02-17,190.57994
2003-02-18,192.48326
2003-02-19,194.38658
2003-02-20,196.2899
2003-02-21,198.1932
2003-02-22,200.09653
2003-02-23,201.99985
2003-02-24,203.90317
2003-02-25,205.80647
2003-02-26,207.7098
2003-02-27,209.61311
2003-02-28,211.51642
2003-03-01,213.41974
2003-03-02,215.32306
2003-03-03,217.22638
2003-03-04,219.12968
2003-03-05,221.033
2003-03-06,222.93633
2003-03-07,224.83963
2003-03-08,226.74295
2003-03-09,228.64627
2003-03-10,230.54959
2003-03-11,232.4529
2003-03-12,234.35622
2003-03-13,236.25954
2003-03-14,238.16286
2003-03-15,240.06616
2003-03-16,241.96948
2003-03-17,242.4264
2003-03-18,242.88335
2003-03-19,243.34027
2003-03-20,243.7972
2003-03-21,244.25412
2003-03-22,244.71106
2003-03-23,245.16798
2003-03-24,245.62491
2003-03-25,246.08185
2003-03-26,246.53877
2003-03-27,246.9957
2003-03-28,247.45262
2003-03-29,247.90956
2003-03-30,248.36649
2003-03-31,248.82341
2003-04-01,249.28035
2003-04-02,249.73727
2003-04-03,250.1942
2003-04-04,250.65114
2003-04-05,251.10806
2003-04-06,251.56499
2003-04-07,252.02191
2003-04-08,252.47885
2003-04-09,252.93578
2003-04-10,253.3927
2003-04-11,253.84964
2003-04-12,254.30656
2003-04-13,254.76349
2003-04-14,255.22041
2003-04-15,255.67735
2003-04-16,256.13428
2003-04-17,255.76483
2003-04-18,255.39539
2003-04-19,255.02594
2003-04-20,254.6565
2003-04-21,254.28705
2003-04-22,253.9176
2003-04-23,253.54816
2003-04-24,253.1787
2003-04-25,252.80925
2003-04-26,252.4398
2003-04-27,252.07036
2003-04-28,251.70091
2003-04-29,251.33147
2003-04-30,250.96202
2003-05-01,250.59258
2003-05-02,250.22313
2003-05-03,249.85368
2003-05-04,249.48424
2003-05-05,249.11479
2003-05-06,248.74535
2003-05-07,248.3759
2003-05-08,248.00645
2003-05-09,247.637
2003-05-10,247.26755
2003-05-11,246.8981
2003-05-12,246.52866
2003-05-13,246.15921
2003-05-14,245.78976
2003-05-15,245.42032
2003-05-16,245.05087
2003-05-17,247.11513
2003-05-18,249.17937
2003-05-19,251.24362
2003-05-20,253.30788
2003-05-21,255.37212
2003-05-22,257.43637
2003-05-23,259.5006
2003-05-24,261.56488
2003-05-25,263.62912
2003-05-26,265.69336
2003-05-27,267.75763
2003-05-28,269.82187
2003-05-29,271.8861
2003-05-30,273.95038
2003-05-31,276.01462
2003-06-01,278.07886
2003-06-02,280.1431
2003-06-03,282.20737
2003-06-04,284.2716
2003-06-05,286.33585
2003-06-06,288.40012
2003-06-07,290.46436
2003-06-08,292.5286
2003-06-09,294.59286
2003-06-10,296.6571
2003-06-11,298.72134
2003-06-12,300.7856
2003-06-13,302.84985
2003-06-14,304.9141
2003-06-15,306.97836
2003-06-16,309.0426
2003-06-17,307.1795
2003-06-18,305.31644
2003-06-19,303.45334
2003-06-20,301.59027
2003-06-21,299.72717
2003-06-22,297.86407
2003-06-23,296.001
2003-06-24,294.1379
2003-06-25,292.27484
2003-06-26,290.41174
2003-06-27,288.54865
2003-06-28,286.68558
2003-06-29,284.82248
2003-06-30,282.9594
2003-07-01,281.0963
2003-07-02,279.23322
2003-07-03,277.37015
2003-07-04,275.50705
2003-07-05,273.64398
2003-07-06,271.78088
2003-07-07,269.9178
2003-07-08,268.05472
2003-07-09,266.19162
2003-07-10,264.32855
2003-07-11,262.46545
2003-07-12,260.60236
2003-07-13,258.7393
2003-07-14,256.8762
2003-07-15,255.0131
2003-07-16,253.15002
2003-07-17,254.09525
2003-07-18,255.04047
2003-07-19,255.98569
2003-07-20,256.9309
2003-07-21,257.87613
2003-07-22,258.82135
2003-07-23,259.76657
2003-07-24,260.7118
2003-07-25,261.657
2003-07-26,262.60223
2003-07-27,263.54745
2003-07-28,264.49268
2003-07-29,265.4379
2003-07-30,266.38312
2003-07-31,267.32834
2003-08-01,268.2736
2003-08-02,269.2188
2003-08-03,270.16403
2003-08-04,271.10925
2003-08-05,272.05447
2003-08-06,272.9997
2003-08-07,273.94492
2003-08-08,274.89014
2003-08-09,275.83536
2003-08-10,276.78058
2003-08-11,277.7258
2003-08-12,278.67102
2003-08-13,279.61624
2003-08-14,280.56146
2003-08-15,281.50668
2003-08-16,282.4519
2003-08-17,282.07437
2003-08-18,281.69684
2003-08-19,281.3193
2003-08-20,280.94174
2003-08-21,280.5642
2003-08-22,280.18668
2003-08-23,279.80914
2003-08-24,279.4316
2003-08-25,279.05408
2003-08-26,278.6765
2003-08-27,278.29898
2003-08-28,277.92145
2003-08-29,277.5439
2003-08-30,277.16638
2003-08-31,276.78885
2003-09-01,276.4113
2003-09-02,276.03375
2003-09-03,275.65622
2003-09-04,275.2787
2003-09-05,274.90115
2003-09-06,274.52362
2003-09-07,274.14606
2003-09-08,273.76852
2003-09-09,273.391
2003-09-10,273.01346
2003-09-11,272.63593
2003-09-12,272.2584
2003-09-13,271.88083
2003-09-14,271.5033
2003-09-15,271.12576
2003-09-16,270.74823
2003-09-17,269.30447
2003-09-18,267.86075
2003-09-19,266.417
2003-09-20,264.97324
2003-09-21,263.52948
2003-09-22,262.08575
2003-09-23,260.642
2003-09-24,259.19824
2003-09-25,257.75452
2003-09-26,256.31076
2003-09-27,254.86702
2003-09-28,253.42326
2003-09-29,251.97952
2003-09-30,250.53577
2003-10-01,249.09203
2003-10-02,247.64828
2003-10-03,246.20453
2003-10-04,244.76079
2003-10-05,243.31703
2003-10-06,241.87329
2003-10-07,240.42955
2003-10-08,238.9858
2003-10-09,237.54205
2003-10-10,236.0983
2003-10-11,234.65456
2003-10-12,233.21082
2003-10-13,231.76706
2003-10-14,230.32332
2003-10-15,228.87956
2003-10-16,227.43582
2003-10-17,226.01698
2003-10-18,224.59813
2003-10-19,223.17929
2003-10-20,221.76044
2003-10-21,220.3416
2003-10-22,218.92274
2003-10-23,217.5039
2003-10-24,216.08505
2003-10-25,214.66621
2003-10-26,213.24736
2003-10-27,211.82852
2003-10-28,210.40968
2003-10-29,208.99083
2003-10-30,207.57199
2003-10-31,206.15314
2003-11-01,204.7343
2003-11-02,203.31544
2003-11-03,201.8966
2003-11-04,200.47775
2003-11-05,199.05891
2003-11-06,197.64008
2003-11-07,196.22122
2003-11-08,194.80238
2003-11-09,193.38353
2003-11-10,191.96469
2003-11-11,190.54584
2003-11-12,189.127
2003-11-13,187.70815
2003-11-14,186.2893
2003-11-15,184.87045
2003-11-16,183.45161
2003-11-17,182.88518
2003-11-18,182.31874
2003-11-19,181.7523
2003-11-20,181.18585
2003-11-21,180.61942
2003-11-22,180.05298
2003-11-23,179.48654
2003-11-24,178.9201
2003-11-25,178.35367
2003-11-26,177.78723
2003-11-27,177.2208
2003-11-28,176.65434
2003-11-29,176.0879
2003-11-30,175.52147
2003-12-01,174.95503
2003-12-02,174.3886
2003-12-03,173.82216
2003-12-04,173.25572
2003-12-05,172.68927
2003-12-06,172.12283
2003-12-07,171.5564
2003-12-08,170.98996
2003-12-09,170.42352
2003-12-10,169.85709
2003-12-11,169.29065
2003-12-12,168.72421
2003-12-13,168.15776
2003-12-14,167.59132
2003-12-15,167.02489
2003-12-16,166.45845
2003-12-17,166.8075
2003-12-18,167.15652
2003-12-19,167.50557
2003-12-20,167.8546
2003-12-21,168.20364
2003-12-22,168.55267
2003-12-23,168.90172
2003-12-24,169.25075
2003-12-25,169.5998
2003-12-26,169.94882
2003-12-27,170.29787
2003-12-28,170.6469
2003-12-29,170.99594
2003-12-30,171.34497
2003-12-31,171.69402
2004-01-01,172.04305
2004-01-02,172.39209
2004-01-03,172.74112
2004-01-04,173.09016
2004-01-05,173.4392
2004-01-06,173.78824
2004-01-07,174.13727
2004-01-08,174.48631
2004-01-09,174.83534
2004-01-10,175.18439
2004-01-11,175.53342
2004-01-12,175.88246
2004-01-13,176.23149
2004-01-14,176.58054
2004-01-15,176.92957
2004-01-16,177.27861
2004-01-17,178.45065
2004-01-18,179.6227
2004-01-19,180.79472
2004-01-20,181.96677
2004-01-21,183.13881
2004-01-22,184.31085
2004-01-23,185.4829
2004-01-24,186.65492
2004-01-25,187.82697
2004-01-26,188.99901
2004-01-27,190.17105
2004-01-28,191.3431
2004-01-29,192.51512
2004-01-30,193.68716
2004-01-31,194.8592
2004-02-01,196.03125
2004-02-02,197.2033
2004-02-03,198.37532
2004-02-04,199.54736
2004-02-05,200.7194
2004-02-06,201.89145
2004-02-07,203.06349
2004-02-08,204.23552
2004-02-09,205.40756
2004-02-10,206.5796
2004-02-11,207.75165
2004-02-12,208.92369
2004-02-13,210.09572
2004-02-14,211.26776
2004-02-15,212.4398
2004-02-16,212.70699
2004-02-17,212.97418
2004-02-18,213.24136
2004-02-19,213.50854
2004-02-20,213.77574
2004-02-21,214.04292
2004-02-22,214.31012
2004-02-23,214.5773
2004-02-24,214.84448
2004-02-25,215.11168
2004-02-26,215.37886
2004-02-27,215.64604
2004-02-28,215.91324
2004-02-29,216.18042
2004-03-01,216.4476
2004-03-02,216.7148
2004-03-03,216.98198
2004-03-04,217.24918
2004-03-05,217.51636
2004-03-06,217.78354
2004-03-07,218.05074
2004-03-08,218.31792
2004-03-09,218.5851
2004-03-10,218.8523
2004-03-11,219.11948
2004-03-12,219.38667
2004-03-13,219.65385
2004-03-14,219.92104
2004-03-15,220.18823
2004-03-16,220.45541
2004-03-17,222.18852
2004-03-18,223.92162
2004-03-19,225.65472
2004-03-20,227.38783
2004-03-21,229.12094
2004-03-22,230.85403
2004-03-23,232.58714
2004-03-24,234.32025
2004-03-25,236.05334
2004-03-26,237.78645
2004-03-27,239.51956
2004-03-28,241.25267
2004-03-29,242.98576
2004-03-30,244.71887
2004-03-31,246.45198
2004-04-01,248.18507
2004-04-02,249.91818
2004-04-03,251.65129
2004-04-04,253.38438
2004-04-05,255.1175
2004-04-06,256.8506
2004-04-07,258.5837
2004-04-08,260.3168
2004-04-09,262.04993
2004-04-10,263.78302
2004-04-11,265.5161
2004-04-12,267.24924
2004-04-13,268.98233
2004-04-14,270.71542
2004-04-15,272.44855
2004-04-16,274.18164
2004-04-17,275.78986
2004-04-18,277.3981
2004-04-19,279.00632
2004-04-20,280.61453
2004-04-21,282.22278
2004-04-22,283.831
2004-04-23,285.43924
2004-04-24,287.04745
2004-04-25,288.65567
2004-04-26,290.26392
2004-04-27,291.87213
2004-04-28,293.48035
2004-04-29,295.0886
2004-04-30,296.6968
2004-05-01,298.30505
2004-05-02,299.91327
2004-05-03,301.52148
2004-05-04,303.12973
2004-05-05,304.73795
2004-05-06,306.34616
2004-05-07,307.9544
2004-05-08,309.56262
2004-05-09,311.17084
2004-05-10,312.77908
2004-05-11,314.3873
2004-05-12,315.99554
2004-05-13,317.60376
2004-05-14,319.21198
2004-05-15,320.82022
2004-05-16,322.42844
2004-05-17,322.46338
2004-05-18,322.49832
2004-05-19,322.53326
2004-05-20,322.5682
2004-05-21,322.60315
2004-05-22,322.6381
2004-05-23,322.67303
2004-05-24,322.708
2004-05-25,322.74295
2004-05-26,322.7779
2004-05-27,322.81284
2004-05-28,322.84778
2004-05-29,322.88272
2004-05-30,322.91766
2004-05-31,322.9526
2004-06-01,322.98755
2004-06-02,323.0225
2004-06-03,323.05743
2004-06-04,323.09238
2004-06-05,323.12732
2004-06-06,323.16226
2004-06-07,323.1972
2004-06-08,323.23215
2004-06-09,323.26712
2004-06-10,323.30206
2004-06-11,323.337
2004-06-12,323.37195
2004-06-13,323.4069
2004-06-14,323.44183
2004-06-15,323.47678
2004-06-16,323.51172
2004-06-17,322.76868
2004-06-18,322.02567
2004-06-19,321.28262
2004-06-20,320.53958
2004-06-21,319.79657
2004-06-22,319.05353
2004-06-23,318.3105
2004-06-24,317.56744
2004-06-25,316.82443
2004-06-26,316.0814
2004-06-27,315.33835
2004-06-28,314.59534
2004-06-29,313.8523
2004-06-30,313.10925
2004-07-01,312.3662
2004-07-02,311.6232
2004-07-03,310.88016
2004-07-04,310.13712
2004-07-05,309.3941
2004-07-06,308.65106
2004-07-07,307.90802
2004-07-08,307.165
2004-07-09,306.42197
2004-07-10,305.67892
2004-07-11,304.9359
2004-07-12,304.19287
2004-07-13,303.44983
2004-07-14,302.7068
2004-07-15,301.96378
2004-07-16,301.22073
2004-07-17,300.74966
2004-07-18,300.27856
2004-07-19,299.8075
2004-07-20,299.33643
2004-07-21,298.86533
2004-07-22,298.39426
2004-07-23,297.9232
2004-07-24,297.4521
2004-07-25,296.98102
2004-07-26,296.50992
2004-07-27,296.03885
2004-07-28,295.56778
2004-07-29,295.09668
2004-07-30,294.6256
2004-07-31,294.15454
2004-08-01,293.68344
2004-08-02,293.21237
2004-08-03,292.7413
2004-08-04,292.2702
2004-08-05,291.79913
2004-08-06,291.32806
2004-08-07,290.85696
2004-08-08,290.3859
2004-08-09,289.9148
2004-08-10,289.44373
2004-08-11,288.97266
2004-08-12,288.50156
2004-08-13,288.0305
2004-08-14,287.55942
2004-08-15,287.08832
2004-08-16,286.61725
2004-08-17,285.55783
2004-08-18,284.49844
2004-08-19,283.43903
2004-08-20,282.3796
2004-08-21,281.32022
2004-08-22,280.2608
2004-08-23,279.2014
2004-08-24,278.142
2004-08-25,277.08258
2004-08-26,276.02316
2004-08-27,274.96378
2004-08-28,273.90436
2004-08-29,272.84494
2004-08-30,271.78555
2004-08-31,270.72614
2004-09-01,269.66672
2004-09-02,268.60733
2004-09-03,267.5479
2004-09-04,266.4885
2004-09-05,265.4291
2004-09-06,264.3697
2004-09-07,263.31027
2004-09-08,262.2509
2004-09-09,261.19147
2004-09-10,260.13205
2004-09-11,259.07266
2004-09-12,258.01324
2004-09-13,256.95383
2004-09-14,255.89444
2004-09-15,254.83502
2004-09-16,253.77562
2004-09-17,253.21887
2004-09-18,252.66212
2004-09-19,252.1054
2004-09-20,251.54865
2004-09-21,250.9919
2004-09-22,250.43515
2004-09-23,249.87842
2004-09-24,249.32167
2004-09-25,248.76492
2004-09-26,248.20818
2004-09-27,247.65144
2004-09-28,247.0947
2004-09-29,246.53795
2004-09-30,245.9812
2004-10-01,245.42447
2004-10-02,244.86772
2004-10-03,244.31097
2004-10-04,243.75423
2004-10-05,243.19748
2004-10-06,242.64075
2004-10-07,242.084
2004-10-08,241.52725
2004-10-09,240.9705
2004-10-10,240.41377
2004-10-11,239.85703
2004-10-12,239.30028
2004-10-13,238.74353
2004-10-14,238.1868
2004-10-15,237.63005
2004-10-16,237.0733
2004-10-17,235.0883
2004-10-18,233.10329
2004-10-19,231.11829
2004-10-20,229.13327
2004-10-21,227.14827
2004-10-22,225.16325
2004-10-23,223.17825
2004-10-24,221.19324
2004-10-25,219.20824
2004-10-26,217.22322
2004-10-27,215.23822
2004-10-28,213.25322
2004-10-29,211.2682
2004-10-30,209.2832
2004-10-31,207.29819
2004-11-01,205.31319
2004-11-02,203.32817
2004-11-03,201.34317
2004-11-04,199.35815
2004-11-05,197.37315
2004-11-06,195.38815
2004-11-07,193.40314
2004-11-08,191.41814
2004-11-09,189.43312
2004-11-10,187.44812
2004-11-11,185.4631
2004-11-12,183.4781
2004-11-13,181.49309
2004-11-14,179.50809
2004-11-15,177.52307
2004-11-16,175.53807
2004-11-17,175.26399
2004-11-18,174.98993
2004-11-19,174.71585
2004-11-20,174.44177
2004-11-21,174.1677
2004-11-22,173.89363
2004-11-23,173.61955
2004-11-24,173.34547
2004-11-25,173.0714
2004-11-26,172.79733
2004-11-27,172.52325
2004-11-28,172.24918
2004-11-29,171.9751
2004-11-30,171.70103
2004-12-01,171.42696
2004-12-02,171.15288
2004-12-03,170.87881
2004-12-04,170.60474
2004-12-05,170.33066
2004-12-06,170.05658
2004-12-07,169.78252
2004-12-08,169.50844
2004-12-09,169.23436
2004-12-10,168.96028
2004-12-11,168.68622
2004-12-12,168.41214
2004-12-13,168.13806
2004-12-14,167.86398
2004-12-15,167.58992
2004-12-16,167.31584
2004-12-17,166.85497
2004-12-18,166.3941
2004-12-19,165.93323
2004-12-20,165.47235
2004-12-21,165.01149
2004-12-22,164.55061
2004-12-23,164.08974
2004-12-24,163.62888
2004-12-25,163.168
2004-12-26,162.70714
2004-12-27,162.24626
2004-12-28,161.78539
2004-12-29,161.32452
2004-12-30,160.86365
2004-12-31,160.40277
2005-01-01,159.94191
2005-01-02,159.48103
2005-01-03,159.02016
2005-01-04,158.5593
2005-01-05,158.09842
2005-01-06,157.63754
2005-01-07,157.17668
2005-01-08,156.7158
2005-01-09,156.25494
2005-01-10,155.79407
2005-01-11,155.33319
2005-01-12,154.87233
2005-01-13,154.41145
2005-01-14,153.95058
2005-01-15,153.48972
2005-01-16,153.02884
2005-01-17,154.63428
2005-01-18,156.2397
2005-01-19,157.84514
2005-01-20,159.45058
2005-01-21,161.056
2005-01-22,162.66144
2005-01-23,164.26686
2005-01-24,165.8723
2005-01-25,167.47774
2005-01-26,169.08316
2005-01-27,170.6886
2005-01-28,172.29404
2005-01-29,173.89946
2005-01-30,175.5049
2005-01-31,177.11032
2005-02-01,178.71576
2005-02-02,180.3212
2005-02-03,181.92662
2005-02-04,183.53206
2005-02-05,185.1375
2005-02-06,186.74292
2005-02-07,188.34836
2005-02-08,189.9538
2005-02-09,191.55922
2005-02-10,193.16466
2005-02-11,194.77008
2005-02-12,196.37552
2005-02-13,197.98096
2005-02-14,199.58638
2005-02-15,201.19182
2005-02-16,202.26682
2005-02-17,203.34181
2005-02-18,204.41681
2005-02-19,205.4918
2005-02-20,206.56679
2005-02-21,207.64178
2005-02-22,208.71678
2005-02-23,209.79178
2005-02-24,210.86678
2005-02-25,211.94177
2005-02-26,213.01677
2005-02-27,214.09177
2005-02-28,215.16676
2005-03-01,216.24176
2005-03-02,217.31674
2005-03-03,218.39174
2005-03-04,219.46674
2005-03-05,220.54173
2005-03-06,221.61673
2005-03-07,222.69173
2005-03-08,223.76672
2005-03-09,224.84172
2005-03-10,225.91672
2005-03-11,226.99171
2005-03-12,228.0667
2005-03-13,229.1417
2005-03-14,230.21669
2005-03-15,231.29169
2005-03-16,232.36668
2005-03-17,234.13628
2005-03-18,235.90587
2005-03-19,237.67548
2005-03-20,239.44507
2005-03-21,241.21466
2005-03-22,242.98425
2005-03-23,244.75386
2005-03-24,246.52345
2005-03-25,248.29305
2005-03-26,250.06264
2005-03-27,251.83223
2005-03-28,253.60184
2005-03-29,255.37143
2005-03-30,257.14102
2005-03-31,258.9106
2005-04-01,260.6802
2005-04-02,262.4498
2005-04-03,264.21942
2005-04-04,265.989
2005-04-05,267.7586
2005-04-06,269.5282
2005-04-07,271.2978
2005-04-08,273.06738
2005-04-09,274.83698
2005-04-10,276.60657
2005-04-11,278.37616
2005-04-12,280.14578
2005-04-13,281.91537
2005-04-14,283.68497
2005-04-15,285.45456
2005-04-16,287.22415
2005-04-17,287.26495
2005-04-18,287.30576
2005-04-19,287.34656
2005-04-20,287.38736
2005-04-21,287.42816
2005-04-22,287.46896
2005-04-23,287.50977
2005-04-24,287.55057
2005-04-25,287.59137
2005-04-26,287.63217
2005-04-27,287.67297
2005-04-28,287.71378
2005-04-29,287.75458
2005-04-30,287.79538
2005-05-01,287.83618
2005-05-02,287.877
2005-05-03,287.91782
2005-05-04,287.95862
2005-05-05,287.99942
2005-05-06,288.04022
2005-05-07,288.08102
2005-05-08,288.12183
2005-05-09,288.16263
2005-05-10,288.20343
2005-05-11,288.24423
2005-05-12,288.28503
2005-05-13,288.32584
2005-05-14,288.36664
2005-05-15,288.40744
2005-05-16,288.44824
2005-05-17,289.19916
2005-05-18,289.9501
2005-05-19,290.70102
2005-05-20,291.45193
2005-05-21,292.20285
2005-05-22,292.9538
2005-05-23,293.7047
2005-05-24,294.45563
2005-05-25,295.20654
2005-05-26,295.9575
2005-05-27,296.7084
2005-05-28,297.45932
2005-05-29,298.21024
2005-05-30,298.96118
2005-05-31,299.7121
2005-06-01,300.463
2005-06-02,301.21393
2005-06-03,301.96487
2005-06-04,302.7158
2005-06-05,303.4667
2005-06-06,304.21762
2005-06-07,304.96857
2005-06-08,305.71948
2005-06-09,306.4704
2005-06-10,307.2213
2005-06-11,307.97226
2005-06-12,308.72318
2005-06-13,309.4741
2005-06-14,310.225
2005-06-15,310.97595
2005-06-16,311.72687
2005-06-17,311.43097
2005-06-18,311.1351
2005-06-19,310.8392
2005-06-20,310.54333
2005-06-21,310.24744
2005-06-22,309.95157
2005-06-23,309.65567
2005-06-24,309.3598
2005-06-25,309.0639
2005-06-26,308.76804
2005-06-27,308.47214
2005-06-28,308.17627
2005-06-29,307.88037
2005-06-30,307.5845
2005-07-01,307.2886
2005-07-02,306.9927
2005-07-03,306.69684
2005-07-04,306.40094
2005-07-05,306.10507
2005-07-06,305.80917
2005-07-07,305.5133
2005-07-08,305.2174
2005-07-09,304.92154
2005-07-10,304.62564
2005-07-11,304.32977
2005-07-12,304.03387
2005-07-13,303.738
2005-07-14,303.4421
2005-07-15,303.14624
2005-07-16,302.85034
2005-07-17,302.09518
2005-07-18,301.34
2005-07-19,300.58484
2005-07-20,299.82965
2005-07-21,299.0745
2005-07-22,298.3193
2005-07-23,297.56415
2005-07-24,296.80896
2005-07-25,296.0538
2005-07-26,295.2986
2005-07-27,294.54346
2005-07-28,293.78827
2005-07-29,293.0331
2005-07-30,292.27792
2005-07-31,291.52277
2005-08-01,290.76758
2005-08-02,290.01242
2005-08-03,289.25723
2005-08-04,288.50208
2005-08-05,287.7469
2005-08-06,286.99173
2005-08-07,286.23654
2005-08-08,285.48138
2005-08-09,284.7262
2005-08-10,283.97104
2005-08-11,283.21585
2005-08-12,282.4607
2005-08-13,281.7055
2005-08-14,280.95035
2005-08-15,280.19516
2005-08-16,279.44
2005-08-17,278.62177
2005-08-18,277.8035
2005-08-19,276.98526
2005-08-20,276.16702
2005-08-21,275.3488
2005-08-22,274.53052
2005-08-23,273.71228
2005-08-24,272.89404
2005-08-25,272.0758
2005-08-26,271.25754
2005-08-27,270.4393
2005-08-28,269.62106
2005-08-29,268.8028
2005-08-30,267.98456
2005-08-31,267.16632
2005-09-01,266.34808
2005-09-02,265.52982
2005-09-03,264.71158
2005-09-04,263.89334
2005-09-05,263.0751
2005-09-06,262.25684
2005-09-07,261.4386
2005-09-08,260.62036
2005-09-09,259.8021
2005-09-10,258.98386
2005-09-11,258.16562
2005-09-12,257.34738
2005-09-13,256.5291
2005-09-14,255.71088
2005-09-15,254.89264
2005-09-16,254.07439
2005-09-17,253.41205
2005-09-18,252.7497
2005-09-19,252.08736
2005-09-20,251.42502
2005-09-21,250.76266
2005-09-22,250.10033
2005-09-23,249.43797
2005-09-24,248.77563
2005-09-25,248.1133
2005-09-26,247.45094
2005-09-27,246.7886
2005-09-28,246.12627
2005-09-29,245.46391
2005-09-30,244.80157
2005-10-01,244.13922
2005-10-02,243.47688
2005-10-03,242.81454
2005-10-04,242.15219
2005-10-05,241.48985
2005-10-06,240.82751
2005-10-07,240.16516
2005-10-08,239.50282
2005-10-09,238.84048
2005-10-10,238.17813
2005-10-11,237.5158
2005-10-12,236.85344
2005-10-13,236.1911
2005-10-14,235.52876
2005-10-15,234.86641
2005-10-16,234.20407
2005-10-17,232.86949
2005-10-18,231.53491
2005-10-19,230.20033
2005-10-20,228.86577
2005-10-21,227.53119
2005-10-22,226.19661
2005-10-23,224.86203
2005-10-24,223.52745
2005-10-25,222.19287
2005-10-26,220.85829
2005-10-27,219.52371
2005-10-28,218.18915
2005-10-29,216.85457
2005-10-30,215.51999
2005-10-31,214.18541
2005-11-01,212.85083
2005-11-02,211.51625
2005-11-03,210.18167
2005-11-04,208.84709
2005-11-05,207.51253
2005-11-06,206.17795
2005-11-07,204.84337
2005-11-08,203.50879
2005-11-09,202.17421
2005-11-10,200.83963
2005-11-11,199.50505
2005-11-12,198.17047
2005-11-13,196.8359
2005-11-14,195.50133
2005-11-15,194.16675
2005-11-16,192.83217
2005-11-17,191.90771
2005-11-18,190.98325
2005-11-19,190.05878
2005-11-20,189.13432
2005-11-21,188.20987
2005-11-22,187.2854
2005-11-23,186.36093
2005-11-24,185.43648
2005-11-25,184.51202
2005-11-26,183.58755
2005-11-27,182.66309
2005-11-28,181.73863
2005-11-29,180.81418
2005-11-30,179.88971
2005-12-01,178.96524
2005-12-02,178.04079
2005-12-03,177.11633
2005-12-04,176.19186
2005-12-05,175.2674
2005-12-06,174.34294
2005-12-07,173.41849
2005-12-08,172.49402
2005-12-09,171.56955
2005-12-10,170.6451
2005-12-11,169.72064
2005-12-12,168.79617
2005-12-13,167.8717
2005-12-14,166.94725
2005-12-15,166.0228
2005-12-16,165.09833
2005-12-17,165.2175
2005-12-18,165.33667
2005-12-19,165.45586
2005-12-20,165.57503
2005-12-21,165.6942
2005-12-22,165.81337
2005-12-23,165.93256
2005-12-24,166.05173
2005-12-25,166.1709
2005-12-26,166.29007
2005-12-27,166.40924
2005-12-28,166.52843
2005-12-29,166.6476
2005-12-30,166.76677
2005-12-31,166.88594
2006-01-01,167.00513
2006-01-02,167.1243
2006-01-03,167.24347
2006-01-04,167.36264
2006-01-05,167.48183
2006-01-06,167.601
2006-01-07,167.72017
2006-01-08,167.83934
2006-01-09,167.95851
2006-01-10,168.0777
2006-01-11,168.19687
2006-01-12,168.31604
2006-01-13,168.43521
2006-01-14,168.5544
2006-01-15,168.67357
2006-01-16,168.79274
2006-01-17,170.33687
2006-01-18,171.881
2006-01-19,173.42513
2006-01-20,174.96925
2006-01-21,176.51338
2006-01-22,178.05751
2006-01-23,179.60164
2006-01-24,181.14577
2006-01-25,182.6899
2006-01-26,184.23402
2006-01-27,185.77815
2006-01-28,187.32228
2006-01-29,188.86641
2006-01-30,190.41054
2006-01-31,191.95468
2006-02-01,193.49881
2006-02-02,195.04294
2006-02-03,196.58707
2006-02-04,198.1312
2006-02-05,199.67532
2006-02-06,201.21945
2006-02-07,202.76358
2006-02-08,204.30771
2006-02-09,205.85184
2006-02-10,207.39597
2006-02-11,208.9401
2006-02-12,210.48422
2006-02-13,212.02835
2006-02-14,213.57248
2006-02-15,215.11661
2006-02-16,215.44525
2006-02-17,215.77388
2006-02-18,216.10252
2006-02-19,216.43115
2006-02-20,216.7598
2006-02-21,217.08842
2006-02-22,217.41707
2006-02-23,217.7457
2006-02-24,218.07434
2006-02-25,218.40297
2006-02-26,218.73161
2006-02-27,219.06024
2006-02-28,219.38889
2006-03-01,219.71751
2006-03-02,220.04616
2006-03-03,220.37479
2006-03-04,220.70343
2006-03-05,221.03206
2006-03-06,221.3607
2006-03-07,221.68933
2006-03-08,222.01797
2006-03-09,222.3466
2006-03-10,222.67525
2006-03-11,223.00388
2006-03-12,223.33252
2006-03-13,223.66115
2006-03-14,223.98979
2006-03-15,224.31842
2006-03-16,224.64706
2006-03-17,225.87292
2006-03-18,227.0988
2006-03-19,228.32466
2006-03-20,229.55054
2006-03-21,230.7764
2006-03-22,232.00227
2006-03-23,233.22813
2006-03-24,234.45401
2006-03-25,235.67987
2006-03-26,236.90575
2006-03-27,238.1316
2006-03-28,239.35747
2006-03-29,240.58334
2006-03-30,241.8092
2006-03-31,243.03508
2006-04-01,244.26094
2006-04-02,245.48682
2006-04-03,246.71268
2006-04-04,247.93855
2006-04-05,249.16441
2006-04-06,250.39027
2006-04-07,251.61615
2006-04-08,252.84201
2006-04-09,254.06789
2006-04-10,255.29375
2006-04-11,256.51962
2006-04-12,257.74548
2006-04-13,258.97134
2006-04-14,260.19724
2006-04-15,261.4231
2006-04-16,262.64896
2006-04-17,264.60672
2006-04-18,266.5645
2006-04-19,268.52228
2006-04-20,270.48007
2006-04-21,272.43784
2006-04-22,274.3956
2006-04-23,276.3534
2006-04-24,278.31116
2006-04-25,280.26895
2006-04-26,282.2267
2006-04-27,284.18448
2006-04-28,286.14227
2006-04-29,288.10004
2006-04-30,290.05783
2006-05-01,292.0156
2006-05-02,293.97336
2006-05-03,295.93115
2006-05-04,297.88892
2006-05-05,299.8467
2006-05-06,301.80447
2006-05-07,303.76224
2006-05-08,305.72003
2006-05-09,307.6778
2006-05-10,309.6356
2006-05-11,311.59335
2006-05-12,313.55112
2006-05-13,315.5089
2006-05-14,317.46667
2006-05-15,319.42447
2006-05-16,321.38223
2006-05-17,321.069
2006-05-18,320.75577
2006-05-19,320.44254
2006-05-20,320.1293
2006-05-21,319.81607
2006-05-22,319.50284
2006-05-23,319.1896
2006-05-24,318.87637
2006-05-25,318.56314
2006-05-26,318.2499
2006-05-27,317.93668
2006-05-28,317.62344
2006-05-29,317.3102
2006-05-30,316.99698
2006-05-31,316.68375
2006-06-01,316.3705
2006-06-02,316.05728
2006-06-03,315.74405
2006-06-04,315.43082
2006-06-05,315.11758
2006-06-06,314.80435
2006-06-07,314.49112
2006-06-08,314.1779
2006-06-09,313.86465
2006-06-10,313.55142
2006-06-11,313.2382
2006-06-12,312.92496
2006-06-13,312.61172
2006-06-14,312.2985
2006-06-15,311.98526
2006-06-16,311.67203
2006-06-17,311.488
2006-06-18,311.304
2006-06-19,311.11996
2006-06-20,310.93594
2006-06-21,310.75192
2006-06-22,310.5679
2006-06-23,310.38388
2006-06-24,310.1999
2006-06-25,310.01587
2006-06-26,309.83185
2006-06-27,309.64783
2006-06-28,309.4638
2006-06-29,309.2798
2006-06-30,309.09576
2006-07-01,308.91174
2006-07-02,308.72772
2006-07-03,308.5437
2006-07-04,308.35968
2006-07-05,308.17566
2006-07-06,307.99164
2006-07-07,307.80762
2006-07-08,307.6236
2006-07-09,307.4396
2006-07-10,307.25558
2006-07-11,307.07156
2006-07-12,306.88754
2006-07-13,306.70352
2006-07-14,306.5195
2006-07-15,306.33548
2006-07-16,306.15146
2006-07-17,304.02588
2006-07-18,301.9003
2006-07-19,299.77472
2006-07-20,297.64914
2006-07-21,295.52356
2006-07-22,293.39798
2006-07-23,291.2724
2006-07-24,289.14682
2006-07-25,287.02124
2006-07-26,284.89566
2006-07-27,282.77008
2006-07-28,280.6445
2006-07-29,278.51892
2006-07-30,276.39334
2006-07-31,274.26776
2006-08-01,272.14218
2006-08-02,270.0166
2006-08-03,267.89102
2006-08-04,265.76544
2006-08-05,263.63986
2006-08-06,261.51428
2006-08-07,259.3887
2006-08-08,257.26312
2006-08-09,255.13754
2006-08-10,253.01196
2006-08-11,250.88638
2006-08-12,248.7608
2006-08-13,246.63522
2006-08-14,244.50964
2006-08-15,242.38406
2006-08-16,240.25848
2006-08-17,240.05405
2006-08-18,239.8496
2006-08-19,239.64516
2006-08-20,239.4407
2006-08-21,239.23627
2006-08-22,239.03181
2006-08-23,238.82738
2006-08-24,238.62292
2006-08-25,238.41849
2006-08-26,238.21404
2006-08-27,238.0096
2006-08-28,237.80516
2006-08-29,237.60071
2006-08-30,237.39627
2006-08-31,237.19182
2006-09-01,236.98738
2006-09-02,236.78293
2006-09-03,236.57849
2006-09-04,236.37404
2006-09-05,236.1696
2006-09-06,235.96516
2006-09-07,235.76071
2006-09-08,235.55627
2006-09-09,235.35182
2006-09-10,235.14738
2006-09-11,234.94293
2006-09-12,234.7385
2006-09-13,234.53404
2006-09-14,234.3296
2006-09-15,234.12515
2006-09-16,233.92072
2006-09-17,232.9222
2006-09-18,231.92368
2006-09-19,230.92514
2006-09-20,229.92662
2006-09-21,228.9281
2006-09-22,227.92958
2006-09-23,226.93106
2006-09-24,225.93253
2006-09-25,224.934
2006-09-26,223.93549
2006-09-27,222.93697
2006-09-28,221.93845
2006-09-29,220.93991
2006-09-30,219.94139
2006-10-01,218.94287
2006-10-02,217.94435
2006-10-03,216.94583
2006-10-04,215.9473
2006-10-05,214.94878
2006-10-06,213.95026
2006-10-07,212.95174
2006-10-08,211.95322
2006-10-09,210.95468
2006-10-10,209.95616
2006-10-11,208.95764
2006-10-12,207.95912
2006-10-13,206.9606
2006-10-14,205.96207
2006-10-15,204.96355
2006-10-16,203.96503
2006-10-17,203.4741
2006-10-18,202.9832
2006-10-19,202.49228
2006-10-20,202.00137
2006-10-21,201.51045
2006-10-22,201.01955
2006-10-23,200.52863
2006-10-24,200.0377
2006-10-25,199.5468
2006-10-26,199.05588
2006-10-27,198.56497
2006-10-28,198.07405
2006-10-29,197.58313
2006-10-30,197.09222
2006-10-31,196.6013
2006-11-01,196.1104
2006-11-02,195.61948
2006-11-03,195.12857
2006-11-04,194.63765
2006-11-05,194.14673
2006-11-06,193.65582
2006-11-07,193.1649
2006-11-08,192.674
2006-11-09,192.18307
2006-11-10,191.69215
2006-11-11,191.20125
2006-11-12,190.71033
2006-11-13,190.21942
2006-11-14,189.7285
2006-11-15,189.2376
2006-11-16,188.74667
2006-11-17,187.59451
2006-11-18,186.44235
2006-11-19,185.29019
2006-11-20,184.13803
2006-11-21,182.98587
2006-11-22,181.83371
2006-11-23,180.68155
2006-11-24,179.52939
2006-11-25,178.37723
2006-11-26,177.22507
2006-11-27,176.0729
2006-11-28,174.92075
2006-11-29,173.76859
2006-11-30,172.61642
2006-12-01,171.46426
2006-12-02,170.31209
2006-12-03,169.15993
2006-12-04,168.00777
2006-12-05,166.8556
2006-12-06,165.70345
2006-12-07,164.55128
2006-12-08,163.39912
2006-12-09,162.24696
2006-12-10,161.0948
2006-12-11,159.94264
2006-12-12,158.79048
2006-12-13,157.63832
2006-12-14,156.48616
2006-12-15,155.334
2006-12-16,154.18184
2006-12-17,154.72728
2006-12-18,155.27274
2006-12-19,155.81818
2006-12-20,156.36362
2006-12-21,156.90907
2006-12-22,157.45451
2006-12-23,157.99995
2006-12-24,158.54541
2006-12-25,159.09085
2006-12-26,159.63629
2006-12-27,160.18175
2006-12-28,160.72719
2006-12-29,161.27263
2006-12-30,161.81808
2006-12-31,162.36353
2007-01-01,162.90897
2007-01-02,163.4544
2007-01-03,163.99986
2007-01-04,164.5453
2007-01-05,165.09074
2007-01-06,165.6362
2007-01-07,166.18164
2007-01-08,166.72708
2007-01-09,167.27254
2007-01-10,167.81798
2007-01-11,168.36342
2007-01-12,168.90887
2007-01-13,169.45432
2007-01-14,169.99976
2007-01-15,170.54521
2007-01-16,171.09065
2007-01-17,171.60378
2007-01-18,172.1169
2007-01-19,172.63002
2007-01-20,173.14314
2007-01-21,173.65627
2007-01-22,174.16939
2007-01-23,174.68251
2007-01-24,175.19565
2007-01-25,175.70877
2007-01-26,176.2219
2007-01-27,176.73502
2007-01-28,177.24814
2007-01-29,177.76126
2007-01-30,178.27438
2007-01-31,178.7875
2007-02-01,179.30063
2007-02-02,179.81375
2007-02-03,180.32687
2007-02-04,180.84
2007-02-05,181.35312
2007-02-06,181.86624
2007-02-07,182.37936
2007-02-08,182.8925
2007-02-09,183.40562
2007-02-10,183.91875
2007-02-11,184.43187
2007-02-12,184.94499
2007-02-13,185.45811
2007-02-14,185.97124
2007-02-15,186.48436
2007-02-16,188.3923
2007-02-17,190.30025
2007-02-18,192.20819
2007-02-19,194.11613
2007-02-20,196.02408
2007-02-21,197.93202
2007-02-22,199.83997
2007-02-23,201.74791
2007-02-24,203.65585
2007-02-25,205.5638
2007-02-26,207.47174
2007-02-27,209.37968
2007-02-28,211.28763
2007-03-01,213.19557
2007-03-02,215.10352
2007-03-03,217.01146
2007-03-04,218.9194
2007-03-05,220.82735
2007-03-06,222.73529
2007-03-07,224.64323
2007-03-08,226.55118
2007-03-09,228.45912
2007-03-10,230.36707
2007-03-11,232.27501
2007-03-12,234.18295
2007-03-13,236.0909
2007-03-14,237.99884
2007-03-15,239.90678
2007-03-16,241.81473
2007-03-17,242.81183
2007-03-18,243.80891
2007-03-19,244.80602
2007-03-20,245.80312
2007-03-21,246.80022
2007-03-22,247.7973
2007-03-23,248.7944
2007-03-24,249.7915
2007-03-25,250.7886
2007-03-26,251.78569
2007-03-27,252.78279
2007-03-28,253.77989
2007-03-29,254.777
2007-03-30,255.77408
2007-03-31,256.77118
2007-04-01,257.76828
2007-04-02,258.76538
2007-04-03,259.76248
2007-04-04,260.75958
2007-04-05,261.75665
2007-04-06,262.75375
2007-04-07,263.75085
2007-04-08,264.74796
2007-04-09,265.74506
2007-04-10,266.74216
2007-04-11,267.73926
2007-04-12,268.73636
2007-04-13,269.73343
2007-04-14,270.73053
2007-04-15,271.72763
2007-04-16,272.72473
2007-04-17,274.0543
2007-04-18,275.38388
2007-04-19,276.71344
2007-04-20,278.04303
2007-04-21,279.3726
2007-04-22,280.70215
2007-04-23,282.03174
2007-04-24,283.3613
2007-04-25,284.6909
2007-04-26,286.02045
2007-04-27,287.35
2007-04-28,288.6796
2007-04-29,290.00916
2007-04-30,291.33875
2007-05-01,292.6683
2007-05-02,293.99786
2007-05-03,295.32745
2007-05-04,296.657
2007-05-05,297.9866
2007-05-06,299.31616
2007-05-07,300.64572
2007-05-08,301.9753
2007-05-09,303.30487
2007-05-10,304.63446
2007-05-11,305.96402
2007-05-12,307.29358
2007-05-13,308.62317
2007-05-14,309.95273
2007-05-15,311.28232
2007-05-16,312.61188
2007-05-17,312.97604
2007-05-18,313.34024
2007-05-19,313.7044
2007-05-20,314.0686
2007-05-21,314.43277
2007-05-22,314.79697
2007-05-23,315.16113
2007-05-24,315.52533
2007-05-25,315.8895
2007-05-26,316.2537
2007-05-27,316.61786
2007-05-28,316.98206
2007-05-29,317.34622
2007-05-30,317.71042
2007-05-31,318.0746
2007-06-01,318.43878
2007-06-02,318.80295
2007-06-03,319.16714
2007-06-04,319.5313
2007-06-05,319.8955
2007-06-06,320.25967
2007-06-07,320.62387
2007-06-08,320.98804
2007-06-09,321.35223
2007-06-10,321.7164
2007-06-11,322.0806
2007-06-12,322.44476
2007-06-13,322.80896
2007-06-14,323.17313
2007-06-15,323.53732
2007-06-16,323.9015
2007-06-17,323.21545
2007-06-18,322.52945
2007-06-19,321.8434
2007-06-20,321.15738
2007-06-21,320.47137
2007-06-22,319.78534
2007-06-23,319.09933
2007-06-24,318.4133
2007-06-25,317.72726
2007-06-26,317.04126
2007-06-27,316.35522
2007-06-28,315.6692
2007-06-29,314.9832
2007-06-30,314.29715
2007-07-01,313.61115
2007-07-02,312.9251
2007-07-03,312.23907
2007-07-04,311.55307
2007-07-05,310.86703
2007-07-06,310.181
2007-07-07,309.495
2007-07-08,308.80896
2007-07-09,308.12292
2007-07-10,307.43692
2007-07-11,306.7509
2007-07-12,306.06488
2007-07-13,305.37885
2007-07-14,304.6928
2007-07-15,304.0068
2007-07-16,303.32077
2007-07-17,301.49774
2007-07-18,299.67468
2007-07-19,297.85165
2007-07-20,296.0286
2007-07-21,294.20557
2007-07-22,292.38254
2007-07-23,290.55948
2007-07-24,288.73645
2007-07-25,286.91342
2007-07-26,285.09036
2007-07-27,283.26733
2007-07-28,281.44427
2007-07-29,279.62125
2007-07-30,277.79822
2007-07-31,275.97516
2007-08-01,274.15213
2007-08-02,272.32907
2007-08-03,270.50604
2007-08-04,268.683
2007-08-05,266.85995
2007-08-06,265.03693
2007-08-07,263.21387
2007-08-08,261.39084
2007-08-09,259.5678
2007-08-10,257.74475
2007-08-11,255.92172
2007-08-12,254.09868
2007-08-13,252.27563
2007-08-14,250.4526
2007-08-15,248.62956
2007-08-16,246.80652
2007-08-17,247.43163
2007-08-18,248.05673
2007-08-19,248.68182
2007-08-20,249.30693
2007-08-21,249.93204
2007-08-22,250.55714
2007-08-23,251.18224
2007-08-24,251.80734
2007-08-25,252.43245
2007-08-26,253.05756
2007-08-27,253.68266
2007-08-28,254.30775
2007-08-29,254.93286
2007-08-30,255.55797
2007-08-31,256.18307
2007-09-01,256.80817
2007-09-02,257.4333
2007-09-03,258.05838
2007-09-04,258.68347
2007-09-05,259.3086
2007-09-06,259.9337
2007-09-07,260.5588
2007-09-08,261.1839
2007-09-09,261.809
2007-09-10,262.4341
2007-09-11,263.0592
2007-09-12,263.6843
2007-09-13,264.30942
2007-09-14,264.9345
2007-09-15,265.55963
2007-09-16,266.18472
2007-09-17,264.60532
2007-09-18,263.02594
2007-09-19,261.44653
2007-09-20,259.86713
2007-09-21,258.28775
2007-09-22,256.70834
2007-09-23,255.12895
2007-09-24,253.54956
2007-09-25,251.97015
2007-09-26,250.39076
2007-09-27,248.81137
2007-09-28,247.23196
2007-09-29,245.65257
2007-09-30,244.07318
2007-10-01,242.49377
2007-10-02,240.91438
2007-10-03,239.33499
2007-10-04,237.7556
2007-10-05,236.1762
2007-10-06,234.5968
2007-10-07,233.01741
2007-10-08,231.438
2007-10-09,229.85861
2007-10-10,228.27922
2007-10-11,226.69983
2007-10-12,225.12042
2007-10-13,223.54103
2007-10-14,221.96164
2007-10-15,220.38223
2007-10-16,218.80284
2007-10-17,217.52347
2007-10-18,216.24408
2007-10-19,214.9647
2007-10-20,213.68532
2007-10-21,212.40594
2007-10-22,211.12656
2007-10-23,209.84718
2007-10-24,208.56781
2007-10-25,207.28842
2007-10-26,206.00905
2007-10-27,204.72966
2007-10-28,203.45029
2007-10-29,202.17091
2007-10-30,200.89153
2007-10-31,199.61215
2007-11-01,198.33276
2007-11-02,197.05339
2007-11-03,195.774
2007-11-04,194.49463
2007-11-05,193.21526
2007-11-06,191.93587
2007-11-07,190.6565
2007-11-08,189.3771
2007-11-09,188.09773
2007-11-10,186.81836
2007-11-11,185.53897
2007-11-12,184.2596
2007-11-13,182.98021
2007-11-14,181.70084
2007-11-15,180.42145
2007-11-16,179.14207
2007-11-17,178.47867
2007-11-18,177.81525
2007-11-19,177.15182
2007-11-20,176.48842
2007-11-21,175.82501
2007-11-22,175.16159
2007-11-23,174.49817
2007-11-24,173.83476
2007-11-25,173.17136
2007-11-26,172.50793
2007-11-27,171.84451
2007-11-28,171.1811
2007-11-29,170.5177
2007-11-30,169.85428
2007-12-01,169.19086
2007-12-02,168.52745
2007-12-03,167.86404
2007-12-04,167.20062
2007-12-05,166.5372
2007-12-06,165.8738
2007-12-07,165.21039
2007-12-08,164.54697
2007-12-09,163.88354
2007-12-10,163.22014
2007-12-11,162.55673
2007-12-12,161.89331
2007-12-13,161.22989
2007-12-14,160.56648
2007-12-15,159.90308
2007-12-16,159.23965
2007-12-17,159.24722
2007-12-18,159.25478
2007-12-19,159.26234
2007-12-20,159.26991
2007-12-21,159.27747
2007-12-22,159.28503
2007-12-23,159.2926
2007-12-24,159.30016
2007-12-25,159.30772
2007-12-26,159.31529
2007-12-27,159.32285
2007-12-28,159.33041
2007-12-29,159.33798
2007-12-30,159.34554
2007-12-31,159.3531
2008-01-01,159.36067
2008-01-02,159.36824
2008-01-03,159.3758
2008-01-04,159.38336
2008-01-05,159.39093
2008-01-06,159.39848
2008-01-07,159.40605
2008-01-08,159.41362
2008-01-09,159.42117
2008-01-10,159.42874
2008-01-11,159.43631
2008-01-12,159.44386
2008-01-13,159.45143
2008-01-14,159.459
2008-01-15,159.46655
2008-01-16,159.47412
2008-01-17,160.87936
2008-01-18,162.28462
2008-01-19,163.68987
2008-01-20,165.09511
2008-01-21,166.50037
2008-01-22,167.90561
2008-01-23,169.31085
2008-01-24,170.7161
2008-01-25,172.12135
2008-01-26,173.5266
2008-01-27,174.93184
2008-01-28,176.3371
2008-01-29,177.74234
2008-01-30,179.14758
2008-01-31,180.55283
2008-02-01,181.95808
2008-02-02,183.36333
2008-02-03,184.76857
2008-02-04,186.17383
2008-02-05,187.57907
2008-02-06,188.98431
2008-02-07,190.38957
2008-02-08,191.79482
2008-02-09,193.20006
2008-02-10,194.60532
2008-02-11,196.01056
2008-02-12,197.4158
2008-02-13,198.82104
2008-02-14,200.2263
2008-02-15,201.63155
2008-02-16,202.81721
2008-02-17,204.00287
2008-02-18,205.18854
2008-02-19,206.37419
2008-02-20,207.55986
2008-02-21,208.74553
2008-02-22,209.93118
2008-02-23,211.11685
2008-02-24,212.3025
2008-02-25,213.48817
2008-02-26,214.67384
2008-02-27,215.8595
2008-02-28,217.04517
2008-02-29,218.23082
2008-03-01,219.41649
2008-03-02,220.60216
2008-03-03,221.78781
2008-03-04,222.97348
2008-03-05,224.15913
2008-03-06,225.3448
2008-03-07,226.53047
2008-03-08,227.71613
2008-03-09,228.9018
2008-03-10,230.08745
2008-03-11,231.27312
2008-03-12,232.45879
2008-03-13,233.64444
2008-03-14,234.83011
2008-03-15,236.01576
2008-03-16,237.20143
2008-03-17,238.0403
2008-03-18,238.87918
2008-03-19,239.71805
2008-03-20,240.55693
2008-03-21,241.3958
2008-03-22,242.23468
2008-03-23,243.07355
2008-03-24,243.91241
2008-03-25,244.7513
2008-03-26,245.59016
2008-03-27,246.42905
2008-03-28,247.26791
2008-03-29,248.10678
2008-03-30,248.94566
2008-03-31,249.78453
2008-04-01,250.62341
2008-04-02,251.46228
2008-04-03,252.30116
2008-04-04,253.14003
2008-04-05,253.9789
2008-04-06,254.81778
2008-04-07,255.65665
2008-04-08,256.4955
2008-04-09,257.3344
2008-04-10,258.17328
2008-04-11,259.01215
2008-04-12,259.851
2008-04-13,260.68988
2008-04-14,261.52878
2008-04-15,262.36765
2008-04-16,263.2065
2008-04-17,263.9879
2008-04-18,264.76932
2008-04-19,265.55072
2008-04-20,266.33212
2008-04-21,267.11353
2008-04-22,267.89496
2008-04-23,268.67636
2008-04-24,269.45776
2008-04-25,270.23917
2008-04-26,271.02057
2008-04-27,271.80197
2008-04-28,272.58337
2008-04-29,273.36478
2008-04-30,274.14618
2008-05-01,274.9276
2008-05-02,275.709
2008-05-03,276.49042
2008-05-04,277.27182
2008-05-05,278.05322
2008-05-06,278.83463
2008-05-07,279.61603
2008-05-08,280.39743
2008-05-09,281.17883
2008-05-10,281.96024
2008-05-11,282.74164
2008-05-12,283.52307
2008-05-13,284.30447
2008-05-14,285.08588
2008-05-15,285.86728
2008-05-16,286.64868
2008-05-17,287.40207
2008-05-18,288.15546
2008-05-19,288.90884
2008-05-20,289.66223
2008-05-21,290.41562
2008-05-22,291.169
2008-05-23,291.9224
2008-05-24,292.67575
2008-05-25,293.42914
2008-05-26,294.18253
2008-05-27,294.9359
2008-05-28,295.6893
2008-05-29,296.4427
2008-05-30,297.19608
2008-05-31,297.94946
2008-06-01,298.70285
2008-06-02,299.45624
2008-06-03,300.20963
2008-06-04,300.963
2008-06-05,301.7164
2008-06-06,302.4698
2008-06-07,303.22318
2008-06-08,303.97656
2008-06-09,304.72992
2008-06-10,305.4833
2008-06-11,306.2367
2008-06-12,306.99008
2008-06-13,307.74347
2008-06-14,308.49686
2008-06-15,309.25024
2008-06-16,310.00363
2008-06-17,309.8845
2008-06-18,309.76535
2008-06-19,309.64618
2008-06-20,309.52704
2008-06-21,309.4079
2008-06-22,309.28876
2008-06-23,309.16962
2008-06-24,309.05045
2008-06-25,308.9313
2008-06-26,308.81216
2008-06-27,308.69302
2008-06-28,308.57388
2008-06-29,308.4547
2008-06-30,308.33557
2008-07-01,308.21643
2008-07-02,308.0973
2008-07-03,307.97815
2008-07-04,307.85898
2008-07-05,307.73984
2008-07-06,307.6207
2008-07-07,307.50156
2008-07-08,307.38242
2008-07-09,307.26324
2008-07-10,307.1441
2008-07-11,307.02496
2008-07-12,306.90582
2008-07-13,306.78668
2008-07-14,306.6675
2008-07-15,306.54837
2008-07-16,306.42923
2008-07-17,304.86276
2008-07-18,303.2963
2008-07-19,301.72983
2008-07-20,300.16336
2008-07-21,298.5969
2008-07-22,297.03043
2008-07-23,295.46396
2008-07-24,293.89746
2008-07-25,292.331
2008-07-26,290.76453
2008-07-27,289.19806
2008-07-28,287.6316
2008-07-29,286.06512
2008-07-30,284.49866
2008-07-31,282.9322
2008-08-01,281.36572
2008-08-02,279.79926
2008-08-03,278.2328
2008-08-04,276.66632
2008-08-05,275.09985
2008-08-06,273.5334
2008-08-07,271.96692
2008-08-08,270.40045
2008-08-09,268.83395
2008-08-10,267.2675
2008-08-11,265.70102
2008-08-12,264.13455
2008-08-13,262.56808
2008-08-14,261.00162
2008-08-15,259.43515
2008-08-16,257.86868
2008-08-17,257.68085
2008-08-18,257.493
2008-08-19,257.3052
2008-08-20,257.11737
2008-08-21,256.92953
2008-08-22,256.7417
2008-08-23,256.5539
2008-08-24,256.36606
2008-08-25,256.17822
2008-08-26,255.9904
2008-08-27,255.80257
2008-08-28,255.61473
2008-08-29,255.42691
2008-08-30,255.23907
2008-08-31,255.05125
2008-09-01,254.86342
2008-09-02,254.6756
2008-09-03,254.48776
2008-09-04,254.29994
2008-09-05,254.1121
2008-09-06,253.92427
2008-09-07,253.73645
2008-09-08,253.54861
2008-09-09,253.3608
2008-09-10,253.17296
2008-09-11,252.98514
2008-09-12,252.7973
2008-09-13,252.60948
2008-09-14,252.42165
2008-09-15,252.23383
2008-09-16,252.04599
2008-09-17,250.91792
2008-09-18,249.78987
2008-09-19,248.6618
2008-09-20,247.53375
2008-09-21,246.40569
2008-09-22,245.27763
2008-09-23,244.14957
2008-09-24,243.0215
2008-09-25,241.89345
2008-09-26,240.76538
2008-09-27,239.63733
2008-09-28,238.50926
2008-09-29,237.38121
2008-09-30,236.25314
2008-10-01,235.12509
2008-10-02,233.99702
2008-10-03,232.86896
2008-10-04,231.7409
2008-10-05,230.61284
2008-10-06,229.48479
2008-10-07,228.35672
2008-10-08,227.22867
2008-10-09,226.1006
2008-10-10,224.97253
2008-10-11,223.84448
2008-10-12,222.71642
2008-10-13,221.58836
2008-10-14,220.4603
2008-10-15,219.33224
2008-10-16,218.20418
2008-10-17,217.2804
2008-10-18,216.35661
2008-10-19,215.43283
2008-10-20,214.50906
2008-10-21,213.58528
2008-10-22,212.6615
2008-10-23,211.73772
2008-10-24,210.81393
2008-10-25,209.89015
2008-10-26,208.96638
2008-10-27,208.0426
2008-10-28,207.11882
2008-10-29,206.19504
2008-10-30,205.27126
2008-10-31,204.34747
2008-11-01,203.4237
2008-11-02,202.49992
2008-11-03,201.57614
2008-11-04,200.65236
2008-11-05,199.72858
2008-11-06,198.8048
2008-11-07,197.88103
2008-11-08,196.95724
2008-11-09,196.03346
2008-11-10,195.10968
2008-11-11,194.1859
2008-11-12,193.26212
2008-11-13,192.33835
2008-11-14,191.41457
2008-11-15,190.49078
2008-11-16,189.567
2008-11-17,188.72876
2008-11-18,187.89053
2008-11-19,187.05229
2008-11-20,186.21405
2008-11-21,185.37582
2008-11-22,184.53758
2008-11-23,183.69936
2008-11-24,182.86111
2008-11-25,182.02287
2008-11-26,181.18465
2008-11-27,180.3464
2008-11-28,179.50816
2008-11-29,178.66994
2008-11-30,177.8317
2008-12-01,176.99347
2008-12-02,176.15523
2008-12-03,175.31699
2008-12-04,174.47876
2008-12-05,173.64052
2008-12-06,172.80228
2008-12-07,171.96405
2008-12-08,171.12581
2008-12-09,170.28757
2008-12-10,169.44934
2008-12-11,168.6111
2008-12-12,167.77287
2008-12-13,166.93463
2008-12-14,166.09639
2008-12-15,165.25816
2008-12-16,164.41992
2008-12-17,164.43454
2008-12-18,164.44916
2008-12-19,164.46376
2008-12-20,164.47838
2008-12-21,164.493
2008-12-22,164.50761
2008-12-23,164.52222
2008-12-24,164.53683
2008-12-25,164.55145
2008-12-26,164.56607
2008-12-27,164.58069
2008-12-28,164.59529
2008-12-29,164.60991
2008-12-30,164.62453
2008-12-31,164.63914
2009-01-01,164.65375
2009-01-02,164.66837
2009-01-03,164.68298
2009-01-04,164.6976
2009-01-05,164.7122
2009-01-06,164.72682
2009-01-07,164.74144
2009-01-08,164.75606
2009-01-09,164.77068
2009-01-10,164.78528
2009-01-11,164.7999
2009-01-12,164.81451
2009-01-13,164.82913
2009-01-14,164.84373
2009-01-15,164.85835
2009-01-16,164.87297
2009-01-17,166.11229
2009-01-18,167.35162
2009-01-19,168.59094
2009-01-20,169.83028
2009-01-21,171.0696
2009-01-22,172.30893
2009-01-23,173.54825
2009-01-24,174.78757
2009-01-25,176.0269
2009-01-26,177.26622
2009-01-27,178.50555
2009-01-28,179.74487
2009-01-29,180.9842
2009-01-30,182.22353
2009-01-31,183.46286
2009-02-01,184.70218
2009-02-02,185.9415
2009-02-03,187.18083
2009-02-04,188.42015
2009-02-05,189.65948
2009-02-06,190.8988
2009-02-07,192.13814
2009-02-08,193.37746
2009-02-09,194.61678
2009-02-10,195.85611
2009-02-11,197.09543
2009-02-12,198.33476
2009-02-13,199.57408
2009-02-14,200.81342
2009-02-15,202.05273
2009-02-16,203.46089
2009-02-17,204.86905
2009-02-18,206.27722
2009-02-19,207.68538
2009-02-20,209.09354
2009-02-21,210.5017
2009-02-22,211.90985
2009-02-23,213.31801
2009-02-24,214.72618
2009-02-25,216.13434
2009-02-26,217.5425
2009-02-27,218.95065
2009-02-28,220.35881
2009-03-01,221.76697
2009-03-02,223.17514
2009-03-03,224.5833
2009-03-04,225.99146
2009-03-05,227.39961
2009-03-06,228.80777
2009-03-07,230.21593
2009-03-08,231.6241
2009-03-09,233.03226
2009-03-10,234.44041
2009-03-11,235.84857
2009-03-12,237.25673
2009-03-13,238.66489
2009-03-14,240.07306
2009-03-15,241.48122
2009-03-16,242.88937
2009-03-17,242.94794
2009-03-18,243.0065
2009-03-19,243.06505
2009-03-20,243.12361
2009-03-21,243.18217
2009-03-22,243.24074
2009-03-23,243.29929
2009-03-24,243.35785
2009-03-25,243.41641
2009-03-26,243.47498
2009-03-27,243.53354
2009-03-28,243.59209
2009-03-29,243.65065
2009-03-30,243.70921
2009-03-31,243.76778
2009-04-01,243.82632
2009-04-02,243.88489
2009-04-03,243.94345
2009-04-04,244.00201
2009-04-05,244.06056
2009-04-06,244.11913
2009-04-07,244.17769
2009-04-08,244.23625
2009-04-09,244.29482
2009-04-10,244.35336
2009-04-11,244.41193
2009-04-12,244.47049
2009-04-13,244.52905
2009-04-14,244.5876
2009-04-15,244.64616
2009-04-16,244.70473
2009-04-17,246.75188
2009-04-18,248.79903
2009-04-19,250.84619
2009-04-20,252.89334
2009-04-21,254.94049
2009-04-22,256.98764
2009-04-23,259.0348
2009-04-24,261.08194
2009-04-25,263.12912
2009-04-26,265.17627
2009-04-27,267.22342
2009-04-28,269.27057
2009-04-29,271.31772
2009-04-30,273.36487
2009-05-01,275.41202
2009-05-02,277.45917
2009-05-03,279.50632
2009-05-04,281.5535
2009-05-05,283.60065
2009-05-06,285.6478
2009-05-07,287.69495
2009-05-08,289.7421
2009-05-09,291.78925
2009-05-10,293.8364
2009-05-11,295.88354
2009-05-12,297.93073
2009-05-13,299.97787
2009-05-14,302.02502
2009-05-15,304.07217
2009-05-16,306.11932
2009-05-17,306.0072
2009-05-18,305.89508
2009-05-19,305.78296
2009-05-20,305.67084
2009-05-21,305.55872
2009-05-22,305.4466
2009-05-23,305.33447
2009-05-24,305.22238
2009-05-25,305.11026
2009-05-26,304.99814
2009-05-27,304.88602
2009-05-28,304.7739
2009-05-29,304.66177
2009-05-30,304.54965
2009-05-31,304.43753
2009-06-01,304.3254
2009-06-02,304.2133
2009-06-03,304.10117
2009-06-04,303.98904
2009-06-05,303.87692
2009-06-06,303.7648
2009-06-07,303.65268
2009-06-08,303.54056
2009-06-09,303.42847
2009-06-10,303.31635
2009-06-11,303.20422
2009-06-12,303.0921
2009-06-13,302.97998
2009-06-14,302.86786
2009-06-15,302.75574
2009-06-16,302.64362
2009-06-17,302.618
2009-06-18,302.5924
2009-06-19,302.56683
2009-06-20,302.54123
2009-06-21,302.51562
2009-06-22,302.49002
2009-06-23,302.46442
2009-06-24,302.4388
2009-06-25,302.4132
2009-06-26,302.38763
2009-06-27,302.36203
2009-06-28,302.33643
2009-06-29,302.31082
2009-06-30,302.28522
2009-07-01,302.25964
2009-07-02,302.23404
2009-07-03,302.20844
2009-07-04,302.18283
2009-07-05,302.15723
2009-07-06,302.13162
2009-07-07,302.10602
2009-07-08,302.08044
2009-07-09,302.05484
2009-07-10,302.02924
2009-07-11,302.00363
2009-07-12,301.97803
2009-07-13,301.95245
2009-07-14,301.92685
2009-07-15,301.90125
2009-07-16,301.87564
2009-07-17,300.6518
2009-07-18,299.42792
2009-07-19,298.20407
2009-07-20,296.9802
2009-07-21,295.75635
2009-07-22,294.53247
2009-07-23,293.30862
2009-07-24,292.08475
2009-07-25,290.8609
2009-07-26,289.63702
2009-07-27,288.41318
2009-07-28,287.1893
2009-07-29,285.96545
2009-07-30,284.74158
2009-07-31,283.51773
2009-08-01,282.29385
2009-08-02,281.07
2009-08-03,279.84613
2009-08-04,278.62228
2009-08-05,277.3984
2009-08-06,276.17456
2009-08-07,274.95068
2009-08-08,273.72684
2009-08-09,272.50296
2009-08-10,271.2791
2009-08-11,270.05524
2009-08-12,268.8314
2009-08-13,267.6075
2009-08-14,266.38367
2009-08-15,265.1598
2009-08-16,263.93594
2009-08-17,263.0564
2009-08-18,262.17685
2009-08-19,261.29733
2009-08-20,260.4178
2009-08-21,259.53824
2009-08-22,258.6587
2009-08-23,257.77917
2009-08-24,256.89963
2009-08-25,256.02008
2009-08-26,255.14055
2009-08-27,254.261
2009-08-28,253.38147
2009-08-29,252.50192
2009-08-30,251.62239
2009-08-31,250.74284
2009-09-01,249.86331
2009-09-02,248.98376
2009-09-03,248.10423
2009-09-04,247.22469
2009-09-05,246.34515
2009-09-06,245.4656
2009-09-07,244.58607
2009-09-08,243.70653
2009-09-09,242.827
2009-09-10,241.94745
2009-09-11,241.06792
2009-09-12,240.18837
2009-09-13,239.30884
2009-09-14,238.42929
2009-09-15,237.54976
2009-09-16,236.67021
2009-09-17,235.92188
2009-09-18,235.17355
2009-09-19,234.42522
2009-09-20,233.67688
2009-09-21,232.92856
2009-09-22,232.18022
2009-09-23,231.43188
2009-09-24,230.68355
2009-09-25,229.93523
2009-09-26,229.18689
2009-09-27,228.43855
2009-09-28,227.69023
2009-09-29,226.9419
2009-09-30,226.19356
2009-10-01,225.44522
2009-10-02,224.6969
2009-10-03,223.94856
2009-10-04,223.20023
2009-10-05,222.4519
2009-10-06,221.70357
2009-10-07,220.95523
2009-10-08,220.20691
2009-10-09,219.45857
2009-10-10,218.71024
2009-10-11,217.96191
2009-10-12,217.21358
2009-10-13,216.46524
2009-10-14,215.7169
2009-10-15,214.96858
2009-10-16,214.22025
2009-10-17,212.8221
2009-10-18,211.42395
2009-10-19,210.0258
2009-10-20,208.62766
2009-10-21,207.2295
2009-10-22,205.83136
2009-10-23,204.43321
2009-10-24,203.03508
2009-10-25,201.63693
2009-10-26,200.23878
2009-10-27,198.84064
2009-10-28,197.44249
2009-10-29,196.04434
2009-10-30,194.6462
2009-10-31,193.24805
2009-11-01,191.8499
2009-11-02,190.45175
2009-11-03,189.0536
2009-11-04,187.65546
2009-11-05,186.25731
2009-11-06,184.85916
2009-11-07,183.46101
2009-11-08,182.06287
2009-11-09,180.66473
2009-11-10,179.26659
2009-11-11,177.86844
2009-11-12,176.47029
2009-11-13,175.07214
2009-11-14,173.674
2009-11-15,172.27585
2009-11-16,170.8777
2009-11-17,170.55035
2009-11-18,170.223
2009-11-19,169.89565
2009-11-20,169.5683
2009-11-21,169.24095
2009-11-22,168.9136
2009-11-23,168.58626
2009-11-24,168.2589
2009-11-25,167.93155
2009-11-26,167.6042
2009-11-27,167.27686
2009-11-28,166.94951
2009-11-29,166.62215
2009-11-30,166.2948
2009-12-01,165.96745
2009-12-02,165.6401
2009-12-03,165.31276
2009-12-04,164.9854
2009-12-05,164.65805
2009-12-06,164.3307
2009-12-07,164.00336
2009-12-08,163.67601
2009-12-09,163.34865
2009-12-10,163.0213
2009-12-11,162.69395
2009-12-12,162.36661
2009-12-13,162.03926
2009-12-14,161.7119
2009-12-15,161.38455
2009-12-16,161.0572
2009-12-17,159.92172
2009-12-18,158.78625
2009-12-19,157.65077
2009-12-20,156.51529
2009-12-21,155.3798
2009-12-22,154.24434
2009-12-23,153.10886
2009-12-24,151.97337
2009-12-25,150.83789
2009-12-26,149.70242
2009-12-27,148.56694
2009-12-28,147.43146
2009-12-29,146.29597
2009-12-30,145.1605
2009-12-31,144.02502
2010-01-01,142.88954
2010-01-02,141.75406
2010-01-03,140.61859
2010-01-04,139.48311
2010-01-05,138.34763
2010-01-06,137.21214
2010-01-07,136.07668
2010-01-08,134.9412
2010-01-09,133.80571
2010-01-10,132.67023
2010-01-11,131.53476
2010-01-12,130.39928
2010-01-13,129.2638
2010-01-14,128.12831
2010-01-15,126.992836
2010-01-16,125.85736
2010-01-17,126.88837
2010-01-18,127.919365
2010-01-19,128.95036
2010-01-20,129.98137
2010-01-21,131.01237
2010-01-22,132.04338
2010-01-23,133.07439
2010-01-24,134.10538
2010-01-25,135.13638
2010-01-26,136.16739
2010-01-27,137.1984
2010-01-28,138.2294
2010-01-29,139.26039
2010-01-30,140.2914
2010-01-31,141.3224
2010-02-01,142.35341
2010-02-02,143.38441
2010-02-03,144.4154
2010-02-04,145.44641
2010-02-05,146.47742
2010-02-06,147.50842
2010-02-07,148.53943
2010-02-08,149.57042
2010-02-09,150.60143
2010-02-10,151.63243
2010-02-11,152.66344
2010-02-12,153.69444
2010-02-13,154.72543
2010-02-14,155.75644
2010-02-15,156.78745
2010-02-16,158.85764
2010-02-17,160.92783
2010-02-18,162.99802
2010-02-19,165.06819
2010-02-20,167.13838
2010-02-21,169.20857
2010-02-22,171.27876
2010-02-23,173.34895
2010-02-24,175.41914
2010-02-25,177.48933
2010-02-26,179.55951
2010-02-27,181.6297
2010-02-28,183.69989
2010-03-01,185.77008
2010-03-02,187.84027
2010-03-03,189.91046
2010-03-04,191.98065
2010-03-05,194.05084
2010-03-06,196.12102
2010-03-07,198.19121
2010-03-08,200.2614
2010-03-09,202.33159
2010-03-10,204.40178
2010-03-11,206.47197
2010-03-12,208.54216
2010-03-13,210.61234
2010-03-14,212.68253
2010-03-15,214.75272
2010-03-16,216.8229
2010-03-17,218.23328
2010-03-18,219.64365
2010-03-19,221.05402
2010-03-20,222.46439
2010-03-21,223.87476
2010-03-22,225.28513
2010-03-23,226.6955
2010-03-24,228.10585
2010-03-25,229.51622
2010-03-26,230.92659
2010-03-27,232.33696
2010-03-28,233.74733
2010-03-29,235.1577
2010-03-30,236.56807
2010-03-31,237.97844
2010-04-01,239.38881
2010-04-02,240.79918
2010-04-03,242.20955
2010-04-04,243.61992
2010-04-05,245.03029
2010-04-06,246.44066
2010-04-07,247.85103
2010-04-08,249.2614
2010-04-09,250.67175
2010-04-10,252.08212
2010-04-11,253.4925
2010-04-12,254.90286
2010-04-13,256.31323
2010-04-14,257.7236
2010-04-15,259.13397
2010-04-16,260.54434
2010-04-17,261.9559
2010-04-18,263.3675
2010-04-19,264.77905
2010-04-20,266.19064
2010-04-21,267.6022
2010-04-22,269.0138
2010-04-23,270.42535
2010-04-24,271.8369
2010-04-25,273.2485
2010-04-26,274.66006
2010-04-27,276.07166
2010-04-28,277.48322
2010-04-29,278.8948
2010-04-30,280.30637
2010-05-01,281.71796
2010-05-02,283.12952
2010-05-03,284.54108
2010-05-04,285.95267
2010-05-05,287.36423
2010-05-06,288.77582
2010-05-07,290.18738
2010-05-08,291.59897
2010-05-09,293.01053
2010-05-10,294.4221
2010-05-11,295.83368
2010-05-12,297.24524
2010-05-13,298.65683
2010-05-14,300.0684
2010-05-15,301.47998
2010-05-16,302.89154
2010-05-17,302.7814
2010-05-18,302.67126
2010-05-19,302.56113
2010-05-20,302.451
2010-05-21,302.34085
2010-05-22,302.2307
2010-05-23,302.12057
2010-05-24,302.01044
2010-05-25,301.9003
2010-05-26,301.79016
2010-05-27,301.68002
2010-05-28,301.5699
2010-05-29,301.45975
2010-05-30,301.3496
2010-05-31,301.23947
2010-06-01,301.1293
2010-06-02,301.01917
2010-06-03,300.90903
2010-06-04,300.7989
2010-06-05,300.68875
2010-06-06,300.5786
2010-06-07,300.46848
2010-06-08,300.35834
2010-06-09,300.2482
2010-06-10,300.13806
2010-06-11,300.02792
2010-06-12,299.9178
2010-06-13,299.80765
2010-06-14,299.6975
2010-06-15,299.58737
2010-06-16,299.47723
2010-06-17,298.3898
2010-06-18,297.3024
2010-06-19,296.21497
2010-06-20,295.12753
2010-06-21,294.0401
2010-06-22,292.9527
2010-06-23,291.86526
2010-06-24,290.77783
2010-06-25,289.6904
2010-06-26,288.603
2010-06-27,287.51556
2010-06-28,286.42813
2010-06-29,285.3407
2010-06-30,284.2533
2010-07-01,283.16586
2010-07-02,282.07843
2010-07-03,280.99103
2010-07-04,279.9036
2010-07-05,278.81616
2010-07-06,277.72873
2010-07-07,276.64133
2010-07-08,275.5539
2010-07-09,274.46646
2010-07-10,273.37903
2010-07-11,272.29163
2010-07-12,271.2042
2010-07-13,270.11676
2010-07-14,269.02933
2010-07-15,267.94193
2010-07-16,266.8545
2010-07-17,267.5195
2010-07-18,268.1845
2010-07-19,268.84952
2010-07-20,269.51453
2010-07-21,270.17953
2010-07-22,270.84454
2010-07-23,271.50955
2010-07-24,272.17453
2010-07-25,272.83954
2010-07-26,273.50455
2010-07-27,274.16956
2010-07-28,274.83456
2010-07-29,275.49957
2010-07-30,276.16458
2010-07-31,276.8296
2010-08-01,277.4946
2010-08-02,278.1596
2010-08-03,278.82462
2010-08-04,279.48962
2010-08-05,280.15463
2010-08-06,280.81964
2010-08-07,281.48465
2010-08-08,282.14966
2010-08-09,282.81464
2010-08-10,283.47964
2010-08-11,284.14465
2010-08-12,284.80966
2010-08-13,285.47467
2010-08-14,286.13968
2010-08-15,286.8047
2010-08-16,287.4697
2010-08-17,286.03024
2010-08-18,284.59082
2010-08-19,283.15137
2010-08-20,281.7119
2010-08-21,280.2725
2010-08-22,278.83304
2010-08-23,277.3936
2010-08-24,275.95416
2010-08-25,274.5147
2010-08-26,273.0753
2010-08-27,271.63583
2010-08-28,270.19638
2010-08-29,268.75696
2010-08-30,267.3175
2010-08-31,265.87805
2010-09-01,264.43863
2010-09-02,262.99918
2010-09-03,261.55972
2010-09-04,260.1203
2010-09-05,258.68085
2010-09-06,257.2414
2010-09-07,255.80197
2010-09-08,254.36252
2010-09-09,252.92308
2010-09-10,251.48364
2010-09-11,250.04419
2010-09-12,248.60475
2010-09-13,247.16531
2010-09-14,245.72588
2010-09-15,244.28642
2010-09-16,242.84698
2010-09-17,241.85097
2010-09-18,240.85493
2010-09-19,239.85892
2010-09-20,238.8629
2010-09-21,237.86688
2010-09-22,236.87085
2010-09-23,235.87483
2010-09-24,234.87881
2010-09-25,233.8828
2010-09-26,232.88676
2010-09-27,231.89075
2010-09-28,230.89473
2010-09-29,229.89871
2010-09-30,228.90268
2010-10-01,227.90666
2010-10-02,226.91064
2010-10-03,225.91461
2010-10-04,224.9186
2010-10-05,223.92258
2010-10-06,222.92656
2010-10-07,221.93053
2010-10-08,220.93451
2010-10-09,219.93849
2010-10-10,218.94247
2010-10-11,217.94644
2010-10-12,216.95042
2010-10-13,215.9544
2010-10-14,214.95839
2010-10-15,213.96236
2010-10-16,212.96634
2010-10-17,212.3787
2010-10-18,211.79103
2010-10-19,211.20338
2010-10-20,210.61572
2010-10-21,210.02808
2010-10-22,209.44043
2010-10-23,208.85277
2010-10-24,208.26512
2010-10-25,207.67747
2010-10-26,207.08981
2010-10-27,206.50217
2010-10-28,205.9145
2010-10-29,205.32686
2010-10-30,204.73921
2010-10-31,204.15155
2010-11-01,203.5639
2010-11-02,202.97624
2010-11-03,202.3886
2010-11-04,201.80095
2010-11-05,201.21329
2010-11-06,200.62564
2010-11-07,200.03798
2010-11-08,199.45033
2010-11-09,198.86269
2010-11-10,198.27502
2010-11-11,197.68738
2010-11-12,197.09973
2010-11-13,196.51207
2010-11-14,195.92442
2010-11-15,195.33676
2010-11-16,194.74911
2010-11-17,193.737
2010-11-18,192.7249
2010-11-19,191.71278
2010-11-20,190.70068
2010-11-21,189.68857
2010-11-22,188.67647
2010-11-23,187.66435
2010-11-24,186.65224
2010-11-25,185.64014
2010-11-26,184.62802
2010-11-27,183.61592
2010-11-28,182.6038
2010-11-29,181.5917
2010-11-30,180.57959
2010-12-01,179.56747
2010-12-02,178.55537
2010-12-03,177.54326
2010-12-04,176.53116
2010-12-05,175.51904
2010-12-06,174.50694
2010-12-07,173.49483
2010-12-08,172.48273
2010-12-09,171.47061
2010-12-10,170.4585
2010-12-11,169.4464
2010-12-12,168.43428
2010-12-13,167.42218
2010-12-14,166.41006
2010-12-15,165.39796
2010-12-16,164.38585
2010-12-17,164.55254
2010-12-18,164.71921
2010-12-19,164.8859
2010-12-20,165.05258
2010-12-21,165.21925
2010-12-22,165.38594
2010-12-23,165.55263
2010-12-24,165.7193
2010-12-25,165.88599
2010-12-26,166.05267
2010-12-27,166.21935
2010-12-28,166.38603
2010-12-29,166.55272
2010-12-30,166.71939
2010-12-31,166.88608
2011-01-01,167.05276
2011-01-02,167.21945
2011-01-03,167.38612
2011-01-04,167.55281
2011-01-05,167.7195
2011-01-06,167.88617
2011-01-07,168.05286
2011-01-08,168.21954
2011-01-09,168.38622
2011-01-10,168.5529
2011-01-11,168.71959
2011-01-12,168.88626
2011-01-13,169.05295
2011-01-14,169.21964
2011-01-15,169.3863
2011-01-16,169.553
2011-01-17,170.92473
2011-01-18,172.29646
2011-01-19,173.6682
2011-01-20,175.03993
2011-01-21,176.41165
2011-01-22,177.78339
2011-01-23,179.15512
2011-01-24,180.52686
2011-01-25,181.89859
2011-01-26,183.27032
2011-01-27,184.64206
2011-01-28,186.0138
2011-01-29,187.38553
2011-01-30,188.75726
2011-01-31,190.129
2011-02-01,191.50072
2011-02-02,192.87245
2011-02-03,194.24419
2011-02-04,195.61592
2011-02-05,196.98766
2011-02-06,198.35939
2011-02-07,199.73112
2011-02-08,201.10286
2011-02-09,202.4746
2011-02-10,203.84631
2011-02-11,205.21805
2011-02-12,206.58978
2011-02-13,207.96152
2011-02-14,209.33325
2011-02-15,210.70499
2011-02-16,211.38391
2011-02-17,212.06285
2011-02-18,212.74178
2011-02-19,213.42072
2011-02-20,214.09964
2011-02-21,214.77856
2011-02-22,215.4575
2011-02-23,216.13643
2011-02-24,216.81535
2011-02-25,217.4943
2011-02-26,218.17322
2011-02-27,218.85216
2011-02-28,219.53108
2011-03-01,220.21
2011-03-02,220.88895
2011-03-03,221.56787
2011-03-04,222.2468
2011-03-05,222.92574
2011-03-06,223.60466
2011-03-07,224.2836
2011-03-08,224.96252
2011-03-09,225.64145
2011-03-10,226.32039
2011-03-11,226.99931
2011-03-12,227.67824
2011-03-13,228.35718
2011-03-14,229.0361
2011-03-15,229.71504
2011-03-16,230.39397
2011-03-17,232.1934
2011-03-18,233.99283
2011-03-19,235.79227
2011-03-20,237.5917
2011-03-21,239.39114
2011-03-22,241.19057
2011-03-23,242.99
2011-03-24,244.78944
2011-03-25,246.58887
2011-03-26,248.3883
2011-03-27,250.18774
2011-03-28,251.98718
2011-03-29,253.7866
2011-03-30,255.58604
2011-03-31,257.38547
2011-04-01,259.1849
2011-04-02,260.98434
2011-04-03,262.78378
2011-04-04,264.58322
2011-04-05,266.38266
2011-04-06,268.18207
2011-04-07,269.9815
2011-04-08,271.78094
2011-04-09,273.58038
2011-04-10,275.37982
2011-04-11,277.17926
2011-04-12,278.9787
2011-04-13,280.7781
2011-04-14,282.57755
2011-04-15,284.37698
2011-04-16,286.17642
2011-04-17,286.7294
2011-04-18,287.28238
2011-04-19,287.83536
2011-04-20,288.38834
2011-04-21,288.9413
2011-04-22,289.4943
2011-04-23,290.04727
2011-04-24,290.60022
2011-04-25,291.1532
2011-04-26,291.70618
2011-04-27,292.25916
2011-04-28,292.81213
2011-04-29,293.3651
2011-04-30,293.9181
2011-05-01,294.47107
2011-05-02,295.02405
2011-05-03,295.57703
2011-05-04,296.13
2011-05-05,296.68298
2011-05-06,297.23596
2011-05-07,297.78894
2011-05-08,298.34192
2011-05-09,298.89487
2011-05-10,299.44785
2011-05-11,300.00082
2011-05-12,300.5538
2011-05-13,301.10678
2011-05-14,301.65976
2011-05-15,302.21274
2011-05-16,302.76572
2011-05-17,302.61197
2011-05-18,302.45822
2011-05-19,302.30447
2011-05-20,302.15073
2011-05-21,301.99698
2011-05-22,301.84323
2011-05-23,301.68948
2011-05-24,301.53574
2011-05-25,301.382
2011-05-26,301.22824
2011-05-27,301.0745
2011-05-28,300.92075
2011-05-29,300.767
2011-05-30,300.61325
2011-05-31,300.4595
2011-06-01,300.30573
2011-06-02,300.15198
2011-06-03,299.99823
2011-06-04,299.84448
2011-06-05,299.69073
2011-06-06,299.537
2011-06-07,299.38324
2011-06-08,299.2295
2011-06-09,299.07574
2011-06-10,298.922
2011-06-11,298.76825
2011-06-12,298.6145
2011-06-13,298.46075
2011-06-14,298.307
2011-06-15,298.15326
2011-06-16,297.9995
2011-06-17,297.4775
2011-06-18,296.95547
2011-06-19,296.43347
2011-06-20,295.91144
2011-06-21,295.38943
2011-06-22,294.8674
2011-06-23,294.3454
2011-06-24,293.82336
2011-06-25,293.30136
2011-06-26,292.77933
2011-06-27,292.25732
2011-06-28,291.7353
2011-06-29,291.2133
2011-06-30,290.69125
2011-07-01,290.16925
2011-07-02,289.64725
2011-07-03,289.1252
2011-07-04,288.6032
2011-07-05,288.08118
2011-07-06,287.55917
2011-07-07,287.03714
2011-07-08,286.51514
2011-07-09,285.9931
2011-07-10,285.4711
2011-07-11,284.94907
2011-07-12,284.42706
2011-07-13,283.90503
2011-07-14,283.38303
2011-07-15,282.861
2011-07-16,282.339
2011-07-17,281.76657
2011-07-18,281.19415
2011-07-19,280.62173
2011-07-20,280.04932
2011-07-21,279.4769
2011-07-22,278.90448
2011-07-23,278.33206
2011-07-24,277.7596
2011-07-25,277.1872
2011-07-26,276.61478
2011-07-27,276.04236
2011-07-28,275.46994
2011-07-29,274.89752
2011-07-30,274.3251
2011-07-31,273.7527
2011-08-01,273.18027
2011-08-02,272.60785
2011-08-03,272.03543
2011-08-04,271.463
2011-08-05,270.8906
2011-08-06,270.31818
2011-08-07,269.74576
2011-08-08,269.17334
2011-08-09,268.6009
2011-08-10,268.02847
2011-08-11,267.45605
2011-08-12,266.88364
2011-08-13,266.31122
2011-08-14,265.7388
2011-08-15,265.16638
2011-08-16,264.59396
2011-08-17,264.07053
2011-08-18,263.5471
2011-08-19,263.02365
2011-08-20,262.5002
2011-08-21,261.97678
2011-08-22,261.45334
2011-08-23,260.9299
2011-08-24,260.40643
2011-08-25,259.883
2011-08-26,259.35956
2011-08-27,258.83612
2011-08-28,258.31268
2011-08-29,257.78925
2011-08-30,257.2658
2011-08-31,256.74237
2011-09-01,256.21893
2011-09-02,255.6955
2011-09-03,255.17206
2011-09-04,254.64862
2011-09-05,254.12517
2011-09-06,253.60173
2011-09-07,253.0783
2011-09-08,252.55486
2011-09-09,252.03142
2011-09-10,251.50798
2011-09-11,250.98454
2011-09-12,250.4611
2011-09-13,249.93765
2011-09-14,249.41422
2011-09-15,248.89078
2011-09-16,248.36734
2011-09-17,246.98802
2011-09-18,245.6087
2011-09-19,244.22939
2011-09-20,242.85007
2011-09-21,241.47073
2011-09-22,240.09142
2011-09-23,238.7121
2011-09-24,237.33278
2011-09-25,235.95346
2011-09-26,234.57414
2011-09-27,233.19482
2011-09-28,231.8155
2011-09-29,230.43619
2011-09-30,229.05687
2011-10-01,227.67755
2011-10-02,226.29822
2011-10-03,224.9189
2011-10-04,223.53958
2011-10-05,222.16026
2011-10-06,220.78094
2011-10-07,219.40163
2011-10-08,218.02231
2011-10-09,216.64299
2011-10-10,215.26367
2011-10-11,213.88434
2011-10-12,212.50502
2011-10-13,211.1257
2011-10-14,209.74638
2011-10-15,208.36707
2011-10-16,206.98775
2011-10-17,205.65112
2011-10-18,204.31451
2011-10-19,202.97789
2011-10-20,201.64128
2011-10-21,200.30466
2011-10-22,198.96805
2011-10-23,197.63142
2011-10-24,196.29482
2011-10-25,194.95819
2011-10-26,193.62158
2011-10-27,192.28496
2011-10-28,190.94835
2011-10-29,189.61172
2011-10-30,188.27512
2011-10-31,186.93849
2011-11-01,185.60188
2011-11-02,184.26526
2011-11-03,182.92865
2011-11-04,181.59203
2011-11-05,180.25542
2011-11-06,178.9188
2011-11-07,177.58218
2011-11-08,176.24556
2011-11-09,174.90895
2011-11-10,173.57233
2011-11-11,172.23572
2011-11-12,170.8991
2011-11-13,169.56248
2011-11-14,168.22586
2011-11-15,166.88925
2011-11-16,165.55263
2011-11-17,165.4989
2011-11-18,165.44518
2011-11-19,165.39145
2011-11-20,165.33772
2011-11-21,165.284
2011-11-22,165.23027
2011-11-23,165.17654
2011-11-24,165.12283
2011-11-25,165.0691
2011-11-26,165.01538
2011-11-27,164.96165
2011-11-28,164.90793
2011-11-29,164.8542
2011-11-30,164.80048
2011-12-01,164.74675
2011-12-02,164.69302
2011-12-03,164.6393
2011-12-04,164.58557
2011-12-05,164.53185
2011-12-06,164.47812
2011-12-07,164.4244
2011-12-08,164.37067
2011-12-09,164.31696
2011-12-10,164.26323
2011-12-11,164.2095
2011-12-12,164.15578
2011-12-13,164.10205
2011-12-14,164.04832
2011-12-15,163.9946
2011-12-16,163.94087
2011-12-17,164.2147
2011-12-18,164.48853
2011-12-19,164.76236
2011-12-20,165.0362
2011-12-21,165.31003
2011-12-22,165.58385
2011-12-23,165.85768
2011-12-24,166.13152
2011-12-25,166.40535
2011-12-26,166.67917
2011-12-27,166.953
2011-12-28,167.22684
2011-12-29,167.50067
2011-12-30,167.77449
2011-12-31,168.04832
2012-01-01,168.32216
2012-01-02,168.596
2012-01-03,168.86981
2012-01-04,169.14365
2012-01-05,169.41748
2012-01-06,169.69131
2012-01-07,169.96513
2012-01-08,170.23897
2012-01-09,170.5128
2012-01-10,170.78664
2012-01-11,171.06046
2012-01-12,171.33429
2012-01-13,171.60812
2012-01-14,171.88196
2012-01-15,172.15578
2012-01-16,172.42961
2012-01-17,172.98439
2012-01-18,173.53915
2012-01-19,174.09393
2012-01-20,174.6487
2012-01-21,175.20348
2012-01-22,175.75824
2012-01-23,176.31302
2012-01-24,176.86778
2012-01-25,177.42256
2012-01-26,177.97733
2012-01-27,178.5321
2012-01-28,179.08687
2012-01-29,179.64165
2012-01-30,180.19641
2012-01-31,180.75119
2012-02-01,181.30597
2012-02-02,181.86073
2012-02-03,182.41551
2012-02-04,182.97028
2012-02-05,183.52505
2012-02-06,184.07982
2012-02-07,184.6346
2012-02-08,185.18936
2012-02-09,185.74414
2012-02-10,186.2989
2012-02-11,186.85368
2012-02-12,187.40845
2012-02-13,187.96323
2012-02-14,188.51799
2012-02-15,189.07277
2012-02-16,190.75443
2012-02-17,192.43608
2012-02-18,194.11774
2012-02-19,195.7994
2012-02-20,197.48105
2012-02-21,199.16272
2012-02-22,200.84438
2012-02-23,202.52603
2012-02-24,204.20769
2012-02-25,205.88934
2012-02-26,207.571
2012-02-27,209.25266
2012-02-28,210.93431
2012-02-29,212.61597
2012-03-01,214.29764
2012-03-02,215.9793
2012-03-03,217.66095
2012-03-04,219.3426
2012-03-05,221.02426
2012-03-06,222.70592
2012-03-07,224.38757
2012-03-08,226.06923
2012-03-09,227.75089
2012-03-10,229.43254
2012-03-11,231.1142
2012-03-12,232.79587
2012-03-13,234.47752
2012-03-14,236.15918
2012-03-15,237.84084
2012-03-16,239.52249
2012-03-17,240.65921
2012-03-18,241.79591
2012-03-19,242.93263
2012-03-20,244.06934
2012-03-21,245.20605
2012-03-22,246.34277
2012-03-23,247.47948
2012-03-24,248.6162
2012-03-25,249.75291
2012-03-26,250.88962
2012-03-27,252.02634
2012-03-28,253.16304
2012-03-29,254.29976
2012-03-30,255.43648
2012-03-31,256.57318
2012-04-01,257.7099
2012-04-02,258.84662
2012-04-03,259.98334
2012-04-04,261.12003
2012-04-05,262.25674
2012-04-06,263.39346
2012-04-07,264.53018
2012-04-08,265.6669
2012-04-09,266.8036
2012-04-10,267.9403
2012-04-11,269.07703
2012-04-12,270.21375
2012-04-13,271.35046
2012-04-14,272.48715
2012-04-15,273.62387
2012-04-16,274.7606
2012-04-17,276.15778
2012-04-18,277.55493
2012-04-19,278.95212
2012-04-20,280.3493
2012-04-21,281.7465
2012-04-22,283.14365
2012-04-23,284.54083
2012-04-24,285.93802
2012-04-25,287.3352
2012-04-26,288.73236
2012-04-27,290.12955
2012-04-28,291.52673
2012-04-29,292.92392
2012-04-30,294.32108
2012-05-01,295.71826
2012-05-02,297.11545
2012-05-03,298.5126
2012-05-04,299.9098
2012-05-05,301.30698
2012-05-06,302.70416
2012-05-07,304.10132
2012-05-08,305.4985
2012-05-09,306.8957
2012-05-10,308.29288
2012-05-11,309.69003
2012-05-12,311.08722
2012-05-13,312.4844
2012-05-14,313.8816
2012-05-15,315.27875
2012-05-16,316.67593
2012-05-17,316.6934
2012-05-18,316.71085
2012-05-19,316.7283
2012-05-20,316.74573
2012-05-21,316.76318
2012-05-22,316.78064
2012-05-23,316.7981
2012-05-24,316.81555
2012-05-25,316.833
2012-05-26,316.85043
2012-05-27,316.8679
2012-05-28,316.88535
2012-05-29,316.9028
2012-05-30,316.92026
2012-05-31,316.9377
2012-06-01,316.95514
2012-06-02,316.9726
2012-06-03,316.99005
2012-06-04,317.0075
2012-06-05,317.02496
2012-06-06,317.04242
2012-06-07,317.05984
2012-06-08,317.0773
2012-06-09,317.09476
2012-06-10,317.1122
2012-06-11,317.12967
2012-06-12,317.14713
2012-06-13,317.16455
2012-06-14,317.182
2012-06-15,317.19946
2012-06-16,317.21692
2012-06-17,316.82513
2012-06-18,316.43335
2012-06-19,316.04156
2012-06-20,315.64978
2012-06-21,315.258
2012-06-22,314.8662
2012-06-23,314.47443
2012-06-24,314.08264
2012-06-25,313.69086
2012-06-26,313.29907
2012-06-27,312.9073
2012-06-28,312.5155
2012-06-29,312.12372
2012-06-30,311.73193
2012-07-01,311.34015
2012-07-02,310.94836
2012-07-03,310.55658
2012-07-04,310.1648
2012-07-05,309.773
2012-07-06,309.38123
2012-07-07,308.98944
2012-07-08,308.59766
2012-07-09,308.20587
2012-07-10,307.8141
2012-07-11,307.4223
2012-07-12,307.03052
2012-07-13,306.63873
2012-07-14,306.24695
2012-07-15,305.85516
2012-07-16,305.46338
2012-07-17,304.80704
2012-07-18,304.15067
2012-07-19,303.49432
2012-07-20,302.83795
2012-07-21,302.1816
2012-07-22,301.52524
2012-07-23,300.8689
2012-07-24,300.21252
2012-07-25,299.55618
2012-07-26,298.8998
2012-07-27,298.24347
2012-07-28,297.58713
2012-07-29,296.93076
2012-07-30,296.2744
2012-07-31,295.61804
2012-08-01,294.9617
2012-08-02,294.30533
2012-08-03,293.649
2012-08-04,292.9926
2012-08-05,292.33627
2012-08-06,291.67993
2012-08-07,291.02356
2012-08-08,290.36722
2012-08-09,289.71085
2012-08-10,289.0545
2012-08-11,288.39813
2012-08-12,287.7418
2012-08-13,287.08542
2012-08-14,286.42908
2012-08-15,285.7727
2012-08-16,285.11636
2012-08-17,283.56635
2012-08-18,282.01633
2012-08-19,280.46634
2012-08-20,278.91632
2012-08-21,277.3663
2012-08-22,275.81628
2012-08-23,274.26627
2012-08-24,272.71628
2012-08-25,271.16626
2012-08-26,269.61624
2012-08-27,268.06622
2012-08-28,266.5162
2012-08-29,264.96622
2012-08-30,263.4162
2012-08-31,261.86618
2012-09-01,260.31616
2012-09-02,258.76614
2012-09-03,257.21613
2012-09-04,255.66612
2012-09-05,254.11612
2012-09-06,252.5661
2012-09-07,251.0161
2012-09-08,249.46608
2012-09-09,247.91606
2012-09-10,246.36606
2012-09-11,244.81604
2012-09-12,243.26602
2012-09-13,241.71602
2012-09-14,240.166
2012-09-15,238.616
2012-09-16,237.06598
2012-09-17,236.44923
2012-09-18,235.83249
2012-09-19,235.21576
2012-09-20,234.59901
2012-09-21,233.98227
2012-09-22,233.36552
2012-09-23,232.74878
2012-09-24,232.13203
2012-09-25,231.51529
2012-09-26,230.89856
2012-09-27,230.28181
2012-09-28,229.66507
2012-09-29,229.04832
2012-09-30,228.43158
2012-10-01,227.81485
2012-10-02,227.1981
2012-10-03,226.58136
2012-10-04,225.96461
2012-10-05,225.34787
2012-10-06,224.73112
2012-10-07,224.11438
2012-10-08,223.49765
2012-10-09,222.8809
2012-10-10,222.26416
2012-10-11,221.64742
2012-10-12,221.03067
2012-10-13,220.41394
2012-10-14,219.7972
2012-10-15,219.18045
2012-10-16,218.5637
2012-10-17,217.64313
2012-10-18,216.72255
2012-10-19,215.80197
2012-10-20,214.88141
2012-10-21,213.96083
2012-10-22,213.04025
2012-10-23,212.11967
2012-10-24,211.1991
2012-10-25,210.27852
2012-10-26,209.35794
2012-10-27,208.43736
2012-10-28,207.5168
2012-10-29,206.59622
2012-10-30,205.67564
2012-10-31,204.75507
2012-11-01,203.83449
2012-11-02,202.91391
2012-11-03,201.99333
2012-11-04,201.07275
2012-11-05,200.15219
2012-11-06,199.23161
2012-11-07,198.31104
2012-11-08,197.39046
2012-11-09,196.46988
2012-11-10,195.5493
2012-11-11,194.62872
2012-11-12,193.70815
2012-11-13,192.78758
2012-11-14,191.867
2012-11-15,190.94643
2012-11-16,190.02585
2012-11-17,188.61095
2012-11-18,187.19604
2012-11-19,185.78114
2012-11-20,184.36624
2012-11-21,182.95134
2012-11-22,181.53644
2012-11-23,180.12154
2012-11-24,178.70663
2012-11-25,177.29173
2012-11-26,175.87683
2012-11-27,174.46193
2012-11-28,173.04703
2012-11-29,171.63213
2012-11-30,170.21722
2012-12-01,168.80234
2012-12-02,167.38744
2012-12-03,165.97253
2012-12-04,164.55763
2012-12-05,163.14273
2012-12-06,161.72783
2012-12-07,160.31293
2012-12-08,158.89803
2012-12-09,157.48312
2012-12-10,156.06822
2012-12-11,154.65332
2012-12-12,153.23842
2012-12-13,151.82352
2012-12-14,150.40862
2012-12-15,148.99371
2012-12-16,147.57881
2012-12-17,148.18344
2012-12-18,148.78806
2012-12-19,149.39268
2012-12-20,149.9973
2012-12-21,150.60193
2012-12-22,151.20656
2012-12-23,151.81117
2012-12-24,152.4158
2012-12-25,153.02043
2012-12-26,153.62505
2012-12-27,154.22968
2012-12-28,154.83429
2012-12-29,155.43892
2012-12-30,156.04355
2012-12-31,156.64816
2013-01-01,157.25279
2013-01-02,157.8574
2013-01-03,158.46204
2013-01-04,159.06667
2013-01-05,159.67128
2013-01-06,160.27591
2013-01-07,160.88052
2013-01-08,161.48515
2013-01-09,162.08978
2013-01-10,162.6944
2013-01-11,163.29903
2013-01-12,163.90366
2013-01-13,164.50827
2013-01-14,165.1129
2013-01-15,165.71751
2013-01-16,166.32214
2013-01-17,167.67577
2013-01-18,169.02939
2013-01-19,170.38301
2013-01-20,171.73663
2013-01-21,173.09027
2013-01-22,174.4439
2013-01-23,175.79752
2013-01-24,177.15114
2013-01-25,178.50476
2013-01-26,179.85838
2013-01-27,181.212
2013-01-28,182.56563
2013-01-29,183.91925
2013-01-30,185.27287
2013-01-31,186.6265
2013-02-01,187.98013
2013-02-02,189.33376
2013-02-03,190.68738
2013-02-04,192.041
2013-02-05,193.39462
2013-02-06,194.74825
2013-02-07,196.10187
2013-02-08,197.45549
2013-02-09,198.80911
2013-02-10,200.16275
2013-02-11,201.51637
2013-02-12,202.87
2013-02-13,204.22362
2013-02-14,205.57724
2013-02-15,206.93086
2013-02-16,208.85138
2013-02-17,210.7719
2013-02-18,212.69241
2013-02-19,214.61292
2013-02-20,216.53343
2013-02-21,218.45395
2013-02-22,220.37447
2013-02-23,222.29498
2013-02-24,224.2155
2013-02-25,226.13602
2013-02-26,228.05652
2013-02-27,229.97704
2013-02-28,231.89755
2013-03-01,233.81807
2013-03-02,235.73859
2013-03-03,237.6591
2013-03-04,239.57962
2013-03-05,241.50014
2013-03-06,243.42064
2013-03-07,245.34116
2013-03-08,247.26167
2013-03-09,249.18219
2013-03-10,251.1027
2013-03-11,253.02322
2013-03-12,254.94374
2013-03-13,256.86426
2013-03-14,258.78476
2013-03-15,260.7053
2013-03-16,262.6258
2013-03-17,263.29214
2013-03-18,263.95847
2013-03-19,264.62482
2013-03-20,265.29117
2013-03-21,265.95752
2013-03-22,266.62384
2013-03-23,267.2902
2013-03-24,267.95654
2013-03-25,268.62286
2013-03-26,269.2892
2013-03-27,269.95557
2013-03-28,270.62192
2013-03-29,271.28824
2013-03-30,271.9546
2013-03-31,272.62094
2013-04-01,273.28726
2013-04-02,273.9536
2013-04-03,274.61996
2013-04-04,275.2863
2013-04-05,275.95264
2013-04-06,276.619
2013-04-07,277.28534
2013-04-08,277.95166
2013-04-09,278.618
2013-04-10,279.28436
2013-04-11,279.95068
2013-04-12,280.61703
2013-04-13,281.2834
2013-04-14,281.94974
2013-04-15,282.61606
2013-04-16,283.2824
2013-04-17,283.1574
2013-04-18,283.0324
2013-04-19,282.9074
2013-04-20,282.7824
2013-04-21,282.6574
2013-04-22,282.5324
2013-04-23,282.4074
2013-04-24,282.28238
2013-04-25,282.15738
2013-04-26,282.03238
2013-04-27,281.90738
2013-04-28,281.78238
2013-04-29,281.65738
2013-04-30,281.53238
2013-05-01,281.40738
2013-05-02,281.28238
2013-05-03,281.15738
2013-05-04,281.03238
2013-05-05,280.90738
2013-05-06,280.78238
2013-05-07,280.65738
2013-05-08,280.53238
2013-05-09,280.40735
2013-05-10,280.28235
2013-05-11,280.15735
2013-05-12,280.03235
2013-05-13,279.90735
2013-05-14,279.78235
2013-05-15,279.65735
2013-05-16,279.53235
2013-05-17,279.99026
2013-05-18,280.44818
2013-05-19,280.9061
2013-05-20,281.364
2013-05-21,281.82193
2013-05-22,282.27985
2013-05-23,282.73776
2013-05-24,283.19568
2013-05-25,283.6536
2013-05-26,284.1115
2013-05-27,284.56943
2013-05-28,285.02734
2013-05-29,285.48526
2013-05-30,285.94318
2013-05-31,286.4011
2013-06-01,286.859
2013-06-02,287.31693
2013-06-03,287.77484
2013-06-04,288.23276
2013-06-05,288.69067
2013-06-06,289.1486
2013-06-07,289.6065
2013-06-08,290.06442
2013-06-09,290.52234
2013-06-10,290.98026
2013-06-11,291.43817
2013-06-12,291.8961
2013-06-13,292.354
2013-06-14,292.81192
2013-06-15,293.26984
2013-06-16,293.72775
2013-06-17,293.8995
2013-06-18,294.07126
2013-06-19,294.24298
2013-06-20,294.41473
2013-06-21,294.5865
2013-06-22,294.75824
2013-06-23,294.92996
2013-06-24,295.1017
2013-06-25,295.27347
2013-06-26,295.44522
2013-06-27,295.61694
2013-06-28,295.7887
2013-06-29,295.96045
2013-06-30,296.1322
2013-07-01,296.30396
2013-07-02,296.47568
2013-07-03,296.64743
2013-07-04,296.81918
2013-07-05,296.99094
2013-07-06,297.16266
2013-07-07,297.3344
2013-07-08,297.50616
2013-07-09,297.67792
2013-07-10,297.84964
2013-07-11,298.0214
2013-07-12,298.19315
2013-07-13,298.3649
2013-07-14,298.53662
2013-07-15,298.70837
2013-07-16,298.88013
2013-07-17,298.5027
2013-07-18,298.12527
2013-07-19,297.74783
2013-07-20,297.3704
2013-07-21,296.99295
2013-07-22,296.61554
2013-07-23,296.2381
2013-07-24,295.86066
2013-07-25,295.48322
2013-07-26,295.1058
2013-07-27,294.72836
2013-07-28,294.35092
2013-07-29,293.97348
2013-07-30,293.59607
2013-07-31,293.21863
2013-08-01,292.8412
2013-08-02,292.46375
2013-08-03,292.08633
2013-08-04,291.7089
2013-08-05,291.33145
2013-08-06,290.954
2013-08-07,290.5766
2013-08-08,290.19916
2013-08-09,289.82172
2013-08-10,289.44427
2013-08-11,289.06686
2013-08-12,288.68942
2013-08-13,288.31198
2013-08-14,287.93454
2013-08-15,287.55713
2013-08-16,287.1797
2013-08-17,286.1736
2013-08-18,285.16754
2013-08-19,284.1615
2013-08-20,283.15543
2013-08-21,282.14935
2013-08-22,281.14328
2013-08-23,280.1372
2013-08-24,279.13113
2013-08-25,278.1251
2013-08-26,277.11902
2013-08-27,276.11295
2013-08-28,275.10687
2013-08-29,274.1008
2013-08-30,273.09473
2013-08-31,272.08868
2013-09-01,271.0826
2013-09-02,270.07654
2013-09-03,269.07047
2013-09-04,268.0644
2013-09-05,267.05835
2013-09-06,266.05228
2013-09-07,265.0462
2013-09-08,264.04013
2013-09-09,263.03406
2013-09-10,262.02798
2013-09-11,261.02194
2013-09-12,260.01587
2013-09-13,259.0098
2013-09-14,258.00372
2013-09-15,256.99765
2013-09-16,255.9916
2013-09-17,254.766
2013-09-18,253.54042
2013-09-19,252.31483
2013-09-20,251.08925
2013-09-21,249.86366
2013-09-22,248.63808
2013-09-23,247.41249
2013-09-24,246.18692
2013-09-25,244.96133
2013-09-26,243.73575
2013-09-27,242.51016
2013-09-28,241.28458
2013-09-29,240.05899
2013-09-30,238.8334
2013-10-01,237.60782
2013-10-02,236.38223
2013-10-03,235.15665
2013-10-04,233.93106
2013-10-05,232.70547
2013-10-06,231.47989
2013-10-07,230.2543
2013-10-08,229.02872
2013-10-09,227.80315
2013-10-10,226.57756
2013-10-11,225.35197
2013-10-12,224.12639
2013-10-13,222.9008
2013-10-14,221.67522
2013-10-15,220.44963
2013-10-16,219.22404
2013-10-17,218.18535
2013-10-18,217.14665
2013-10-19,216.10796
2013-10-20,215.06926
2013-10-21,214.03056
2013-10-22,212.99188
2013-10-23,211.95319
2013-10-24,210.91449
2013-10-25,209.8758
2013-10-26,208.8371
2013-10-27,207.7984
2013-10-28,206.7597
2013-10-29,205.72101
2013-10-30,204.68231
2013-10-31,203.64362
2013-11-01,202.60493
2013-11-02,201.56624
2013-11-03,200.52754
2013-11-04,199.48885
2013-11-05,198.45015
2013-11-06,197.41145
2013-11-07,196.37276
2013-11-08,195.33406
2013-11-09,194.29536
2013-11-10,193.25667
2013-11-11,192.21799
2013-11-12,191.17929
2013-11-13,190.1406
2013-11-14,189.1019
2013-11-15,188.0632
2013-11-16,187.0245
2013-11-17,186.28282
2013-11-18,185.54114
2013-11-19,184.79945
2013-11-20,184.05775
2013-11-21,183.31607
2013-11-22,182.57439
2013-11-23,181.8327
2013-11-24,181.09102
2013-11-25,180.34933
2013-11-26,179.60765
2013-11-27,178.86597
2013-11-28,178.12427
2013-11-29,177.38258
2013-11-30,176.6409
2013-12-01,175.89922
2013-12-02,175.15753
2013-12-03,174.41585
2013-12-04,173.67416
2013-12-05,172.93246
2013-12-06,172.19078
2013-12-07,171.4491
2013-12-08,170.70741
2013-12-09,169.96573
2013-12-10,169.22404
2013-12-11,168.48236
2013-12-12,167.74068
2013-12-13,166.99898
2013-12-14,166.2573
2013-12-15,165.51561
2013-12-16,164.77393
2013-12-17,163.93106
2013-12-18,163.08821
2013-12-19,162.24535
2013-12-20,161.4025
2013-12-21,160.55963
2013-12-22,159.71678
2013-12-23,158.87392
2013-12-24,158.03107
2013-12-25,157.1882
2013-12-26,156.34535
2013-12-27,155.50249
2013-12-28,154.65964
2013-12-29,153.81677
2013-12-30,152.97392
2013-12-31,152.13106
2014-01-01,151.28821
2014-01-02,150.44534
2014-01-03,149.6025
2014-01-04,148.75963
2014-01-05,147.91678
2014-01-06,147.07391
2014-01-07,146.23106
2014-01-08,145.3882
2014-01-09,144.54535
2014-01-10,143.70248
2014-01-11,142.85963
2014-01-12,142.01677
2014-01-13,141.17392
2014-01-14,140.33105
2014-01-15,139.4882
2014-01-16,138.64534
2014-01-17,141.15228
2014-01-18,143.65924
2014-01-19,146.16618
2014-01-20,148.67313
2014-01-21,151.18008
2014-01-22,153.68703
2014-01-23,156.19397
2014-01-24,158.70091
2014-01-25,161.20787
2014-01-26,163.71481
2014-01-27,166.22176
2014-01-28,168.72871
2014-01-29,171.23566
2014-01-30,173.7426
2014-01-31,176.24954
2014-02-01,178.7565
2014-02-02,181.26344
2014-02-03,183.77039
2014-02-04,186.27734
2014-02-05,188.78429
2014-02-06,191.29123
2014-02-07,193.79819
2014-02-08,196.30513
2014-02-09,198.81207
2014-02-10,201.31903
2014-02-11,203.82597
2014-02-12,206.33292
2014-02-13,208.83986
2014-02-14,211.34682
2014-02-15,213.85376
2014-02-16,213.60258
2014-02-17,213.35141
2014-02-18,213.10025
2014-02-19,212.84908
2014-02-20,212.5979
2014-02-21,212.34673
2014-02-22,212.09557
2014-02-23,211.84439
2014-02-24,211.59322
2014-02-25,211.34204
2014-02-26,211.09088
2014-02-27,210.8397
2014-02-28,210.58853
2014-03-01,210.33736
2014-03-02,210.0862
2014-03-03,209.83502
2014-03-04,209.58385
2014-03-05,209.33267
2014-03-06,209.08151
2014-03-07,208.83034
2014-03-08,208.57916
2014-03-09,208.32799
2014-03-10,208.07683
2014-03-11,207.82565
2014-03-12,207.57448
2014-03-13,207.3233
2014-03-14,207.07214
2014-03-15,206.82097
2014-03-16,206.5698
2014-03-17,209.56097
2014-03-18,212.55214
2014-03-19,215.54332
2014-03-20,218.5345
2014-03-21,221.52568
2014-03-22,224.51685
2014-03-23,227.50803
2014-03-24,230.4992
2014-03-25,233.49039
2014-03-26,236.48155
2014-03-27,239.47273
2014-03-28,242.46391
2014-03-29,245.4551
2014-03-30,248.44626
2014-03-31,251.43744
2014-04-01,254.42862
2014-04-02,257.4198
2014-04-03,260.41098
2014-04-04,263.40216
2014-04-05,266.3933
2014-04-06,269.3845
2014-04-07,272.37567
2014-04-08,275.36685
2014-04-09,278.35803
2014-04-10,281.3492
2014-04-11,284.3404
2014-04-12,287.33157
2014-04-13,290.32272
2014-04-14,293.3139
2014-04-15,296.30508
2014-04-16,299.29626
2014-04-17,298.85217
2014-04-18,298.4081
2014-04-19,297.96402
2014-04-20,297.51993
2014-04-21,297.07587
2014-04-22,296.63177
2014-04-23,296.18768
2014-04-24,295.74362
2014-04-25,295.29953
2014-04-26,294.85544
2014-04-27,294.41138
2014-04-28,293.9673
2014-04-29,293.5232
2014-04-30,293.07913
2014-05-01,292.63504
2014-05-02,292.19095
2014-05-03,291.7469
2014-05-04,291.3028
2014-05-05,290.8587
2014-05-06,290.41464
2014-05-07,289.97055
2014-05-08,289.52646
2014-05-09,289.0824
2014-05-10,288.6383
2014-05-11,288.1942
2014-05-12,287.75015
2014-05-13,287.30606
2014-05-14,286.86197
2014-05-15,286.4179
2014-05-16,285.97382
2014-05-17,287.0132
2014-05-18,288.05264
2014-05-19,289.09204
2014-05-20,290.13144
2014-05-21,291.17087
2014-05-22,292.21027
2014-05-23,293.24966
2014-05-24,294.2891
2014-05-25,295.3285
2014-05-26,296.3679
2014-05-27,297.40732
2014-05-28,298.44672
2014-05-29,299.4861
2014-05-30,300.52554
2014-05-31,301.56494
2014-06-01,302.60434
2014-06-02,303.64374
2014-06-03,304.68317
2014-06-04,305.72256
2014-06-05,306.76196
2014-06-06,307.8014
2014-06-07,308.8408
2014-06-08,309.8802
2014-06-09,310.91962
2014-06-10,311.959
2014-06-11,312.9984
2014-06-12,314.03784
2014-06-13,315.07724
2014-06-14,316.11664
2014-06-15,317.15607
2014-06-16,318.19547
2014-06-17,317.614
2014-06-18,317.03253
2014-06-19,316.45108
2014-06-20,315.86963
2014-06-21,315.28818
2014-06-22,314.7067
2014-06-23,314.12524
2014-06-24,313.5438
2014-06-25,312.96234
2014-06-26,312.38086
2014-06-27,311.7994
2014-06-28,311.21796
2014-06-29,310.6365
2014-06-30,310.05502
2014-07-01,309.47357
2014-07-02,308.89212
2014-07-03,308.31064
2014-07-04,307.7292
2014-07-05,307.14774
2014-07-06,306.56628
2014-07-07,305.9848
2014-07-08,305.40335
2014-07-09,304.8219
2014-07-10,304.24045
2014-07-11,303.65897
2014-07-12,303.0775
2014-07-13,302.49606
2014-07-14,301.9146
2014-07-15,301.33313
2014-07-16,300.75168
2014-07-17,300.05704
2014-07-18,299.3624
2014-07-19,298.66772
2014-07-20,297.97308
2014-07-21,297.27844
2014-07-22,296.5838
2014-07-23,295.88913
2014-07-24,295.1945
2014-07-25,294.49985
2014-07-26,293.8052
2014-07-27,293.11057
2014-07-28,292.4159
2014-07-29,291.72125
2014-07-30,291.0266
2014-07-31,290.33197
2014-08-01,289.6373
2014-08-02,288.94266
2014-08-03,288.24802
2014-08-04,287.55338
2014-08-05,286.8587
2014-08-06,286.16406
2014-08-07,285.46942
2014-08-08,284.77478
2014-08-09,284.08014
2014-08-10,283.38547
2014-08-11,282.69083
2014-08-12,281.9962
2014-08-13,281.30154
2014-08-14,280.60687
2014-08-15,279.91223
2014-08-16,279.2176
2014-08-17,278.5724
2014-08-18,277.92715
2014-08-19,277.28195
2014-08-20,276.63672
2014-08-21,275.99152
2014-08-22,275.3463
2014-08-23,274.70108
2014-08-24,274.05588
2014-08-25,273.41068
2014-08-26,272.76544
2014-08-27,272.12024
2014-08-28,271.475
2014-08-29,270.8298
2014-08-30,270.1846
2014-08-31,269.53937
2014-09-01,268.89417
2014-09-02,268.24893
2014-09-03,267.60373
2014-09-04,266.95853
2014-09-05,266.3133
2014-09-06,265.6681
2014-09-07,265.02286
2014-09-08,264.37766
2014-09-09,263.73245
2014-09-10,263.08722
2014-09-11,262.44202
2014-09-12,261.7968
2014-09-13,261.15158
2014-09-14,260.50638
2014-09-15,259.86115
2014-09-16,259.21594
2014-09-17,257.75626
2014-09-18,256.29654
2014-09-19,254.83685
2014-09-20,253.37715
2014-09-21,251.91745
2014-09-22,250.45775
2014-09-23,248.99806
2014-09-24,247.53836
2014-09-25,246.07866
2014-09-26,244.61896
2014-09-27,243.15927
2014-09-28,241.69957
2014-09-29,240.23987
2014-09-30,238.78017
2014-10-01,237.32047
2014-10-02,235.86078
2014-10-03,234.40108
2014-10-04,232.94138
2014-10-05,231.48167
2014-10-06,230.02199
2014-10-07,228.56229
2014-10-08,227.10258
2014-10-09,225.64288
2014-10-10,224.1832
2014-10-11,222.7235
2014-10-12,221.2638
2014-10-13,219.8041
2014-10-14,218.3444
2014-10-15,216.8847
2014-10-16,215.425
2014-10-17,213.78946
2014-10-18,212.1539
2014-10-19,210.51836
2014-10-20,208.8828
2014-10-21,207.24725
2014-10-22,205.6117
2014-10-23,203.97615
2014-10-24,202.34059
2014-10-25,200.70505
2014-10-26,199.06949
2014-10-27,197.43394
2014-10-28,195.7984
2014-10-29,194.16284
2014-10-30,192.5273
2014-10-31,190.89174
2014-11-01,189.2562
2014-11-02,187.62064
2014-11-03,185.98509
2014-11-04,184.34953
2014-11-05,182.71399
2014-11-06,181.07845
2014-11-07,179.44289
2014-11-08,177.80734
2014-11-09,176.17178
2014-11-10,174.53624
2014-11-11,172.90068
2014-11-12,171.26514
2014-11-13,169.62958
2014-11-14,167.99403
2014-11-15,166.35847
2014-11-16,164.72293
2014-11-17,164.95111
2014-11-18,165.17929
2014-11-19,165.40747
2014-11-20,165.63565
2014-11-21,165.86383
2014-11-22,166.09203
2014-11-23,166.3202
2014-11-24,166.54839
2014-11-25,166.77657
2014-11-26,167.00475
2014-11-27,167.23293
2014-11-28,167.4611
2014-11-29,167.68929
2014-11-30,167.91747
2014-12-01,168.14566
2014-12-02,168.37384
2014-12-03,168.60202
2014-12-04,168.8302
2014-12-05,169.05838
2014-12-06,169.28656
2014-12-07,169.51474
2014-12-08,169.74292
2014-12-09,169.9711
2014-12-10,170.19928
2014-12-11,170.42746
2014-12-12,170.65565
2014-12-13,170.88383
2014-12-14,171.11201
2014-12-15,171.3402
2014-12-16,171.56837
2014-12-17,171.2973
2014-12-18,171.02621
2014-12-19,170.75514
2014-12-20,170.48405
2014-12-21,170.21298
2014-12-22,169.94191
2014-12-23,169.67082
2014-12-24,169.39975
2014-12-25,169.12868
2014-12-26,168.85759
2014-12-27,168.58652
2014-12-28,168.31543
2014-12-29,168.04436
2014-12-30,167.77328
2014-12-31,167.5022
2015-01-01,167.23112
2015-01-02,166.96004
2015-01-03,166.68896
2015-01-04,166.4179
2015-01-05,166.1468
2015-01-06,165.87573
2015-01-07,165.60464
2015-01-08,165.33357
2015-01-09,165.0625
2015-01-10,164.79141
2015-01-11,164.52034
2015-01-12,164.24927
2015-01-13,163.97818
2015-01-14,163.7071
2015-01-15,163.43602
2015-01-16,163.16495
2015-01-17,164.81824
2015-01-18,166.47153
2015-01-19,168.1248
2015-01-20,169.77809
2015-01-21,171.43138
2015-01-22,173.08467
2015-01-23,174.73795
2015-01-24,176.39124
2015-01-25,178.04453
2015-01-26,179.69781
2015-01-27,181.35109
2015-01-28,183.00438
2015-01-29,184.65767
2015-01-30,186.31096
2015-01-31,187.96423
2015-02-01,189.61752
2015-02-02,191.27081
2015-02-03,192.9241
2015-02-04,194.5774
2015-02-05,196.23067
2015-02-06,197.88396
2015-02-07,199.53725
2015-02-08,201.19054
2015-02-09,202.84381
2015-02-10,204.4971
2015-02-11,206.15039
2015-02-12,207.80368
2015-02-13,209.45695
2015-02-14,211.11024
2015-02-15,212.76353
2015-02-16,214.1152
2015-02-17,215.46689
2015-02-18,216.81856
2015-02-19,218.17024
2015-02-20,219.52191
2015-02-21,220.8736
2015-02-22,222.22527
2015-02-23,223.57695
2015-02-24,224.92862
2015-02-25,226.2803
2015-02-26,227.63197
2015-02-27,228.98366
2015-02-28,230.33533
2015-03-01,231.68701
2015-03-02,233.03868
2015-03-03,234.39037
2015-03-04,235.74203
2015-03-05,237.09372
2015-03-06,238.44539
2015-03-07,239.79707
2015-03-08,241.14874
2015-03-09,242.50043
2015-03-10,243.8521
2015-03-11,245.20378
2015-03-12,246.55545
2015-03-13,247.90714
2015-03-14,249.2588
2015-03-15,250.61049
2015-03-16,251.96216
2015-03-17,253.39746
2015-03-18,254.83276
2015-03-19,256.26807
2015-03-20,257.70337
2015-03-21,259.13867
2015-03-22,260.57394
2015-03-23,262.00925
2015-03-24,263.44455
2015-03-25,264.87985
2015-03-26,266.31516
2015-03-27,267.75046
2015-03-28,269.18576
2015-03-29,270.62106
2015-03-30,272.05637
2015-03-31,273.49167
2015-04-01,274.92694
2015-04-02,276.36224
2015-04-03,277.79755
2015-04-04,279.23285
2015-04-05,280.66815
2015-04-06,282.10345
2015-04-07,283.53876
2015-04-08,284.97406
2015-04-09,286.40936
2015-04-10,287.84467
2015-04-11,289.27994
2015-04-12,290.71524
2015-04-13,292.15054
2015-04-14,293.58585
2015-04-15,295.02115
2015-04-16,296.45645
2015-04-17,296.65652
2015-04-18,296.8566
2015-04-19,297.05664
2015-04-20,297.2567
2015-04-21,297.4568
2015-04-22,297.65686
2015-04-23,297.85693
2015-04-24,298.057
2015-04-25,298.25708
2015-04-26,298.45712
2015-04-27,298.6572
2015-04-28,298.85727
2015-04-29,299.05734
2015-04-30,299.25742
2015-05-01,299.45746
2015-05-02,299.65753
2015-05-03,299.8576
2015-05-04,300.05768
2015-05-05,300.25775
2015-05-06,300.45782
2015-05-07,300.6579
2015-05-08,300.85794
2015-05-09,301.058
2015-05-10,301.2581
2015-05-11,301.45816
2015-05-12,301.65823
2015-05-13,301.85828
2015-05-14,302.05835
2015-05-15,302.25842
2015-05-16,302.4585
2015-05-17,303.02466
2015-05-18,303.59082
2015-05-19,304.15698
2015-05-20,304.72314
2015-05-21,305.2893
2015-05-22,305.85547
2015-05-23,306.42163
2015-05-24,306.9878
2015-05-25,307.55396
2015-05-26,308.12012
2015-05-27,308.68628
2015-05-28,309.25244
2015-05-29,309.8186
2015-05-30,310.38477
2015-05-31,310.95093
2015-06-01,311.5171
2015-06-02,312.08325
2015-06-03,312.6494
2015-06-04,313.21558
2015-06-05,313.78174
2015-06-06,314.3479
2015-06-07,314.91406
2015-06-08,315.48022
2015-06-09,316.0464
2015-06-10,316.61255
2015-06-11,317.1787
2015-06-12,317.74487
2015-06-13,318.31104
2015-06-14,318.8772
2015-06-15,319.44336
2015-06-16,320.00952
2015-06-17,318.83688
2015-06-18,317.66425
2015-06-19,316.4916
2015-06-20,315.31894
2015-06-21,314.1463
2015-06-22,312.97366
2015-06-23,311.80103
2015-06-24,310.6284
2015-06-25,309.45575
2015-06-26,308.2831
2015-06-27,307.11047
2015-06-28,305.9378
2015-06-29,304.76517
2015-06-30,303.59253
2015-07-01,302.4199
2015-07-02,301.24725
2015-07-03,300.07462
2015-07-04,298.90198
2015-07-05,297.7293
2015-07-06,296.55667
2015-07-07,295.38403
2015-07-08,294.2114
2015-07-09,293.03876
2015-07-10,291.86612
2015-07-11,290.69348
2015-07-12,289.52084
2015-07-13,288.34818
2015-07-14,287.17554
2015-07-15,286.0029
2015-07-16,284.83026
2015-07-17,284.32306
2015-07-18,283.81586
2015-07-19,283.30865
2015-07-20,282.80148
2015-07-21,282.29428
2015-07-22,281.78708
2015-07-23,281.27988
2015-07-24,280.77267
2015-07-25,280.26547
2015-07-26,279.75827
2015-07-27,279.25107
2015-07-28,278.7439
2015-07-29,278.2367
2015-07-30,277.7295
2015-07-31,277.2223
2015-08-01,276.7151
2015-08-02,276.2079
2015-08-03,275.70068
2015-08-04,275.19348
2015-08-05,274.6863
2015-08-06,274.1791
2015-08-07,273.6719
2015-08-08,273.1647
2015-08-09,272.6575
2015-08-10,272.1503
2015-08-11,271.6431
2015-08-12,271.1359
2015-08-13,270.62872
2015-08-14,270.12152
2015-08-15,269.61432
2015-08-16,269.10712
2015-08-17,268.70355
2015-08-18,268.30002
2015-08-19,267.89645
2015-08-20,267.4929
2015-08-21,267.08932
2015-08-22,266.6858
2015-08-23,266.28223
2015-08-24,265.87866
2015-08-25,265.4751
2015-08-26,265.07156
2015-08-27,264.668
2015-08-28,264.26443
2015-08-29,263.86087
2015-08-30,263.45734
2015-08-31,263.05377
2015-09-01,262.6502
2015-09-02,262.24664
2015-09-03,261.8431
2015-09-04,261.43954
2015-09-05,261.03598
2015-09-06,260.63242
2015-09-07,260.22888
2015-09-08,259.82532
2015-09-09,259.42175
2015-09-10,259.0182
2015-09-11,258.61465
2015-09-12,258.2111
2015-09-13,257.80753
2015-09-14,257.40396
2015-09-15,257.00043
2015-09-16,256.59686
2015-09-17,254.47368
2015-09-18,252.3505
2015-09-19,250.22731
2015-09-20,248.10414
2015-09-21,245.98096
2015-09-22,243.85777
2015-09-23,241.73459
2015-09-24,239.6114
2015-09-25,237.48822
2015-09-26,235.36504
2015-09-27,233.24185
2015-09-28,231.11868
2015-09-29,228.9955
2015-09-30,226.87231
2015-10-01,224.74913
2015-10-02,222.62595
2015-10-03,220.50276
2015-10-04,218.37958
2015-10-05,216.25641
2015-10-06,214.13322
2015-10-07,212.01004
2015-10-08,209.88686
2015-10-09,207.76367
2015-10-10,205.64049
2015-10-11,203.5173
2015-10-12,201.39412
2015-10-13,199.27095
2015-10-14,197.14777
2015-10-15,195.02458
2015-10-16,192.9014
2015-10-17,192.24168
2015-10-18,191.58197
2015-10-19,190.92226
2015-10-20,190.26254
2015-10-21,189.60283
2015-10-22,188.94313
2015-10-23,188.28342
2015-10-24,187.6237
2015-10-25,186.96399
2015-10-26,186.30428
2015-10-27,185.64456
2015-10-28,184.98485
2015-10-29,184.32513
2015-10-30,183.66542
2015-10-31,183.0057
2015-11-01,182.34601
2015-11-02,181.6863
2015-11-03,181.02658
2015-11-04,180.36687
2015-11-05,179.70715
2015-11-06,179.04744
2015-11-07,178.38773
2015-11-08,177.72801
2015-11-09,177.0683
2015-11-10,176.40858
2015-11-11,175.74889
2015-11-12,175.08917
2015-11-13,174.42946
2015-11-14,173.76974
2015-11-15,173.11003
2015-11-16,172.45032
2015-11-17,171.95807
2015-11-18,171.4658
2015-11-19,170.97354
2015-11-20,170.4813
2015-11-21,169.98904
2015-11-22,169.49678
2015-11-23,169.00452
2015-11-24,168.51227
2015-11-25,168.02002
2015-11-26,167.52776
2015-11-27,167.03549
2015-11-28,166.54324
2015-11-29,166.051
2015-11-30,165.55873
2015-12-01,165.06647
2015-12-02,164.57422
2015-12-03,164.08197
2015-12-04,163.5897
2015-12-05,163.09744
2015-12-06,162.6052
2015-12-07,162.11295
2015-12-08,161.62068
2015-12-09,161.12842
2015-12-10,160.63617
2015-12-11,160.14392
2015-12-12,159.65166
2015-12-13,159.1594
2015-12-14,158.66714
2015-12-15,158.1749
2015-12-16,157.68263
2015-12-17,157.9268
2015-12-18,158.17096
2015-12-19,158.41513
2015-12-20,158.6593
2015-12-21,158.90347
2015-12-22,159.14763
2015-12-23,159.3918
2015-12-24,159.63597
2015-12-25,159.88013
2015-12-26,160.1243
2015-12-27,160.36847
2015-12-28,160.61264
2015-12-29,160.8568
2015-12-30,161.10097
2015-12-31,161.34514
2016-01-01,161.5893
2016-01-02,161.83347
2016-01-03,162.07764
2016-01-04,162.3218
2016-01-05,162.56596
2016-01-06,162.81013
2016-01-07,163.0543
2016-01-08,163.29846
2016-01-09,163.54263
2016-01-10,163.7868
2016-01-11,164.03096
2016-01-12,164.27513
2016-01-13,164.5193
2016-01-14,164.76347
2016-01-15,165.00763
2016-01-16,165.2518
2016-01-17,166.80992
2016-01-18,168.36804
2016-01-19,169.92616
2016-01-20,171.48428
2016-01-21,173.0424
2016-01-22,174.60052
2016-01-23,176.15865
2016-01-24,177.71677
2016-01-25,179.27489
2016-01-26,180.83301
2016-01-27,182.39113
2016-01-28,183.94925
2016-01-29,185.50737
2016-01-30,187.06549
2016-01-31,188.6236
2016-02-01,190.18172
2016-02-02,191.73984
2016-02-03,193.29796
2016-02-04,194.85608
2016-02-05,196.4142
2016-02-06,197.97232
2016-02-07,199.53044
2016-02-08,201.08856
2016-02-09,202.64668
2016-02-10,204.2048
2016-02-11,205.76292
2016-02-12,207.32104
2016-02-13,208.87917
2016-02-14,210.43729
2016-02-15,211.9954
2016-02-16,212.79073
2016-02-17,213.58604
2016-02-18,214.38136
2016-02-19,215.17668
2016-02-20,215.972
2016-02-21,216.76732
2016-02-22,217.56264
2016-02-23,218.35796
2016-02-24,219.15327
2016-02-25,219.9486
2016-02-26,220.74391
2016-02-27,221.53923
2016-02-28,222.33455
2016-02-29,223.12987
2016-03-01,223.92519
2016-03-02,224.7205
2016-03-03,225.51582
2016-03-04,226.31114
2016-03-05,227.10646
2016-03-06,227.90178
2016-03-07,228.6971
2016-03-08,229.49242
2016-03-09,230.28773
2016-03-10,231.08305
2016-03-11,231.87837
2016-03-12,232.67369
2016-03-13,233.46901
2016-03-14,234.26433
2016-03-15,235.05965
2016-03-16,235.85497
2016-03-17,237.33144
2016-03-18,238.8079
2016-03-19,240.28438
2016-03-20,241.76085
2016-03-21,243.23732
2016-03-22,244.71378
2016-03-23,246.19025
2016-03-24,247.66672
2016-03-25,249.14319
2016-03-26,250.61966
2016-03-27,252.09613
2016-03-28,253.5726
2016-03-29,255.04907
2016-03-30,256.52554
2016-03-31,258.002
2016-04-01,259.4785
2016-04-02,260.95496
2016-04-03,262.43143
2016-04-04,263.9079
2016-04-05,265.38437
2016-04-06,266.8608
2016-04-07,268.33728
2016-04-08,269.81375
2016-04-09,271.29022
2016-04-10,272.7667
2016-04-11,274.24316
2016-04-12,275.71964
2016-04-13,277.1961
2016-04-14,278.67258
2016-04-15,280.14905
2016-04-16,281.62552
2016-04-17,282.0049
2016-04-18,282.3843
2016-04-19,282.76367
2016-04-20,283.14307
2016-04-21,283.52246
2016-04-22,283.90186
2016-04-23,284.28125
2016-04-24,284.66064
2016-04-25,285.04004
2016-04-26,285.4194
2016-04-27,285.7988
2016-04-28,286.1782
2016-04-29,286.5576
2016-04-30,286.93698
2016-05-01,287.31635
2016-05-02,287.69574
2016-05-03,288.07513
2016-05-04,288.45453
2016-05-05,288.83392
2016-05-06,289.21332
2016-05-07,289.5927
2016-05-08,289.97208
2016-05-09,290.35147
2016-05-10,290.73087
2016-05-11,291.11026
2016-05-12,291.48965
2016-05-13,291.86902
2016-05-14,292.2484
2016-05-15,292.6278
2016-05-16,293.0072
2016-05-17,293.63037
2016-05-18,294.25354
2016-05-19,294.8767
2016-05-20,295.49985
2016-05-21,296.12302
2016-05-22,296.7462
2016-05-23,297.36935
2016-05-24,297.99252
2016-05-25,298.6157
2016-05-26,299.23883
2016-05-27,299.862
2016-05-28,300.48517
2016-05-29,301.10834
2016-05-30,301.7315
2016-05-31,302.35468
2016-06-01,302.9778
2016-06-02,303.60098
2016-06-03,304.22415
2016-06-04,304.84732
2016-06-05,305.4705
2016-06-06,306.09366
2016-06-07,306.7168
2016-06-08,307.33997
2016-06-09,307.96313
2016-06-10,308.5863
2016-06-11,309.20947
2016-06-12,309.83264
2016-06-13,310.45578
2016-06-14,311.07895
2016-06-15,311.70212
2016-06-16,312.3253
2016-06-17,311.55515
2016-06-18,310.78497
2016-06-19,310.01483
2016-06-20,309.2447
2016-06-21,308.47455
2016-06-22,307.70438
2016-06-23,306.93423
2016-06-24,306.1641
2016-06-25,305.39392
2016-06-26,304.62378
2016-06-27,303.85364
2016-06-28,303.08347
2016-06-29,302.31332
2016-06-30,301.54318
2016-07-01,300.773
2016-07-02,300.00287
2016-07-03,299.23273
2016-07-04,298.4626
2016-07-05,297.6924
2016-07-06,296.92227
2016-07-07,296.15213
2016-07-08,295.38196
2016-07-09,294.61182
2016-07-10,293.84167
2016-07-11,293.07153
2016-07-12,292.30136
2016-07-13,291.53122
2016-07-14,290.76108
2016-07-15,289.9909
2016-07-16,289.22076
2016-07-17,288.8411
2016-07-18,288.4614
2016-07-19,288.08173
2016-07-20,287.70206
2016-07-21,287.32236
2016-07-22,286.9427
2016-07-23,286.56302
2016-07-24,286.18332
2016-07-25,285.80365
2016-07-26,285.42398
2016-07-27,285.04428
2016-07-28,284.6646
2016-07-29,284.28494
2016-07-30,283.90524
2016-07-31,283.52557
2016-08-01,283.1459
2016-08-02,282.76624
2016-08-03,282.38654
2016-08-04,282.00687
2016-08-05,281.6272
2016-08-06,281.2475
2016-08-07,280.86783
2016-08-08,280.48816
2016-08-09,280.10846
2016-08-10,279.7288
2016-08-11,279.34912
2016-08-12,278.96942
2016-08-13,278.58975
2016-08-14,278.21008
2016-08-15,277.83038
2016-08-16,277.4507
2016-08-17,276.51425
2016-08-18,275.5778
2016-08-19,274.64133
2016-08-20,273.70486
2016-08-21,272.7684
2016-08-22,271.83194
2016-08-23,270.89548
2016-08-24,269.959
2016-08-25,269.02255
2016-08-26,268.0861
2016-08-27,267.14966
2016-08-28,266.2132
2016-08-29,265.27673
2016-08-30,264.34027
2016-08-31,263.4038
2016-09-01,262.46735
2016-09-02,261.53088
2016-09-03,260.59442
2016-09-04,259.65796
2016-09-05,258.7215
2016-09-06,257.78503
2016-09-07,256.84857
2016-09-08,255.91211
2016-09-09,254.97565
2016-09-10,254.03918
2016-09-11,253.10274
2016-09-12,252.16628
2016-09-13,251.22981
2016-09-14,250.29335
2016-09-15,249.35689
2016-09-16,248.42043
2016-09-17,247.3905
2016-09-18,246.36058
2016-09-19,245.33066
2016-09-20,244.30074
2016-09-21,243.27081
2016-09-22,242.24089
2016-09-23,241.21097
2016-09-24,240.18105
2016-09-25,239.15112
2016-09-26,238.1212
2016-09-27,237.09128
2016-09-28,236.06136
2016-09-29,235.03143
2016-09-30,234.00151
2016-10-01,232.97159
2016-10-02,231.94168
2016-10-03,230.91176
2016-10-04,229.88184
2016-10-05,228.85191
2016-10-06,227.82199
2016-10-07,226.79207
2016-10-08,225.76215
2016-10-09,224.73222
2016-10-10,223.7023
2016-10-11,222.67238
2016-10-12,221.64246
2016-10-13,220.61253
2016-10-14,219.58261
2016-10-15,218.55269
2016-10-16,217.52277
2016-10-17,215.8013
2016-10-18,214.07983
2016-10-19,212.35838
2016-10-20,210.63692
2016-10-21,208.91545
2016-10-22,207.19398
2016-10-23,205.47253
2016-10-24,203.75107
2016-10-25,202.0296
2016-10-26,200.30814
2016-10-27,198.58667
2016-10-28,196.86522
2016-10-29,195.14375
2016-10-30,193.42229
2016-10-31,191.70082
2016-11-01,189.97937
2016-11-02,188.2579
2016-11-03,186.53644
2016-11-04,184.81497
2016-11-05,183.09352
2016-11-06,181.37206
2016-11-07,179.65059
2016-11-08,177.92912
2016-11-09,176.20766
2016-11-10,174.4862
2016-11-11,172.76474
2016-11-12,171.04327
2016-11-13,169.32181
2016-11-14,167.60036
2016-11-15,165.87889
2016-11-16,164.15742
2016-11-17,163.76286
2016-11-18,163.3683
2016-11-19,162.97375
2016-11-20,162.5792
2016-11-21,162.18463
2016-11-22,161.79007
2016-11-23,161.39552
2016-11-24,161.00096
2016-11-25,160.6064
2016-11-26,160.21184
2016-11-27,159.81729
2016-11-28,159.42273
2016-11-29,159.02817
2016-11-30,158.6336
2016-12-01,158.23904
2016-12-02,157.8445
2016-12-03,157.44994
2016-12-04,157.05537
2016-12-05,156.66081
2016-12-06,156.26627
2016-12-07,155.8717
2016-12-08,155.47714
2016-12-09,155.08258
2016-12-10,154.68803
2016-12-11,154.29347
2016-12-12,153.89891
2016-12-13,153.50435
2016-12-14,153.1098
2016-12-15,152.71524
2016-12-16,152.32068
2016-12-17,153.15083
2016-12-18,153.98099
2016-12-19,154.81113
2016-12-20,155.64128
2016-12-21,156.47144
2016-12-22,157.30159
2016-12-23,158.13174
2016-12-24,158.96188
2016-12-25,159.79204
2016-12-26,160.6222
2016-12-27,161.45235
2016-12-28,162.2825
2016-12-29,163.11264
2016-12-30,163.9428
2016-12-31,164.77295
2017-01-01,165.6031
2017-01-02,166.43326
2017-01-03,167.26341
2017-01-04,168.09355
2017-01-05,168.9237
2017-01-06,169.75386
2017-01-07,170.58401
2017-01-08,171.41417
2017-01-09,172.24431
2017-01-10,173.07446
2017-01-11,173.90462
2017-01-12,174.73477
2017-01-13,175.56493
2017-01-14,176.39507
2017-01-15,177.22522
2017-01-16,178.05537
2017-01-17,178.66936
2017-01-18,179.28333
2017-01-19,179.89731
2017-01-20,180.51128
2017-01-21,181.12526
2017-01-22,181.73924
2017-01-23,182.35321
2017-01-24,182.9672
2017-01-25,183.58116
2017-01-26,184.19514
2017-01-27,184.80913
2017-01-28,185.4231
2017-01-29,186.03708
2017-01-30,186.65105
2017-01-31,187.26503
2017-02-01,187.87901
2017-02-02,188.49298
2017-02-03,189.10696
2017-02-04,189.72093
2017-02-05,190.33492
2017-02-06,190.9489
2017-02-07,191.56287
2017-02-08,192.17685
2017-02-09,192.79082
2017-02-10,193.4048
2017-02-11,194.01878
2017-02-12,194.63275
2017-02-13,195.24673
2017-02-14,195.8607
2017-02-15,196.47469
2017-02-16,197.48964
2017-02-17,198.5046
2017-02-18,199.51955
2017-02-19,200.5345
2017-02-20,201.54944
2017-02-21,202.56439
2017-02-22,203.57935
2017-02-23,204.5943
2017-02-24,205.60925
2017-02-25,206.6242
2017-02-26,207.63916
2017-02-27,208.65411
2017-02-28,209.66907
2017-03-01,210.68402
2017-03-02,211.69896
2017-03-03,212.71391
2017-03-04,213.72887
2017-03-05,214.74382
2017-03-06,215.75877
2017-03-07,216.77373
2017-03-08,217.78868
2017-03-09,218.80363
2017-03-10,219.81859
2017-03-11,220.83354
2017-03-12,221.84848
2017-03-13,222.86343
2017-03-14,223.87839
2017-03-15,224.89334
2017-03-16,225.9083
2017-03-17,227.71667
2017-03-18,229.52504
2017-03-19,231.33342
2017-03-20,233.1418
2017-03-21,234.95018
2017-03-22,236.75854
2017-03-23,238.56693
2017-03-24,240.3753
2017-03-25,242.18369
2017-03-26,243.99205
2017-03-27,245.80043
2017-03-28,247.60881
2017-03-29,249.41719
2017-03-30,251.22556
2017-03-31,253.03394
2017-04-01,254.84232
2017-04-02,256.6507
2017-04-03,258.45908
2017-04-04,260.26746
2017-04-05,262.0758
2017-04-06,263.8842
2017-04-07,265.69257
2017-04-08,267.50095
2017-04-09,269.30933
2017-04-10,271.1177
2017-04-11,272.9261
2017-04-12,274.73447
2017-04-13,276.54282
2017-04-14,278.3512
2017-04-15,280.15958
2017-04-16,281.96796
2017-04-17,282.1301
2017-04-18,282.29227
2017-04-19,282.4544
2017-04-20,282.61655
2017-04-21,282.77872
2017-04-22,282.94086
2017-04-23,283.103
2017-04-24,283.26517
2017-04-25,283.4273
2017-04-26,283.58945
2017-04-27,283.75162
2017-04-28,283.91376
2017-04-29,284.0759
2017-04-30,284.23807
2017-05-01,284.4002
2017-05-02,284.56235
2017-05-03,284.72452
2017-05-04,284.88666
2017-05-05,285.0488
2017-05-06,285.21097
2017-05-07,285.3731
2017-05-08,285.53525
2017-05-09,285.69742
2017-05-10,285.85956
2017-05-11,286.0217
2017-05-12,286.18387
2017-05-13,286.346
2017-05-14,286.50815
2017-05-15,286.67032
2017-05-16,286.83246
2017-05-17,287.5702
2017-05-18,288.3079
2017-05-19,289.04562
2017-05-20,289.78336
2017-05-21,290.5211
2017-05-22,291.2588
2017-05-23,291.99652
2017-05-24,292.73425
2017-05-25,293.47195
2017-05-26,294.2097
2017-05-27,294.94742
2017-05-28,295.68515
2017-05-29,296.42285
2017-05-30,297.16058
2017-05-31,297.89832
2017-06-01,298.63602
2017-06-02,299.37375
2017-06-03,300.11148
2017-06-04,300.84918
2017-06-05,301.5869
2017-06-06,302.32465
2017-06-07,303.06238
2017-06-08,303.80008
2017-06-09,304.5378
2017-06-10,305.27554
2017-06-11,306.01324
2017-06-12,306.75098
2017-06-13,307.4887
2017-06-14,308.22644
2017-06-15,308.96414
2017-06-16,309.70187
2017-06-17,308.93747
2017-06-18,308.17307
2017-06-19,307.40866
2017-06-20,306.64426
2017-06-21,305.87982
2017-06-22,305.11542
2017-06-23,304.351
2017-06-24,303.5866
2017-06-25,302.8222
2017-06-26,302.0578
2017-06-27,301.2934
2017-06-28,300.529
2017-06-29,299.7646
2017-06-30,299.00018
2017-07-01,298.23578
2017-07-02,297.47134
2017-07-03,296.70694
2017-07-04,295.94254
2017-07-05,295.17813
2017-07-06,294.41373
2017-07-07,293.64932
2017-07-08,292.88492
2017-07-09,292.1205
2017-07-10,291.3561
2017-07-11,290.59167
2017-07-12,289.82727
2017-07-13,289.06287
2017-07-14,288.29846
2017-07-15,287.53406
2017-07-16,286.76965
2017-07-17,285.78046
2017-07-18,284.7913
2017-07-19,283.8021
2017-07-20,282.8129
2017-07-21,281.8237
2017-07-22,280.83453
2017-07-23,279.84534
2017-07-24,278.85614
2017-07-25,277.86694
2017-07-26,276.87778
2017-07-27,275.88858
2017-07-28,274.89938
2017-07-29,273.9102
2017-07-30,272.92102
2017-07-31,271.93182
2017-08-01,270.94263
2017-08-02,269.95343
2017-08-03,268.96426
2017-08-04,267.97507
2017-08-05,266.98587
2017-08-06,265.99667
2017-08-07,265.0075
2017-08-08,264.0183
2017-08-09,263.0291
2017-08-10,262.03992
2017-08-11,261.05075
2017-08-12,260.06155
2017-08-13,259.07236
2017-08-14,258.08316
2017-08-15,257.094
2017-08-16,256.1048
2017-08-17,256.058
2017-08-18,256.01123
2017-08-19,255.96445
2017-08-20,255.91768
2017-08-21,255.8709
2017-08-22,255.82411
2017-08-23,255.77733
2017-08-24,255.73055
2017-08-25,255.68376
2017-08-26,255.637
2017-08-27,255.59021
2017-08-28,255.54343
2017-08-29,255.49664
2017-08-30,255.44986
2017-08-31,255.40308
2017-09-01,255.35631
2017-09-02,255.30952
2017-09-03,255.26274
2017-09-04,255.21596
2017-09-05,255.16917
2017-09-06,255.12239
2017-09-07,255.07562
2017-09-08,255.02884
2017-09-09,254.98206
2017-09-10,254.93527
2017-09-11,254.88849
2017-09-12,254.8417
2017-09-13,254.79494
2017-09-14,254.74815
2017-09-15,254.70137
2017-09-16,254.65459
2017-09-17,253.78644
2017-09-18,252.91829
2017-09-19,252.05014
2017-09-20,251.182
2017-09-21,250.31386
2017-09-22,249.44571
2017-09-23,248.57756
2017-09-24,247.70941
2017-09-25,246.84128
2017-09-26,245.97313
2017-09-27,245.10498
2017-09-28,244.23683
2017-09-29,243.36868
2017-09-30,242.50053
2017-10-01,241.63239
2017-10-02,240.76425
2017-10-03,239.8961
2017-10-04,239.02795
2017-10-05,238.1598
2017-10-06,237.29166
2017-10-07,236.42352
2017-10-08,235.55537
2017-10-09,234.68723
2017-10-10,233.81908
2017-10-11,232.95093
2017-10-12,232.08278
2017-10-13,231.21463
2017-10-14,230.3465
2017-10-15,229.47835
2017-10-16,228.6102
2017-10-17,226.922
2017-10-18,225.2338
2017-10-19,223.5456
2017-10-20,221.85738
2017-10-21,220.16917
2017-10-22,218.48097
2017-10-23,216.79277
2017-10-24,215.10457
2017-10-25,213.41637
2017-10-26,211.72815
2017-10-27,210.03995
2017-10-28,208.35175
2017-10-29,206.66354
2017-10-30,204.97534
2017-10-31,203.28714
2017-11-01,201.59892
2017-11-02,199.91072
2017-11-03,198.22252
2017-11-04,196.53432
2017-11-05,194.84612
2017-11-06,193.15791
2017-11-07,191.4697
2017-11-08,189.7815
2017-11-09,188.09329
2017-11-10,186.40509
2017-11-11,184.71689
2017-11-12,183.02869
2017-11-13,181.34047
2017-11-14,179.65227
2017-11-15,177.96407
2017-11-16,176.27586
2017-11-17,175.84106
2017-11-18,175.40625
2017-11-19,174.97145
2017-11-20,174.53665
2017-11-21,174.10184
2017-11-22,173.66704
2017-11-23,173.23224
2017-11-24,172.79742
2017-11-25,172.36263
2017-11-26,171.92783
2017-11-27,171.49301
2017-11-28,171.05821
2017-11-29,170.62341
2017-11-30,170.1886
2017-12-01,169.7538
2017-12-02,169.319
2017-12-03,168.88419
2017-12-04,168.44939
2017-12-05,168.01459
2017-12-06,167.57977
2017-12-07,167.14497
2017-12-08,166.71017
2017-12-09,166.27536
2017-12-10,165.84056
2017-12-11,165.40576
2017-12-12,164.97095
2017-12-13,164.53615
2017-12-14,164.10135
2017-12-15,163.66653
2017-12-16,163.23174
2017-12-17,163.33347
2017-12-18,163.4352
2017-12-19,163.53691
2017-12-20,163.63864
2017-12-21,163.74037
2017-12-22,163.8421
2017-12-23,163.94382
2017-12-24,164.04555
2017-12-25,164.14728
2017-12-26,164.24901
2017-12-27,164.35074
2017-12-28,164.45245
2017-12-29,164.55418
2017-12-30,164.65591
2017-12-31,164.75764
2018-01-01,164.85936
2018-01-02,164.96109
2018-01-03,165.06282
2018-01-04,165.16455
2018-01-05,165.26627
2018-01-06,165.368
2018-01-07,165.46973
2018-01-08,165.57146
2018-01-09,165.67319
2018-01-10,165.7749
2018-01-11,165.87663
2018-01-12,165.97836
2018-01-13,166.0801
2018-01-14,166.18181
2018-01-15,166.28354
2018-01-16,166.38527
2018-01-17,167.85973
2018-01-18,169.33417
2018-01-19,170.80862
2018-01-20,172.28307
2018-01-21,173.75752
2018-01-22,175.23198
2018-01-23,176.70642
2018-01-24,178.18088
2018-01-25,179.65532
2018-01-26,181.12978
2018-01-27,182.60423
2018-01-28,184.07867
2018-01-29,185.55313
2018-01-30,187.02757
2018-01-31,188.50203
2018-02-01,189.97649
2018-02-02,191.45093
2018-02-03,192.92538
2018-02-04,194.39983
2018-02-05,195.87428
2018-02-06,197.34874
2018-02-07,198.82318
2018-02-08,200.29764
2018-02-09,201.77208
2018-02-10,203.24654
2018-02-11,204.721
2018-02-12,206.19543
2018-02-13,207.66989
2018-02-14,209.14433
2018-02-15,210.61879
2018-02-16,211.49785
2018-02-17,212.37689
2018-02-18,213.25595
2018-02-19,214.135
2018-02-20,215.01405
2018-02-21,215.89311
2018-02-22,216.77216
2018-02-23,217.65121
2018-02-24,218.53026
2018-02-25,219.40932
2018-02-26,220.28836
2018-02-27,221.16742
2018-02-28,222.04648
2018-03-01,222.92552
2018-03-02,223.80458
2018-03-03,224.68362
2018-03-04,225.56268
2018-03-05,226.44174
2018-03-06,227.32079
2018-03-07,228.19984
2018-03-08,229.07889
2018-03-09,229.95795
2018-03-10,230.83699
2018-03-11,231.71605
2018-03-12,232.59511
2018-03-13,233.47415
2018-03-14,234.35321
2018-03-15,235.23225
2018-03-16,236.11131
2018-03-17,236.99713
2018-03-18,237.88297
2018-03-19,238.76878
2018-03-20,239.6546
2018-03-21,240.54044
2018-03-22,241.42625
2018-03-23,242.31207
2018-03-24,243.1979
2018-03-25,244.08372
2018-03-26,244.96954
2018-03-27,245.85538
2018-03-28,246.7412
2018-03-29,247.62701
2018-03-30,248.51285
2018-03-31,249.39867
2018-04-01,250.28448
2018-04-02,251.1703
2018-04-03,252.05614
2018-04-04,252.94196
2018-04-05,253.82777
2018-04-06,254.71361
2018-04-07,255.59943
2018-04-08,256.48526
2018-04-09,257.37106
2018-04-10,258.2569
2018-04-11,259.14273
2018-04-12,260.02853
2018-04-13,260.91437
2018-04-14,261.8002
2018-04-15,262.686
2018-04-16,263.57184
2018-04-17,264.56592
2018-04-18,265.55997
2018-04-19,266.55405
2018-04-20,267.54813
2018-04-21,268.5422
2018-04-22,269.53625
2018-04-23,270.53033
2018-04-24,271.5244
2018-04-25,272.5185
2018-04-26,273.51254
2018-04-27,274.50662
2018-04-28,275.5007
2018-04-29,276.49478
2018-04-30,277.48883
2018-05-01,278.4829
2018-05-02,279.477
2018-05-03,280.47104
2018-05-04,281.46512
2018-05-05,282.4592
2018-05-06,283.45328
2018-05-07,284.44733
2018-05-08,285.4414
2018-05-09,286.4355
2018-05-10,287.42957
2018-05-11,288.4236
2018-05-12,289.4177
2018-05-13,290.41177
2018-05-14,291.40585
2018-05-15,292.3999
2018-05-16,293.39398
2018-05-17,293.16553
2018-05-18,292.93704
2018-05-19,292.7086
2018-05-20,292.48013
2018-05-21,292.25165
2018-05-22,292.0232
2018-05-23,291.79474
2018-05-24,291.56625
2018-05-25,291.3378
2018-05-26,291.1093
2018-05-27,290.88086
2018-05-28,290.6524
2018-05-29,290.42392
2018-05-30,290.19547
2018-05-31,289.967
2018-06-01,289.73853
2018-06-02,289.51007
2018-06-03,289.28162
2018-06-04,289.05313
2018-06-05,288.82468
2018-06-06,288.59622
2018-06-07,288.36774
2018-06-08,288.13928
2018-06-09,287.9108
2018-06-10,287.68234
2018-06-11,287.4539
2018-06-12,287.2254
2018-06-13,286.99695
2018-06-14,286.7685
2018-06-15,286.54
2018-06-16,286.31155
2018-06-17,286.54346
2018-06-18,286.77536
2018-06-19,287.00726
2018-06-20,287.23917
2018-06-21,287.47107
2018-06-22,287.70297
2018-06-23,287.93488
2018-06-24,288.1668
2018-06-25,288.3987
2018-06-26,288.6306
2018-06-27,288.86252
2018-06-28,289.09442
2018-06-29,289.32632
2018-06-30,289.55823
2018-07-01,289.79013
2018-07-02,290.02203
2018-07-03,290.25394
2018-07-04,290.48584
2018-07-05,290.71774
2018-07-06,290.94965
2018-07-07,291.18155
2018-07-08,291.41345
2018-07-09,291.6454
2018-07-10,291.8773
2018-07-11,292.1092
2018-07-12,292.3411
2018-07-13,292.573
2018-07-14,292.8049
2018-07-15,293.0368
2018-07-16,293.2687
2018-07-17,292.24872
2018-07-18,291.2287
2018-07-19,290.2087
2018-07-20,289.1887
2018-07-21,288.1687
2018-07-22,287.1487
2018-07-23,286.1287
2018-07-24,285.1087
2018-07-25,284.0887
2018-07-26,283.0687
2018-07-27,282.0487
2018-07-28,281.0287
2018-07-29,280.0087
2018-07-30,278.9887
2018-07-31,277.9687
2018-08-01,276.9487
2018-08-02,275.92868
2018-08-03,274.9087
2018-08-04,273.8887
2018-08-05,272.86868
2018-08-06,271.8487
2018-08-07,270.82867
2018-08-08,269.8087
2018-08-09,268.7887
2018-08-10,267.76868
2018-08-11,266.7487
2018-08-12,265.7287
2018-08-13,264.70868
2018-08-14,263.6887
2018-08-15,262.66867
2018-08-16,261.64868
2018-08-17,261.3941
2018-08-18,261.1395
2018-08-19,260.88492
2018-08-20,260.6303
2018-08-21,260.37573
2018-08-22,260.12112
2018-08-23,259.86655
2018-08-24,259.61197
2018-08-25,259.35736
2018-08-26,259.10278
2018-08-27,258.84818
2018-08-28,258.5936
2018-08-29,258.33902
2018-08-30,258.0844
2018-08-31,257.82983
2018-09-01,257.57523
2018-09-02,257.32065
2018-09-03,257.06604
2018-09-04,256.81146
2018-09-05,256.5569
2018-09-06,256.30228
2018-09-07,256.0477
2018-09-08,255.7931
2018-09-09,255.53851
2018-09-10,255.28392
2018-09-11,255.02933
2018-09-12,254.77473
2018-09-13,254.52016
2018-09-14,254.26556
2018-09-15,254.01097
2018-09-16,253.75638
2018-09-17,252.32297
2018-09-18,250.88956
2018-09-19,249.45615
2018-09-20,248.02272
2018-09-21,246.58931
2018-09-22,245.1559
2018-09-23,243.72249
2018-09-24,242.28908
2018-09-25,240.85565
2018-09-26,239.42224
2018-09-27,237.98883
2018-09-28,236.55542
2018-09-29,235.12201
2018-09-30,233.6886
2018-10-01,232.25519
2018-10-02,230.82176
2018-10-03,229.38835
2018-10-04,227.95494
2018-10-05,226.52153
2018-10-06,225.08812
2018-10-07,223.6547
2018-10-08,222.22128
2018-10-09,220.78787
2018-10-10,219.35446
2018-10-11,217.92105
2018-10-12,216.48764
2018-10-13,215.05423
2018-10-14,213.6208
2018-10-15,212.1874
2018-10-16,210.75398
2018-10-17,209.68701
2018-10-18,208.62004
2018-10-19,207.55305
2018-10-20,206.48608
2018-10-21,205.41911
2018-10-22,204.35214
2018-10-23,203.28517
2018-10-24,202.21819
2018-10-25,201.15121
2018-10-26,200.08424
2018-10-27,199.01727
2018-10-28,197.9503
2018-10-29,196.88332
2018-10-30,195.81635
2018-10-31,194.74937
2018-11-01,193.6824
2018-11-02,192.61543
2018-11-03,191.54846
2018-11-04,190.48148
2018-11-05,189.4145
2018-11-06,188.34753
2018-11-07,187.28056
2018-11-08,186.2136
2018-11-09,185.1466
2018-11-10,184.07964
2018-11-11,183.01266
2018-11-12,181.9457
2018-11-13,180.87872
2018-11-14,179.81174
2018-11-15,178.74477
2018-11-16,177.6778
2018-11-17,177.01556
2018-11-18,176.35335
2018-11-19,175.69112
2018-11-20,175.02888
2018-11-21,174.36665
2018-11-22,173.70444
2018-11-23,173.0422
2018-11-24,172.37997
2018-11-25,171.71774
2018-11-26,171.05553
2018-11-27,170.3933
2018-11-28,169.73106
2018-11-29,169.06883
2018-11-30,168.40662
2018-12-01,167.74438
2018-12-02,167.08215
2018-12-03,166.41994
2018-12-04,165.7577
2018-12-05,165.09547
2018-12-06,164.43324
2018-12-07,163.77103
2018-12-08,163.1088
2018-12-09,162.44656
2018-12-10,161.78433
2018-12-11,161.12212
2018-12-12,160.45988
2018-12-13,159.79765
2018-12-14,159.13542
2018-12-15,158.4732
2018-12-16,157.81097
2018-12-17,158.50157
2018-12-18,159.19215
2018-12-19,159.88275
2018-12-20,160.57335
2018-12-21,161.26393
2018-12-22,161.95453
2018-12-23,162.64513
2018-12-24,163.33571
2018-12-25,164.0263
2018-12-26,164.7169
2018-12-27,165.40749
2018-12-28,166.09808
2018-12-29,166.78868
2018-12-30,167.47926
2018-12-31,168.16986
2019-01-01,168.86046
2019-01-02,169.55106
2019-01-03,170.24164
2019-01-04,170.93224
2019-01-05,171.62283
2019-01-06,172.31342
2019-01-07,173.00401
2019-01-08,173.69461
2019-01-09,174.3852
2019-01-10,175.07579
2019-01-11,175.76639
2019-01-12,176.45697
2019-01-13,177.14757
2019-01-14,177.83817
2019-01-15,178.52875
2019-01-16,179.21935
2019-01-17,180.27373
2019-01-18,181.32811
2019-01-19,182.3825
2019-01-20,183.43689
2019-01-21,184.49127
2019-01-22,185.54565
2019-01-23,186.60004
2019-01-24,187.65443
2019-01-25,188.70882
2019-01-26,189.7632
2019-01-27,190.81758
2019-01-28,191.87196
2019-01-29,192.92636
2019-01-30,193.98074
2019-01-31,195.03513
2019-02-01,196.08951
2019-02-02,197.14389
2019-02-03,198.19829
2019-02-04,199.25267
2019-02-05,200.30705
2019-02-06,201.36143
2019-02-07,202.41582
2019-02-08,203.47021
2019-02-09,204.5246
2019-02-10,205.57898
2019-02-11,206.63336
2019-02-12,207.68774
2019-02-13,208.74214
2019-02-14,209.79652
2019-02-15,210.8509
2019-02-16,211.0518
2019-02-17,211.25269
2019-02-18,211.45358
2019-02-19,211.65446
2019-02-20,211.85536
2019-02-21,212.05626
2019-02-22,212.25714
2019-02-23,212.45804
2019-02-24,212.65894
2019-02-25,212.85982
2019-02-26,213.06071
2019-02-27,213.2616
2019-02-28,213.4625
2019-03-01,213.66339
2019-03-02,213.86427
2019-03-03,214.06517
2019-03-04,214.26607
2019-03-05,214.46695
2019-03-06,214.66785
2019-03-07,214.86873
2019-03-08,215.06963
2019-03-09,215.27052
2019-03-10,215.4714
2019-03-11,215.6723
2019-03-12,215.8732
2019-03-13,216.07408
2019-03-14,216.27498
2019-03-15,216.47586
2019-03-16,216.67676
2019-03-17,219.26755
2019-03-18,221.85834
2019-03-19,224.44913
2019-03-20,227.03992
2019-03-21,229.6307
2019-03-22,232.2215
2019-03-23,234.81229
2019-03-24,237.40309
2019-03-25,239.99388
2019-03-26,242.58467
2019-03-27,245.17546
2019-03-28,247.76625
2019-03-29,250.35704
2019-03-30,252.94783
2019-03-31,255.53862
2019-04-01,258.12943
2019-04-02,260.7202
2019-04-03,263.311
2019-04-04,265.9018
2019-04-05,268.49258
2019-04-06,271.08337
2019-04-07,273.67416
2019-04-08,276.26495
2019-04-09,278.85574
2019-04-10,281.44653
2019-04-11,284.03732
2019-04-12,286.6281
2019-04-13,289.2189
2019-04-14,291.8097
2019-04-15,294.40048
2019-04-16,296.99127
2019-04-17,297.4801
2019-04-18,297.96893
2019-04-19,298.45776
2019-04-20,298.94662
2019-04-21,299.43546
2019-04-22,299.9243
2019-04-23,300.41312
2019-04-24,300.90195
2019-04-25,301.3908
2019-04-26,301.87964
2019-04-27,302.36847
2019-04-28,302.8573
2019-04-29,303.34613
2019-04-30,303.83496
2019-05-01,304.3238
2019-05-02,304.81265
2019-05-03,305.30148
2019-05-04,305.7903
2019-05-05,306.27914
2019-05-06,306.76797
2019-05-07,307.25684
2019-05-08,307.74567
2019-05-09,308.2345
2019-05-10,308.72333
2019-05-11,309.21216
2019-05-12,309.701
2019-05-13,310.18982
2019-05-14,310.67868
2019-05-15,311.1675
2019-05-16,311.65634
2019-05-17,312.0319
2019-05-18,312.4074
2019-05-19,312.78296
2019-05-20,313.15848
2019-05-21,313.53403
2019-05-22,313.90958
2019-05-23,314.2851
2019-05-24,314.66064
2019-05-25,315.0362
2019-05-26,315.4117
2019-05-27,315.78726
2019-05-28,316.16278
2019-05-29,316.53833
2019-05-30,316.91388
2019-05-31,317.2894
2019-06-01,317.66495
2019-06-02,318.04047
2019-06-03,318.41602
2019-06-04,318.79156
2019-06-05,319.16708
2019-06-06,319.54263
2019-06-07,319.91815
2019-06-08,320.2937
2019-06-09,320.66925
2019-06-10,321.04477
2019-06-11,321.42032
2019-06-12,321.79587
2019-06-13,322.1714
2019-06-14,322.54694
2019-06-15,322.92245
2019-06-16,323.298
2019-06-17,322.9311
2019-06-18,322.5642
2019-06-19,322.1973
2019-06-20,321.83038
2019-06-21,321.4635
2019-06-22,321.0966
2019-06-23,320.72968
2019-06-24,320.36276
2019-06-25,319.99588
2019-06-26,319.62897
2019-06-27,319.26205
2019-06-28,318.89517
2019-06-29,318.52826
2019-06-30,318.16135
2019-07-01,317.79443
2019-07-02,317.42755
2019-07-03,317.06064
2019-07-04,316.69373
2019-07-05,316.32684
2019-07-06,315.95993
2019-07-07,315.59302
2019-07-08,315.22614
2019-07-09,314.85922
2019-07-10,314.4923
2019-07-11,314.12543
2019-07-12,313.7585
2019-07-13,313.3916
2019-07-14,313.0247
2019-07-15,312.6578
2019-07-16,312.2909
2019-07-17,311.55627
2019-07-18,310.82166
2019-07-19,310.08704
2019-07-20,309.35245
2019-07-21,308.61783
2019-07-22,307.8832
2019-07-23,307.1486
2019-07-24,306.41397
2019-07-25,305.67935
2019-07-26,304.94476
2019-07-27,304.21014
2019-07-28,303.47552
2019-07-29,302.7409
2019-07-30,302.0063
2019-07-31,301.27167
2019-08-01,300.53708
2019-08-02,299.80246
2019-08-03,299.06784
2019-08-04,298.33322
2019-08-05,297.5986
2019-08-06,296.86398
2019-08-07,296.1294
2019-08-08,295.39478
2019-08-09,294.66016
2019-08-10,293.92554
2019-08-11,293.19092
2019-08-12,292.4563
2019-08-13,291.7217
2019-08-14,290.9871
2019-08-15,290.25247
2019-08-16,289.51785
2019-08-17,288.06976
2019-08-18,286.62164
2019-08-19,285.17355
2019-08-20,283.72546
2019-08-21,282.27734
2019-08-22,280.82925
2019-08-23,279.38116
2019-08-24,277.93304
2019-08-25,276.48495
2019-08-26,275.03687
2019-08-27,273.58875
2019-08-28,272.14066
2019-08-29,270.69257
2019-08-30,269.24445
2019-08-31,267.79636
2019-09-01,266.34827
2019-09-02,264.90018
2019-09-03,263.45206
2019-09-04,262.00397
2019-09-05,260.55588
2019-09-06,259.10776
2019-09-07,257.65967
2019-09-08,256.21158
2019-09-09,254.76347
2019-09-10,253.31537
2019-09-11,251.86726
2019-09-12,250.41917
2019-09-13,248.97107
2019-09-14,247.52296
2019-09-15,246.07487
2019-09-16,244.62677
2019-09-17,244.2852
2019-09-18,243.94365
2019-09-19,243.60208
2019-09-20,243.26053
2019-09-21,242.91896
2019-09-22,242.5774
2019-09-23,242.23584
2019-09-24,241.89427
2019-09-25,241.55272
2019-09-26,241.21115
2019-09-27,240.86958
2019-09-28,240.52803
2019-09-29,240.18646
2019-09-30,239.84491
2019-10-01,239.50334
2019-10-02,239.16177
2019-10-03,238.82022
2019-10-04,238.47865
2019-10-05,238.1371
2019-10-06,237.79553
2019-10-07,237.45396
2019-10-08,237.11241
2019-10-09,236.77084
2019-10-10,236.42929
2019-10-11,236.08772
2019-10-12,235.74615
2019-10-13,235.4046
2019-10-14,235.06303
2019-10-15,234.72148
2019-10-16,234.37991
2019-10-17,232.85744
2019-10-18,231.33496
2019-10-19,229.81248
2019-10-20,228.29001
2019-10-21,226.76753
2019-10-22,225.24506
2019-10-23,223.72258
2019-10-24,222.2001
2019-10-25,220.67763
2019-10-26,219.15515
2019-10-27,217.63268
2019-10-28,216.1102
2019-10-29,214.58772
2019-10-30,213.06525
2019-10-31,211.54277
2019-11-01,210.0203
2019-11-02,208.49782
2019-11-03,206.97534
2019-11-04,205.45287
2019-11-05,203.93039
2019-11-06,202.40791
2019-11-07,200.88544
2019-11-08,199.36296
2019-11-09,197.84048
2019-11-10,196.31801
2019-11-11,194.79553
2019-11-12,193.27306
2019-11-13,191.75058
2019-11-14,190.2281
2019-11-15,188.70563
2019-11-16,187.18315
2019-11-17,186.45941
2019-11-18,185.73569
2019-11-19,185.01196
2019-11-20,184.28822
2019-11-21,183.56448
2019-11-22,182.84076
2019-11-23,182.11703
2019-11-24,181.3933
2019-11-25,180.66956
2019-11-26,179.94583
2019-11-27,179.2221
2019-11-28,178.49837
2019-11-29,177.77463
2019-11-30,177.0509
2019-12-01,176.32718
2019-12-02,175.60344
2019-12-03,174.8797
2019-12-04,174.15598
2019-12-05,173.43225
2019-12-06,172.70851
2019-12-07,171.98477
2019-12-08,171.26105
2019-12-09,170.53732
2019-12-10,169.81358
2019-12-11,169.08984
2019-12-12,168.36612
2019-12-13,167.6424
2019-12-14,166.91866
2019-12-15,166.19492
2019-12-16,165.47119
2019-12-17,165.99146
2019-12-18,166.5117
2019-12-19,167.03197
2019-12-20,167.55223
2019-12-21,168.0725
2019-12-22,168.59274
2019-12-23,169.113
2019-12-24,169.63327
2019-12-25,170.15353
2019-12-26,170.67378
2019-12-27,171.19405
2019-12-28,171.71431
2019-12-29,172.23457
2019-12-30,172.75482
2019-12-31,173.27509
2020-01-01,173.79535
2020-01-02,174.31561
2020-01-03,174.83586
2020-01-04,175.35612
2020-01-05,175.87639
2020-01-06,176.39665
2020-01-07,176.9169
2020-01-08,177.43716
2020-01-09,177.95743
2020-01-10,178.47769
2020-01-11,178.99794
2020-01-12,179.5182
2020-01-13,180.03847
2020-01-14,180.55873
2020-01-15,181.07898
2020-01-16,181.59924
2020-01-17,182.05463
2020-01-18,182.51
2020-01-19,182.96538
2020-01-20,183.42076
2020-01-21,183.87613
2020-01-22,184.33151
2020-01-23,184.7869
2020-01-24,185.24228
2020-01-25,185.69765
2020-01-26,186.15303
2020-01-27,186.60841
2020-01-28,187.06378
2020-01-29,187.51917
2020-01-30,187.97455
2020-01-31,188.42993
2020-02-01,188.8853
2020-02-02,189.34068
2020-02-03,189.79607
2020-02-04,190.25143
2020-02-05,190.70682
2020-02-06,191.1622
2020-02-07,191.61757
2020-02-08,192.07295
2020-02-09,192.52834
2020-02-10,192.9837
2020-02-11,193.43909
2020-02-12,193.89447
2020-02-13,194.34985
2020-02-14,194.80522
2020-02-15,195.2606
2020-02-16,197.5253
2020-02-17,199.79
2020-02-18,202.05469
2020-02-19,204.31938
2020-02-20,206.58408
2020-02-21,208.84875
2020-02-22,211.11345
2020-02-23,213.37814
2020-02-24,215.64284
2020-02-25,217.90753
2020-02-26,220.17223
2020-02-27,222.43692
2020-02-28,224.70161
2020-02-29,226.96631
2020-03-01,229.23099
2020-03-02,231.49568
2020-03-03,233.76038
2020-03-04,236.02507
2020-03-05,238.28976
2020-03-06,240.55446
2020-03-07,242.81915
2020-03-08,245.08385
2020-03-09,247.34854
2020-03-10,249.61324
2020-03-11,251.87793
2020-03-12,254.14261
2020-03-13,256.40732
2020-03-14,258.672
2020-03-15,260.9367
2020-03-16,263.2014
2020-03-17,263.7823
2020-03-18,264.36322
2020-03-19,264.94412
2020-03-20,265.52505
2020-03-21,266.10596
2020-03-22,266.6869
2020-03-23,267.2678
2020-03-24,267.84872
2020-03-25,268.42963
2020-03-26,269.01056
2020-03-27,269.59146
2020-03-28,270.17236
2020-03-29,270.7533
2020-03-30,271.3342
2020-03-31,271.91513
2020-04-01,272.49603
2020-04-02,273.07697
2020-04-03,273.65787
2020-04-04,274.2388
2020-04-05,274.8197
2020-04-06,275.4006
2020-04-07,275.98154
2020-04-08,276.56244
2020-04-09,277.14337
2020-04-10,277.72427
2020-04-11,278.3052
2020-04-12,278.8861
2020-04-13,279.46704
2020-04-14,280.04794
2020-04-15,280.62888
2020-04-16,281.20978
2020-04-17,281.92056
2020-04-18,282.63138
2020-04-19,283.34216
2020-04-20,284.05295
2020-04-21,284.76376
2020-04-22,285.47455
2020-04-23,286.18533
2020-04-24,286.89615
2020-04-25,287.60693
2020-04-26,288.31772
2020-04-27,289.02853
2020-04-28,289.73932
2020-04-29,290.4501
2020-04-30,291.16092
2020-05-01,291.8717
2020-05-02,292.5825
2020-05-03,293.2933
2020-05-04,294.0041
2020-05-05,294.71487
2020-05-06,295.4257
2020-05-07,296.13647
2020-05-08,296.84726
2020-05-09,297.55807
2020-05-10,298.26886
2020-05-11,298.97964
2020-05-12,299.69046
2020-05-13,300.40125
2020-05-14,301.11203
2020-05-15,301.82285
2020-05-16,302.53363
2020-05-17,302.7394
2020-05-18,302.94516
2020-05-19,303.15094
2020-05-20,303.3567
2020-05-21,303.56247
2020-05-22,303.76822
2020-05-23,303.974
2020-05-24,304.17975
2020-05-25,304.38553
2020-05-26,304.59128
2020-05-27,304.79706
2020-05-28,305.00284
2020-05-29,305.2086
2020-05-30,305.41437
2020-05-31,305.62012
2020-06-01,305.8259
2020-06-02,306.03165
2020-06-03,306.23743
2020-06-04,306.44318
2020-06-05,306.64896
2020-06-06,306.85474
2020-06-07,307.0605
2020-06-08,307.26627
2020-06-09,307.47202
2020-06-10,307.6778
2020-06-11,307.88354
2020-06-12,308.08932
2020-06-13,308.29507
2020-06-14,308.50085
2020-06-15,308.7066
2020-06-16,308.91238
2020-06-17,308.39798
2020-06-18,307.88358
2020-06-19,307.36917
2020-06-20,306.85477
2020-06-21,306.34036
2020-06-22,305.82596
2020-06-23,305.31155
2020-06-24,304.79712
2020-06-25,304.2827
2020-06-26,303.7683
2020-06-27,303.2539
2020-06-28,302.7395
2020-06-29,302.2251
2020-06-30,301.7107
2020-07-01,301.1963
2020-07-02,300.6819
2020-07-03,300.16748
2020-07-04,299.65308
2020-07-05,299.13867
2020-07-06,298.62427
2020-07-07,298.10986
2020-07-08,297.59546
2020-07-09,297.08102
2020-07-10,296.56662
2020-07-11,296.05222
2020-07-12,295.5378
2020-07-13,295.0234
2020-07-14,294.509
2020-07-15,293.9946
2020-07-16,293.4802
2020-07-17,293.0419
2020-07-18,292.60358
2020-07-19,292.16528
2020-07-20,291.72696
2020-07-21,291.28867
2020-07-22,290.85034
2020-07-23,290.41205
2020-07-24,289.97372
2020-07-25,289.53543
2020-07-26,289.0971
2020-07-27,288.6588
2020-07-28,288.22052
2020-07-29,287.7822
2020-07-30,287.3439
2020-07-31,286.90558
2020-08-01,286.4673
2020-08-02,286.02896
2020-08-03,285.59067
2020-08-04,285.15234
2020-08-05,284.71405
2020-08-06,284.27576
2020-08-07,283.83743
2020-08-08,283.39914
2020-08-09,282.96082
2020-08-10,282.52252
2020-08-11,282.0842
2020-08-12,281.6459
2020-08-13,281.20758
2020-08-14,280.7693
2020-08-15,280.33096
2020-08-16,279.89267
2020-08-17,278.91846
2020-08-18,277.94424
2020-08-19,276.97
2020-08-20,275.9958
2020-08-21,275.02158
2020-08-22,274.04736
2020-08-23,273.07312
2020-08-24,272.0989
2020-08-25,271.1247
2020-08-26,270.15048
2020-08-27,269.17627
2020-08-28,268.20203
2020-08-29,267.2278
2020-08-30,266.2536
2020-08-31,265.2794
2020-09-01,264.30515
2020-09-02,263.33093
2020-09-03,262.35672
2020-09-04,261.3825
2020-09-05,260.40826
2020-09-06,259.43405
2020-09-07,258.45984
2020-09-08,257.48563
2020-09-09,256.5114
2020-09-10,255.53719
2020-09-11,254.56296
2020-09-12,253.58875
2020-09-13,252.61452
2020-09-14,251.6403
2020-09-15,250.66608
2020-09-16,249.69186
2020-09-17,249.14078
2020-09-18,248.58969
2020-09-19,248.0386
2020-09-20,247.48752
2020-09-21,246.93643
2020-09-22,246.38536
2020-09-23,245.83427
2020-09-24,245.28319
2020-09-25,244.7321
2020-09-26,244.18102
2020-09-27,243.62993
2020-09-28,243.07884
2020-09-29,242.52776
2020-09-30,241.97667
2020-10-01,241.4256
2020-10-02,240.87451
2020-10-03,240.32343
2020-10-04,239.77234
2020-10-05,239.22125
2020-10-06,238.67017
2020-10-07,238.11908
2020-10-08,237.568
2020-10-09,237.0169
2020-10-10,236.46582
2020-10-11,235.91473
2020-10-12,235.36366
2020-10-13,234.81258
2020-10-14,234.26149
2020-10-15,233.7104
2020-10-16,233.15932
2020-10-17,231.1336
2020-10-18,229.1079
2020-10-19,227.08218
2020-10-20,225.05647
2020-10-21,223.03076
2020-10-22,221.00505
2020-10-23,218.97934
2020-10-24,216.95363
2020-10-25,214.92792
2020-10-26,212.9022
2020-10-27,210.8765
2020-10-28,208.85078
2020-10-29,206.82507
2020-10-30,204.79936
2020-10-31,202.77365
2020-11-01,200.74796
2020-11-02,198.72224
2020-11-03,196.69653
2020-11-04,194.67082
2020-11-05,192.64511
2020-11-06,190.6194
2020-11-07,188.59369
2020-11-08,186.56798
2020-11-09,184.54227
2020-11-10,182.51656
2020-11-11,180.49084
2020-11-12,178.46513
2020-11-13,176.43942
2020-11-14,174.41371
2020-11-15,172.388
2020-11-16,170.36229
2020-11-17,170.1329
2020-11-18,169.90352
2020-11-19,169.67413
2020-11-20,169.44475
2020-11-21,169.21536
2020-11-22,168.98598
2020-11-23,168.75659
2020-11-24,168.5272
2020-11-25,168.29782
2020-11-26,168.06844
2020-11-27,167.83905
2020-11-28,167.60966
2020-11-29,167.38028
2020-11-30,167.1509
2020-12-01,166.92151
2020-12-02,166.69214
2020-12-03,166.46275
2020-12-04,166.23337
2020-12-05,166.00398
2020-12-06,165.7746
2020-12-07,165.54521
2020-12-08,165.31583
2020-12-09,165.08644
2020-12-10,164.85706
2020-12-11,164.62767
2020-12-12,164.39828
2020-12-13,164.1689
2020-12-14,163.93951
2020-12-15,163.71013
2020-12-16,163.48074
2020-12-17,163.97133
2020-12-18,164.46193
2020-12-19,164.95251
2020-12-20,165.44312
2020-12-21,165.9337
2020-12-22,166.42429
2020-12-23,166.91489
2020-12-24,167.40547
2020-12-25,167.89606
2020-12-26,168.38666
2020-12-27,168.87724
2020-12-28,169.36784
2020-12-29,169.85843
2020-12-30,170.34901
2020-12-31,170.83961
2021-01-01,171.3302
2021-01-02,171.8208
2021-01-03,172.31139
2021-01-04,172.80197
2021-01-05,173.29257
2021-01-06,173.78316
2021-01-07,174.27376
2021-01-08,174.76434
2021-01-09,175.25493
2021-01-10,175.74553
2021-01-11,176.23611
2021-01-12,176.7267
2021-01-13,177.2173
2021-01-14,177.70789
2021-01-15,178.19849
2021-01-16,178.68907
2021-01-17,179.43242
2021-01-18,180.17577
2021-01-19,180.9191
2021-01-20,181.66245
2021-01-21,182.40579
2021-01-22,183.14914
2021-01-23,183.89249
2021-01-24,184.63582
2021-01-25,185.37917
2021-01-26,186.12251
2021-01-27,186.86586
2021-01-28,187.6092
2021-01-29,188.35254
2021-01-30,189.09589
2021-01-31,189.83923
2021-02-01,190.58258
2021-02-02,191.32593
2021-02-03,192.06926
2021-02-04,192.8126
2021-02-05,193.55595
2021-02-06,194.2993
2021-02-07,195.04265
2021-02-08,195.78598
2021-02-09,196.52933
2021-02-10,197.27267
2021-02-11,198.01602
2021-02-12,198.75937
2021-02-13,199.5027
2021-02-14,200.24605
2021-02-15,200.9894
2021-02-16,202.85687
2021-02-17,204.72435
2021-02-18,206.59183
2021-02-19,208.45929
2021-02-20,210.32677
2021-02-21,212.19424
2021-02-22,214.06172
2021-02-23,215.9292
2021-02-24,217.79668
2021-02-25,219.66415
2021-02-26,221.53162
2021-02-27,223.3991
2021-02-28,225.26657
2021-03-01,227.13405
2021-03-02,229.00153
2021-03-03,230.869
2021-03-04,232.73648
2021-03-05,234.60396
2021-03-06,236.47142
2021-03-07,238.3389
2021-03-08,240.20638
2021-03-09,242.07385
2021-03-10,243.94133
2021-03-11,245.8088
2021-03-12,247.67628
2021-03-13,249.54375
2021-03-14,251.41122
2021-03-15,253.2787
2021-03-16,255.14618
2021-03-17,255.74754
2021-03-18,256.3489
2021-03-19,256.95026
2021-03-20,257.5516
2021-03-21,258.15298
2021-03-22,258.75433
2021-03-23,259.35568
2021-03-24,259.95706
2021-03-25,260.5584
2021-03-26,261.15976
2021-03-27,261.76114
2021-03-28,262.3625
2021-03-29,262.96384
2021-03-30,263.56522
2021-03-31,264.16656
2021-04-01,264.7679
2021-04-02,265.36926
2021-04-03,265.97064
2021-04-04,266.572
2021-04-05,267.17334
2021-04-06,267.77472
2021-04-07,268.37607
2021-04-08,268.97742
2021-04-09,269.5788
2021-04-10,270.18015
2021-04-11,270.7815
2021-04-12,271.38287
2021-04-13,271.98422
2021-04-14,272.58557
2021-04-15,273.18695
2021-04-16,273.7883
2021-04-17,274.27988
2021-04-18,274.77145
2021-04-19,275.263
2021-04-20,275.75458
2021-04-21,276.24615
2021-04-22,276.73773
2021-04-23,277.22928
2021-04-24,277.72086
2021-04-25,278.21243
2021-04-26,278.704
2021-04-27,279.19556
2021-04-28,279.68713
2021-04-29,280.1787
2021-04-30,280.6703
2021-05-01,281.16187
2021-05-02,281.6534
2021-05-03,282.145
2021-05-04,282.63657
2021-05-05,283.12814
2021-05-06,283.6197
2021-05-07,284.11127
2021-05-08,284.60284
2021-05-09,285.09442
2021-05-10,285.58597
2021-05-11,286.07755
2021-05-12,286.56912
2021-05-13,287.0607
2021-05-14,287.55225
2021-05-15,288.04382
2021-05-16,288.5354
2021-05-17,288.71783
2021-05-18,288.90027
2021-05-19,289.0827
2021-05-20,289.26514
2021-05-21,289.44757
2021-05-22,289.63004
2021-05-23,289.81247
2021-05-24,289.9949
2021-05-25,290.17734
2021-05-26,290.35977
2021-05-27,290.5422
2021-05-28,290.72464
2021-05-29,290.90707
2021-05-30,291.0895
2021-05-31,291.27194
2021-06-01,291.4544
2021-06-02,291.63684
2021-06-03,291.81927
2021-06-04,292.0017
2021-06-05,292.18414
2021-06-06,292.36658
2021-06-07,292.549
2021-06-08,292.73145
2021-06-09,292.91388
2021-06-10,293.0963
2021-06-11,293.27878
2021-06-12,293.4612
2021-06-13,293.64365
2021-06-14,293.82608
2021-06-15,294.0085
2021-06-16,294.19095
2021-06-17,293.72656
2021-06-18,293.26215
2021-06-19,292.79776
2021-06-20,292.33337
2021-06-21,291.86896
2021-06-22,291.40457
2021-06-23,290.94016
2021-06-24,290.47577
2021-06-25,290.01138
2021-06-26,289.54697
2021-06-27,289.08258
2021-06-28,288.6182
2021-06-29,288.15378
2021-06-30,287.6894
2021-07-01,287.22498
2021-07-02,286.7606
2021-07-03,286.2962
2021-07-04,285.8318
2021-07-05,285.3674
2021-07-06,284.903
2021-07-07,284.4386
2021-07-08,283.9742
2021-07-09,283.50983
2021-07-10,283.0454
2021-07-11,282.58102
2021-07-12,282.1166
2021-07-13,281.65222
2021-07-14,281.18784
2021-07-15,280.72342
2021-07-16,280.25903
2021-07-17,279.42462
2021-07-18,278.5902
2021-07-19,277.7558
2021-07-20,276.9214
2021-07-21,276.08698
2021-07-22,275.25256
2021-07-23,274.41815
2021-07-24,273.58374
2021-07-25,272.74933
2021-07-26,271.91492
2021-07-27,271.0805
2021-07-28,270.2461
2021-07-29,269.41168
2021-07-30,268.57727
2021-07-31,267.74286
2021-08-01,266.90848
2021-08-02,266.07407
2021-08-03,265.23965
2021-08-04,264.40524
2021-08-05,263.57083
2021-08-06,262.73642
2021-08-07,261.902
2021-08-08,261.0676
2021-08-09,260.2332
2021-08-10,259.39877
2021-08-11,258.56436
2021-08-12,257.72995
2021-08-13,256.89554
2021-08-14,256.06113
2021-08-15,255.22672
2021-08-16,254.3923
2021-08-17,254.069
2021-08-18,253.7457
2021-08-19,253.4224
2021-08-20,253.09909
2021-08-21,252.77579
2021-08-22,252.45248
2021-08-23,252.12918
2021-08-24,251.80586
2021-08-25,251.48256
2021-08-26,251.15926
2021-08-27,250.83595
2021-08-28,250.51265
2021-08-29,250.18935
2021-08-30,249.86604
2021-08-31,249.54274
2021-09-01,249.21944
2021-09-02,248.89613
2021-09-03,248.57283
2021-09-04,248.24953
2021-09-05,247.92622
2021-09-06,247.60292
2021-09-07,247.27962
2021-09-08,246.95631
2021-09-09,246.633
2021-09-10,246.3097
2021-09-11,245.98639
2021-09-12,245.66309
2021-09-13,245.33978
2021-09-14,245.01648
2021-09-15,244.69318
2021-09-16,244.36987
2021-09-17,243.74358
2021-09-18,243.11726
2021-09-19,242.49097
2021-09-20,241.86465
2021-09-21,241.23836
2021-09-22,240.61206
2021-09-23,239.98575
2021-09-24,239.35945
2021-09-25,238.73314
2021-09-26,238.10684
2021-09-27,237.48055
2021-09-28,236.85423
2021-09-29,236.22794
2021-09-30,235.60162
2021-10-01,234.97533
2021-10-02,234.34903
2021-10-03,233.72272
2021-10-04,233.09642
2021-10-05,232.47011
2021-10-06,231.84381
2021-10-07,231.21751
2021-10-08,230.5912
2021-10-09,229.9649
2021-10-10,229.3386
2021-10-11,228.7123
2021-10-12,228.086
2021-10-13,227.45969
2021-10-14,226.83339
2021-10-15,226.20708
2021-10-16,225.58078
2021-10-17,224.40677
2021-10-18,223.23277
2021-10-19,222.05876
2021-10-20,220.88475
2021-10-21,219.71075
2021-10-22,218.53674
2021-10-23,217.36273
2021-10-24,216.18874
2021-10-25,215.01472
2021-10-26,213.84071
2021-10-27,212.66672
2021-10-28,211.4927
2021-10-29,210.3187
2021-10-30,209.1447
2021-10-31,207.97069
2021-11-01,206.79668
2021-11-02,205.62267
2021-11-03,204.44867
2021-11-04,203.27466
2021-11-05,202.10065
2021-11-06,200.92665
2021-11-07,199.75264
2021-11-08,198.57863
2021-11-09,197.40463
2021-11-10,196.23062
2021-11-11,195.05661
2021-11-12,193.88261
2021-11-13,192.7086
2021-11-14,191.53459
2021-11-15,190.3606
2021-11-16,189.18658
2021-11-17,188.26587
2021-11-18,187.34517
2021-11-19,186.42445
2021-11-20,185.50375
2021-11-21,184.58304
2021-11-22,183.66232
2021-11-23,182.74162
2021-11-24,181.8209
2021-11-25,180.9002
2021-11-26,179.97949
2021-11-27,179.05878
2021-11-28,178.13808
2021-11-29,177.21736
2021-11-30,176.29666
2021-12-01,175.37595
2021-12-02,174.45523
2021-12-03,173.53453
2021-12-04,172.61382
2021-12-05,171.69312
2021-12-06,170.7724
2021-12-07,169.85168
2021-12-08,168.93098
2021-12-09,168.01027
2021-12-10,167.08957
2021-12-11,166.16885
2021-12-12,165.24814
2021-12-13,164.32744
2021-12-14,163.40672
2021-12-15,162.48602
2021-12-16,161.5653
2021-12-17,161.92433
2021-12-18,162.28337
2021-12-19,162.6424
2021-12-20,163.00142
2021-12-21,163.36046
2021-12-22,163.71948
2021-12-23,164.0785
2021-12-24,164.43755
2021-12-25,164.79657
2021-12-26,165.1556
2021-12-27,165.51463
2021-12-28,165.87366
2021-12-29,166.23268
2021-12-30,166.59172
2021-12-31,166.95074
2022-01-01,167.30977
2022-01-02,167.6688
2022-01-03,168.02783
2022-01-04,168.38686
2022-01-05,168.74588
2022-01-06,169.10492
2022-01-07,169.46394
2022-01-08,169.82297
2022-01-09,170.182
2022-01-10,170.54103
2022-01-11,170.90005
2022-01-12,171.2591
2022-01-13,171.61812
2022-01-14,171.97714
2022-01-15,172.33618
2022-01-16,172.6952
2022-01-17,173.61902
2022-01-18,174.54283
2022-01-19,175.46664
2022-01-20,176.39046
2022-01-21,177.31427
2022-01-22,178.23808
2022-01-23,179.1619
2022-01-24,180.08571
2022-01-25,181.00952
2022-01-26,181.93333
2022-01-27,182.85715
2022-01-28,183.78096
2022-01-29,184.70477
2022-01-30,185.62859
2022-01-31,186.5524
2022-02-01,187.47621
2022-02-02,188.40002
2022-02-03,189.32384
2022-02-04,190.24765
2022-02-05,191.17146
2022-02-06,192.09528
2022-02-07,193.01909
2022-02-08,193.9429
2022-02-09,194.86671
2022-02-10,195.79053
2022-02-11,196.71434
2022-02-12,197.63815
2022-02-13,198.56197
2022-02-14,199.48578
2022-02-15,200.40959
2022-02-16,201.52242
2022-02-17,202.63522
2022-02-18,203.74805
2022-02-19,204.86087
2022-02-20,205.9737
2022-02-21,207.0865
2022-02-22,208.19933
2022-02-23,209.31215
2022-02-24,210.42497
2022-02-25,211.53778
2022-02-26,212.6506
2022-02-27,213.76343
2022-02-28,214.87624
2022-03-01,215.98906
2022-03-02,217.10188
2022-03-03,218.2147
2022-03-04,219.32751
2022-03-05,220.44034
2022-03-06,221.55316
2022-03-07,222.66597
2022-03-08,223.7788
2022-03-09,224.89162
2022-03-10,226.00444
2022-03-11,227.11725
2022-03-12,228.23007
2022-03-13,229.3429
2022-03-14,230.45572
2022-03-15,231.56853
2022-03-16,232.68135
2022-03-17,233.41989
2022-03-18,234.15843
2022-03-19,234.89697
2022-03-20,235.63551
2022-03-21,236.37405
2022-03-22,237.1126
2022-03-23,237.85114
2022-03-24,238.58968
2022-03-25,239.32822
2022-03-26,240.06676
2022-03-27,240.8053
2022-03-28,241.54384
2022-03-29,242.28238
2022-03-30,243.02092
2022-03-31,243.75946
2022-04-01,244.49799
2022-04-02,245.23653
2022-04-03,245.97507
2022-04-04,246.71361
2022-04-05,247.45215
2022-04-06,248.19069
2022-04-07,248.92923
2022-04-08,249.66777
2022-04-09,250.40631
2022-04-10,251.14485
2022-04-11,251.88339
2022-04-12,252.62193
2022-04-13,253.36047
2022-04-14,254.09901
2022-04-15,254.83755
2022-04-16,255.5761
2022-04-17,257.3872
2022-04-18,259.1983
2022-04-19,261.0094
2022-04-20,262.8205
2022-04-21,264.6316
2022-04-22,266.4427
2022-04-23,268.25378
2022-04-24,270.06488
2022-04-25,271.87598
2022-04-26,273.68707
2022-04-27,275.49817
2022-04-28,277.30927
2022-04-29,279.12036
2022-04-30,280.93146
2022-05-01,282.74255
2022-05-02,284.55365
2022-05-03,286.36475
2022-05-04,288.17584
2022-05-05,289.98694
2022-05-06,291.79803
2022-05-07,293.60913
2022-05-08,295.42023
2022-05-09,297.23132
2022-05-10,299.04242
2022-05-11,300.85352
2022-05-12,302.6646
2022-05-13,304.4757
2022-05-14,306.2868
2022-05-15,308.0979
2022-05-16,309.909
2022-05-17,309.82632
2022-05-18,309.74365
2022-05-19,309.66098
2022-05-20,309.57834
2022-05-21,309.49567
2022-05-22,309.413
2022-05-23,309.33032
2022-05-24,309.24765
2022-05-25,309.16498
2022-05-26,309.08234
2022-05-27,308.99966
2022-05-28,308.917
2022-05-29,308.83432
2022-05-30,308.75165
2022-05-31,308.66898
2022-06-01,308.58633
2022-06-02,308.50366
2022-06-03,308.421
2022-06-04,308.33832
2022-06-05,308.25565
2022-06-06,308.17297
2022-06-07,308.09033
2022-06-08,308.00766
2022-06-09,307.925
2022-06-10,307.84232
2022-06-11,307.75964
2022-06-12,307.67697
2022-06-13,307.59433
2022-06-14,307.51166
2022-06-15,307.429
2022-06-16,307.3463
2022-06-17,307.32382
2022-06-18,307.30136
2022-06-19,307.27887
2022-06-20,307.25638
2022-06-21,307.23392
2022-06-22,307.21143
2022-06-23,307.18896
2022-06-24,307.16647
2022-06-25,307.14398
2022-06-26,307.12152
2022-06-27,307.09903
2022-06-28,307.07654
2022-06-29,307.05408
2022-06-30,307.0316
2022-07-01,307.0091
2022-07-02,306.98663
2022-07-03,306.96414
2022-07-04,306.94168
2022-07-05,306.9192
2022-07-06,306.8967
2022-07-07,306.87424
2022-07-08,306.85175
2022-07-09,306.82925
2022-07-10,306.8068
2022-07-11,306.7843
2022-07-12,306.76184
2022-07-13,306.73935
2022-07-14,306.71686
2022-07-15,306.6944
2022-07-16,306.6719
2022-07-17,303.4925
2022-07-18,300.31308
2022-07-19,297.13367
2022-07-20,293.95425
2022-07-21,290.77484
2022-07-22,287.5954
2022-07-23,284.416
2022-07-24,281.23657
2022-07-25,278.05716
2022-07-26,274.87775
2022-07-27,271.69833
2022-07-28,268.51892
2022-07-29,265.3395
2022-07-30,262.1601
2022-07-31,258.98068
2022-08-01,255.80125
2022-08-02,252.62184
2022-08-03,249.44243
2022-08-04,246.263
2022-08-05,243.08359
2022-08-06,239.90417
2022-08-07,236.72476
2022-08-08,233.54535
2022-08-09,230.36592
2022-08-10,227.18651
2022-08-11,224.0071
2022-08-12,220.82768
2022-08-13,217.64827
2022-08-14,214.46884
2022-08-15,211.28943
2022-08-16,208.11002
2022-08-17,209.52705
2022-08-18,210.94408
2022-08-19,212.36111
2022-08-20,213.77814
2022-08-21,215.19518
2022-08-22,216.6122
2022-08-23,218.02924
2022-08-24,219.44626
2022-08-25,220.8633
2022-08-26,222.28032
2022-08-27,223.69736
2022-08-28,225.11438
2022-08-29,226.53142
2022-08-30,227.94844
2022-08-31,229.36548
2022-09-01,230.7825
2022-09-02,232.19954
2022-09-03,233.61656
2022-09-04,235.0336
2022-09-05,236.45062
2022-09-06,237.86766
2022-09-07,239.28468
2022-09-08,240.70172
2022-09-09,242.11874
2022-09-10,243.53578
2022-09-11,244.9528
2022-09-12,246.36984
2022-09-13,247.78687
2022-09-14,249.2039
2022-09-15,250.62093
2022-09-16,252.03796
2022-09-17,250.42552
2022-09-18,248.8131
2022-09-19,247.20065
2022-09-20,245.58823
2022-09-21,243.97578
2022-09-22,242.36336
2022-09-23,240.75092
2022-09-24,239.13849
2022-09-25,237.52605
2022-09-26,235.91362
2022-09-27,234.30118
2022-09-28,232.68875
2022-09-29,231.07631
2022-09-30,229.46388
2022-10-01,227.85144
2022-10-02,226.239
2022-10-03,224.62657
2022-10-04,223.01413
2022-10-05,221.4017
2022-10-06,219.78926
2022-10-07,218.17683
2022-10-08,216.56439
2022-10-09,214.95197
2022-10-10,213.33952
2022-10-11,211.7271
2022-10-12,210.11465
2022-10-13,208.50223
2022-10-14,206.88979
2022-10-15,205.27736
2022-10-16,203.66492
2022-10-17,202.69571
2022-10-18,201.7265
2022-10-19,200.7573
2022-10-20,199.78807
2022-10-21,198.81886
2022-10-22,197.84966
2022-10-23,196.88045
2022-10-24,195.91124
2022-10-25,194.94203
2022-10-26,193.97281
2022-10-27,193.0036
2022-10-28,192.0344
2022-10-29,191.06519
2022-10-30,190.09598
2022-10-31,189.12677
2022-11-01,188.15755
2022-11-02,187.18834
2022-11-03,186.21913
2022-11-04,185.24992
2022-11-05,184.28072
2022-11-06,183.31151
2022-11-07,182.34229
2022-11-08,181.37308
2022-11-09,180.40387
2022-11-10,179.43466
2022-11-11,178.46545
2022-11-12,177.49625
2022-11-13,176.52702
2022-11-14,175.55782
2022-11-15,174.58861
2022-11-16,173.6194
2022-11-17,173.4838
2022-11-18,173.34819
2022-11-19,173.21259
2022-11-20,173.077
2022-11-21,172.94139
2022-11-22,172.80579
2022-11-23,172.67018
2022-11-24,172.53458
2022-11-25,172.39897
2022-11-26,172.26337
2022-11-27,172.12776
2022-11-28,171.99217
2022-11-29,171.85657
2022-11-30,171.72096
2022-12-01,171.58536
2022-12-02,171.44975
2022-12-03,171.31415
2022-12-04,171.17854
2022-12-05,171.04295
2022-12-06,170.90735
2022-12-07,170.77174
2022-12-08,170.63614
2022-12-09,170.50053
2022-12-10,170.36493
2022-12-11,170.22932
2022-12-12,170.09372
2022-12-13,169.95813
2022-12-14,169.82253
2022-12-15,169.68692
2022-12-16,169.55132
2022-12-17,169.56178
2022-12-18,169.57225
2022-12-19,169.58272
2022-12-20,169.59317
2022-12-21,169.60364
2022-12-22,169.6141
2022-12-23,169.62457
2022-12-24,169.63504
2022-12-25,169.64551
2022-12-26,169.65598
2022-12-27,169.66644
2022-12-28,169.6769
2022-12-29,169.68736
2022-12-30,169.69783
2022-12-31,169.7083
2023-01-01,169.71877
2023-01-02,169.72923
2023-01-03,169.7397
2023-01-04,169.75017
2023-01-05,169.76062
2023-01-06,169.77109
2023-01-07,169.78156
2023-01-08,169.79202
2023-01-09,169.80249
2023-01-10,169.81296
2023-01-11,169.82343
2023-01-12,169.8339
2023-01-13,169.84435
2023-01-14,169.85481
2023-01-15,169.86528
2023-01-16,169.87575
2023-01-17,171.06052
2023-01-18,172.2453
2023-01-19,173.43007
2023-01-20,174.61485
2023-01-21,175.79962
2023-01-22,176.9844
2023-01-23,178.16917
2023-01-24,179.35396
2023-01-25,180.53873
2023-01-26,181.72351
2023-01-27,182.90828
2023-01-28,184.09306
2023-01-29,185.27783
2023-01-30,186.46262
2023-01-31,187.64738
2023-02-01,188.83215
2023-02-02,190.01694
2023-02-03,191.2017
2023-02-04,192.38649
2023-02-05,193.57126
2023-02-06,194.75604
2023-02-07,195.94081
2023-02-08,197.1256
2023-02-09,198.31036
2023-02-10,199.49515
2023-02-11,200.67992
2023-02-12,201.8647
2023-02-13,203.04947
2023-02-14,204.23425
2023-02-15,205.41902
2023-02-16,206.2701
2023-02-17,207.12115
2023-02-18,207.97223
2023-02-19,208.8233
2023-02-20,209.67436
2023-02-21,210.52544
2023-02-22,211.37651
2023-02-23,212.22758
2023-02-24,213.07864
2023-02-25,213.92972
2023-02-26,214.78079
2023-02-27,215.63185
2023-02-28,216.48293
2023-03-01,217.334
2023-03-02,218.18506
2023-03-03,219.03613
2023-03-04,219.8872
2023-03-05,220.73827
2023-03-06,221.58934
2023-03-07,222.44041
2023-03-08,223.29147
2023-03-09,224.14255
2023-03-10,224.99362
2023-03-11,225.8447
2023-03-12,226.69576
2023-03-13,227.54683
2023-03-14,228.3979
2023-03-15,229.24896
2023-03-16,230.10004
2023-03-17,232.09457
2023-03-18,234.0891
2023-03-19,236.08363
2023-03-20,238.07816
2023-03-21,240.0727
2023-03-22,242.06723
2023-03-23,244.06175
2023-03-24,246.05629
2023-03-25,248.05083
2023-03-26,250.04535
2023-03-27,252.03989
2023-03-28,254.03441
2023-03-29,256.02893
2023-03-30,258.02347
2023-03-31,260.018
2023-04-01,262.01254
2023-04-02,264.00708
2023-04-03,266.00162
2023-04-04,267.99612
2023-04-05,269.99066
2023-04-06,271.9852
2023-04-07,273.97974
2023-04-08,275.97427
2023-04-09,277.96878
2023-04-10,279.96332
2023-04-11,281.95786
2023-04-12,283.9524
2023-04-13,285.94693
2023-04-14,287.94144
2023-04-15,289.93597
2023-04-16,291.9305
2023-04-17,292.53775
2023-04-18,293.145
2023-04-19,293.75226
2023-04-20,294.3595
2023-04-21,294.96674
2023-04-22,295.57397
2023-04-23,296.18124
2023-04-24,296.78848
2023-04-25,297.39572
2023-04-26,298.00296
2023-04-27,298.61023
2023-04-28,299.21747
2023-04-29,299.8247
2023-04-30,300.43195
2023-05-01,301.03918
2023-05-02,301.64645
2023-05-03,302.2537
2023-05-04,302.86093
2023-05-05,303.46817
2023-05-06,304.07544
2023-05-07,304.68268
2023-05-08,305.28992
2023-05-09,305.89716
2023-05-10,306.50443
2023-05-11,307.11166
2023-05-12,307.7189
2023-05-13,308.32614
2023-05-14,308.9334
2023-05-15,309.54065
2023-05-16,310.1479
2023-05-17,310.3146
2023-05-18,310.48135
2023-05-19,310.64807
2023-05-20,310.8148
2023-05-21,310.98154
2023-05-22,311.14825
2023-05-23,311.31497
2023-05-24,311.48172
2023-05-25,311.64844
2023-05-26,311.8152
2023-05-27,311.9819
2023-05-28,312.14862
2023-05-29,312.31537
2023-05-30,312.4821
2023-05-31,312.6488
2023-06-01,312.81555
2023-06-02,312.98227
2023-06-03,313.149
2023-06-04,313.31573
2023-06-05,313.48245
2023-06-06,313.64917
2023-06-07,313.81592
2023-06-08,313.98264
2023-06-09,314.14938
2023-06-10,314.3161
2023-06-11,314.48282
2023-06-12,314.64957
2023-06-13,314.81628
2023-06-14,314.983
2023-06-15,315.14975
2023-06-16,315.31647
2023-06-17,314.8483
2023-06-18,314.38016
2023-06-19,313.912
2023-06-20,313.44382
2023-06-21,312.97565
2023-06-22,312.5075
2023-06-23,312.03934
2023-06-24,311.57117
2023-06-25,311.103
2023-06-26,310.63486
2023-06-27,310.1667
2023-06-28,309.69852
2023-06-29,309.23035
2023-06-30,308.7622
2023-07-01,308.29404
2023-07-02,307.82587
2023-07-03,307.35773
2023-07-04,306.88956
2023-07-05,306.4214
2023-07-06,305.95322
2023-07-07,305.48508
2023-07-08,305.0169
2023-07-09,304.54874
2023-07-10,304.08057
2023-07-11,303.61243
2023-07-12,303.14426
2023-07-13,302.6761
2023-07-14,302.20792
2023-07-15,301.73978
2023-07-16,301.2716
2023-07-17,300.13907
2023-07-18,299.00653
2023-07-19,297.87402
2023-07-20,296.7415
2023-07-21,295.60895
2023-07-22,294.4764
2023-07-23,293.3439
2023-07-24,292.21136
2023-07-25,291.07883
2023-07-26,289.9463
2023-07-27,288.81375
2023-07-28,287.68124
2023-07-29,286.5487
2023-07-30,285.41617
2023-07-31,284.28363
2023-08-01,283.15112
2023-08-02,282.0186
2023-08-03,280.88605
2023-08-04,279.7535
2023-08-05,278.621
2023-08-06,277.48846
2023-08-07,276.35593
2023-08-08,275.2234
2023-08-09,274.09085
2023-08-10,272.95834
2023-08-11,271.8258
2023-08-12,270.69327
2023-08-13,269.56073
2023-08-14,268.42822
2023-08-15,267.2957
2023-08-16,266.16315
2023-08-17,264.9702
2023-08-18,263.77728
2023-08-19,262.58435
2023-08-20,261.3914
2023-08-21,260.19846
2023-08-22,259.00552
2023-08-23,257.8126
2023-08-24,256.61966
2023-08-25,255.42671
2023-08-26,254.23378
2023-08-27,253.04085
2023-08-28,251.84792
2023-08-29,250.65497
2023-08-30,249.46204
2023-08-31,248.2691
2023-09-01,247.07616
2023-09-02,245.88322
2023-09-03,244.69029
2023-09-04,243.49734
2023-09-05,242.30441
2023-09-06,241.11148
2023-09-07,239.91855
2023-09-08,238.7256
2023-09-09,237.53267
2023-09-10,236.33974
2023-09-11,235.14679
2023-09-12,233.95386
2023-09-13,232.76093
2023-09-14,231.568
2023-09-15,230.37505
2023-09-16,229.18211
2023-09-17,227.16913
2023-09-18,225.15614
2023-09-19,223.14316
2023-09-20,221.13019
2023-09-21,219.1172
2023-09-22,217.10422
2023-09-23,215.09123
2023-09-24,213.07825
2023-09-25,211.06526
2023-09-26,209.05228
2023-09-27,207.03929
2023-09-28,205.02632
2023-09-29,203.01334
2023-09-30,201.00035
2023-10-01,198.98737
2023-10-02,196.97438
2023-10-03,194.9614
2023-10-04,192.94841
2023-10-05,190.93544
2023-10-06,188.92245
2023-10-07,186.90947
2023-10-08,184.89648
2023-10-09,182.8835
2023-10-10,180.87051
2023-10-11,178.85753
2023-10-12,176.84454
2023-10-13,174.83157
2023-10-14,172.81859
2023-10-15,170.8056
2023-10-16,168.79262
2023-10-17,169.16774
2023-10-18,169.54285
2023-10-19,169.91797
2023-10-20,170.29309
2023-10-21,170.6682
2023-10-22,171.04332
2023-10-23,171.41844
2023-10-24,171.79355
2023-10-25,172.16867
2023-10-26,172.5438
2023-10-27,172.9189
2023-10-28,173.29402
2023-10-29,173.66914
2023-10-30,174.04425
2023-10-31,174.41937
2023-11-01,174.7945
2023-11-02,175.16962
2023-11-03,175.54472
2023-11-04,175.91985
2023-11-05,176.29497
2023-11-06,176.67007
2023-11-07,177.0452
2023-11-08,177.42032
2023-11-09,177.79543
2023-11-10,178.17055
2023-11-11,178.54567
2023-11-12,178.92078
2023-11-13,179.2959
2023-11-14,179.67102
2023-11-15,180.04613
2023-11-16,180.42125
2023-11-17,179.8893
2023-11-18,179.35736
2023-11-19,178.82541
2023-11-20,178.29347
2023-11-21,177.76152
2023-11-22,177.22957
2023-11-23,176.69763
2023-11-24,176.16568
2023-11-25,175.63374
2023-11-26,175.10179
2023-11-27,174.56984
2023-11-28,174.0379
2023-11-29,173.50595
2023-11-30,172.97401
2023-12-01,172.44206
2023-12-02,171.91011
2023-12-03,171.37817
2023-12-04,170.84622
2023-12-05,170.31429
2023-12-06,169.78233
2023-12-07,169.25038
2023-12-08,168.71844
2023-12-09,168.1865
2023-12-10,167.65456
2023-12-11,167.1226
2023-12-12,166.59065
2023-12-13,166.05872
2023-12-14,165.52676
2023-12-15,164.99483
2023-12-16,164.46288
2023-12-17,164.504
2023-12-18,164.54514
2023-12-19,164.58626
2023-12-20,164.62738
2023-12-21,164.6685
2023-12-22,164.70964
2023-12-23,164.75076
2023-12-24,164.79189
2023-12-25,164.83302
2023-12-26,164.87415
2023-12-27,164.91527
2023-12-28,164.95639
2023-12-29,164.99753
2023-12-30,165.03865
2023-12-31,165.07977
2024-01-01,165.12091
2024-01-02,165.16203
2024-01-03,165.20316
2024-01-04,165.2443
2024-01-05,165.28542
2024-01-06,165.32654
2024-01-07,165.36766
2024-01-08,165.4088
2024-01-09,165.44992
2024-01-10,165.49104
2024-01-11,165.53218
2024-01-12,165.5733
2024-01-13,165.61443
2024-01-14,165.65555
2024-01-15,165.69669
2024-01-16,165.73781
2024-01-17,167.2688
2024-01-18,168.79977
2024-01-19,170.33076
2024-01-20,171.86174
2024-01-21,173.39273
2024-01-22,174.9237
2024-01-23,176.4547
2024-01-24,177.98569
2024-01-25,179.51666
2024-01-26,181.04765
2024-01-27,182.57863
2024-01-28,184.10962
2024-01-29,185.6406
2024-01-30,187.17159
2024-01-31,188.70258
2024-02-01,190.23355
2024-02-02,191.76454
2024-02-03,193.29552
2024-02-04,194.8265
2024-02-05,196.35748
2024-02-06,197.88847
2024-02-07,199.41945
2024-02-08,200.95044
2024-02-09,202.48143
2024-02-10,204.0124
2024-02-11,205.5434
2024-02-12,207.07437
2024-02-13,208.60536
2024-02-14,210.13634
2024-02-15,211.66733
2024-02-16,212.75526
2024-02-17,213.84322
2024-02-18,214.93115
2024-02-19,216.0191
2024-02-20,217.10704
2024-02-21,218.19499
2024-02-22,219.28293
2024-02-23,220.37086
2024-02-24,221.45882
2024-02-25,222.54675
2024-02-26,223.6347
2024-02-27,224.72264
2024-02-28,225.8106
2024-02-29,226.89853
2024-03-01,227.98648
2024-03-02,229.07442
2024-03-03,230.16235
2024-03-04,231.2503
2024-03-05,232.33824
2024-03-06,233.4262
2024-03-07,234.51413
2024-03-08,235.60208
2024-03-09,236.69002
2024-03-10,237.77795
2024-03-11,238.8659
2024-03-12,239.95384
2024-03-13,241.0418
2024-03-14,242.12973
2024-03-15,243.21768
2024-03-16,244.30562
2024-03-17,245.86397
2024-03-18,247.4223
2024-03-19,248.98065
2024-03-20,250.53899
2024-03-21,252.09734
2024-03-22,253.65567
2024-03-23,255.21402
2024-03-24,256.77237
2024-03-25,258.33072
2024-03-26,259.88904
2024-03-27,261.4474
2024-03-28,263.00574
2024-03-29,264.5641
2024-03-30,266.12244
2024-03-31,267.68076
2024-04-01,269.2391
2024-04-02,270.79745
2024-04-03,272.3558
2024-04-04,273.91415
2024-04-05,275.47247
2024-04-06,277.03082
2024-04-07,278.58917
2024-04-08,280.14752
2024-04-09,281.70584
2024-04-10,283.2642
2024-04-11,284.82254
2024-04-12,286.3809
2024-04-13,287.93924
2024-04-14,289.49756
2024-04-15,291.0559
2024-04-16,292.61426
2024-04-17,292.61414
2024-04-18,292.614
2024-04-19,292.61386
2024-04-20,292.61374
2024-04-21,292.61362
2024-04-22,292.6135
2024-04-23,292.61337
2024-04-24,292.61322
2024-04-25,292.6131
2024-04-26,292.61298
2024-04-27,292.61285
2024-04-28,292.61273
2024-04-29,292.61258
2024-04-30,292.61246
2024-05-01,292.61234
2024-05-02,292.6122
2024-05-03,292.6121
2024-05-04,292.61194
2024-05-05,292.61182
2024-05-06,292.6117
2024-05-07,292.61157
2024-05-08,292.61145
2024-05-09,292.6113
2024-05-10,292.61118
2024-05-11,292.61105
2024-05-12,292.61093
2024-05-13,292.6108
2024-05-14,292.61066
2024-05-15,292.61053
2024-05-16,292.6104
2024-05-17,293.07233
2024-05-18,293.5342
2024-05-19,293.99612
2024-05-20,294.458
2024-05-21,294.91992
2024-05-22,295.3818
2024-05-23,295.84372
2024-05-24,296.3056
2024-05-25,296.76752
2024-05-26,297.2294
2024-05-27,297.6913
2024-05-28,298.15323
2024-05-29,298.6151
2024-05-30,299.07703
2024-05-31,299.5389
2024-06-01,300.00082
2024-06-02,300.4627
2024-06-03,300.92462
2024-06-04,301.3865
2024-06-05,301.84842
2024-06-06,302.31033
2024-06-07,302.77222
2024-06-08,303.23413
2024-06-09,303.696
2024-06-10,304.15793
2024-06-11,304.6198
2024-06-12,305.08173
2024-06-13,305.5436
2024-06-14,306.00552
2024-06-15,306.4674
2024-06-16,306.92932
2024-06-17,306.35443
2024-06-18,305.7795
2024-06-19,305.20462
2024-06-20,304.6297
2024-06-21,304.0548
2024-06-22,303.4799
2024-06-23,302.905
2024-06-24,302.33008
2024-06-25,301.7552
2024-06-26,301.18027
2024-06-27,300.60538
2024-06-28,300.03046
2024-06-29,299.45557
2024-06-30,298.88065
2024-07-01,298.30576
2024-07-02,297.73087
2024-07-03,297.15594
2024-07-04,296.58105
2024-07-05,296.00613
2024-07-06,295.43124
2024-07-07,294.85632
2024-07-08,294.28143
2024-07-09,293.7065
2024-07-10,293.13162
2024-07-11,292.5567
2024-07-12,291.9818
2024-07-13,291.4069
2024-07-14,290.832
2024-07-15,290.25708
2024-07-16,289.6822
2024-07-17,287.9444
2024-07-18,286.20663
2024-07-19,284.46884
2024-07-20,282.73105
2024-07-21,280.9933
2024-07-22,279.2555
2024-07-23,277.5177
2024-07-24,275.77994
2024-07-25,274.04214
2024-07-26,272.30435
2024-07-27,270.5666
2024-07-28,268.8288
2024-07-29,267.091
2024-07-30,265.35324
2024-07-31,263.61545
2024-08-01,261.87766
2024-08-02,260.13986
2024-08-03,258.4021
2024-08-04,256.6643
2024-08-05,254.92653
2024-08-06,253.18875
2024-08-07,251.45096
2024-08-08,249.71318
2024-08-09,247.97539
2024-08-10,246.23761
2024-08-11,244.49983
2024-08-12,242.76204
2024-08-13,241.02426
2024-08-14,239.28648
2024-08-15,237.54869
2024-08-16,235.81091
2024-08-17,235.6311
2024-08-18,235.4513
2024-08-19,235.2715
2024-08-20,235.09169
2024-08-21,234.91188
2024-08-22,234.73207
2024-08-23,234.55228
2024-08-24,234.37247
2024-08-25,234.19266
2024-08-26,234.01285
2024-08-27,233.83304
2024-08-28,233.65324
2024-08-29,233.47343
2024-08-30,233.29362
2024-08-31,233.11382
2024-09-01,232.93402
2024-09-02,232.75421
2024-09-03,232.5744
2024-09-04,232.39459
2024-09-05,232.2148
2024-09-06,232.03499
2024-09-07,231.85518
2024-09-08,231.67537
2024-09-09,231.49556
2024-09-10,231.31577
2024-09-11,231.13596
2024-09-12,230.95615
2024-09-13,230.77634
2024-09-14,230.59654
2024-09-15,230.41673
2024-09-16,230.23692
2024-09-17,229.64645
2024-09-18,229.056
2024-09-19,228.46553
2024-09-20,227.87506
2024-09-21,227.2846
2024-09-22,226.69414
2024-09-23,226.10367
2024-09-24,225.5132
2024-09-25,224.92274
2024-09-26,224.33228
2024-09-27,223.7418
2024-09-28,223.15135
2024-09-29,222.56088
2024-09-30,221.97041
2024-10-01,221.37994
2024-10-02,220.78949
2024-10-03,220.19902
2024-10-04,219.60855
2024-10-05,219.0181
2024-10-06,218.42763
2024-10-07,217.83716
2024-10-08,217.2467
2024-10-09,216.65623
2024-10-10,216.06577
2024-10-11,215.47531
2024-10-12,214.88484
2024-10-13,214.29437
2024-10-14,213.7039
2024-10-15,213.11345
2024-10-16,212.52298
2024-10-17,210.84648
2024-10-18,209.17
2024-10-19,207.4935
2024-10-20,205.817
2024-10-21,204.1405
2024-10-22,202.46402
2024-10-23,200.78752
2024-10-24,199.11102
2024-10-25,197.43454
2024-10-26,195.75804
2024-10-27,194.08154
2024-10-28,192.40504
2024-10-29,190.72856
2024-10-30,189.05206
2024-10-31,187.37556
2024-11-01,185.69908
2024-11-02,184.02258
2024-11-03,182.34608
2024-11-04,180.6696
2024-11-05,178.9931
2024-11-06,177.3166
2024-11-07,175.6401
2024-11-08,173.96362
2024-11-09,172.28712
2024-11-10,170.61063
2024-11-11,168.93414
2024-11-12,167.25764
2024-11-13,165.58115
2024-11-14,163.90465
2024-11-15,162.22816
2024-11-16,160.55167
2024-11-17,160.56859
2024-11-18,160.58551
2024-11-19,160.60243
2024-11-20,160.61934
2024-11-21,160.63626
2024-11-22,160.65318
2024-11-23,160.6701
2024-11-24,160.68703
2024-11-25,160.70395
2024-11-26,160.72087
2024-11-27,160.7378
2024-11-28,160.7547
2024-11-29,160.77162
2024-11-30,160.78854
2024-12-01,160.80547
2024-12-02,160.82239
2024-12-03,160.83931
2024-12-04,160.85623
2024-12-05,160.87314
2024-12-06,160.89006
2024-12-07,160.90698
2024-12-08,160.9239
2024-12-09,160.94083
2024-12-10,160.95775
2024-12-11,160.97467
2024-12-12,160.9916
2024-12-13,161.0085
2024-12-14,161.02542
2024-12-15,161.04234
2024-12-16,161.05927
2024-12-17,160.94273
2024-12-18,160.82619
2024-12-19,160.70966
2024-12-20,160.59311
2024-12-21,160.47658
2024-12-22,160.36003
2024-12-23,160.2435
2024-12-24,160.12695
2024-12-25,160.01042
2024-12-26,159.89388
2024-12-27,159.77734
2024-12-28,159.66081
2024-12-29,159.54427
2024-12-30,159.42773
2024-12-31,159.31119
2025-01-01,159.19466
2025-01-02,159.07811
2025-01-03,158.96158
2025-01-04,158.84503
2025-01-05,158.7285
2025-01-06,158.61197
2025-01-07,158.49542
2025-01-08,158.37889
2025-01-09,158.26234
2025-01-10,158.14581
2025-01-11,158.02927
2025-01-12,157.91273
2025-01-13,157.79619
2025-01-14,157.67966
2025-01-15,157.56311
2025-01-16,157.44658
2025-01-17,158.90921
2025-01-18,160.37184
2025-01-19,161.83447
2025-01-20,163.29709
2025-01-21,164.75972
2025-01-22,166.22235
2025-01-23,167.68498
2025-01-24,169.14761
2025-01-25,170.61023
2025-01-26,172.07286
2025-01-27,173.53549
2025-01-28,174.99812
2025-01-29,176.46075
2025-01-30,177.92339
2025-01-31,179.38602
2025-02-01,180.84863
2025-02-02,182.31126
2025-02-03,183.7739
2025-02-04,185.23653
2025-02-05,186.69916
2025-02-06,188.16177
2025-02-07,189.6244
2025-02-08,191.08704
2025-02-09,192.54967
2025-02-10,194.0123
2025-02-11,195.47493
2025-02-12,196.93756
2025-02-13,198.40018
2025-02-14,199.86281
2025-02-15,201.32544
2025-02-16,202.81998
2025-02-17,204.31451
2025-02-18,205.80905
2025-02-19,207.30359
2025-02-20,208.79813
2025-02-21,210.29266
2025-02-22,211.7872
2025-02-23,213.28174
2025-02-24,214.77628
2025-02-25,216.27081
2025-02-26,217.76535
2025-02-27,219.25989
2025-02-28,220.75443
2025-03-01,222.24896
2025-03-02,223.74348
2025-03-03,225.23802
2025-03-04,226.73256
2025-03-05,228.2271
2025-03-06,229.72163
2025-03-07,231.21617
2025-03-08,232.71071
2025-03-09,234.20525
2025-03-10,235.69978
2025-03-11,237.19432
2025-03-12,238.68886
2025-03-13,240.1834
2025-03-14,241.67793
2025-03-15,243.17247
2025-03-16,244.667
2025-03-17,246.1739
2025-03-18,247.68082
2025-03-19,249.18771
2025-03-20,250.69461
2025-03-21,252.20152
2025-03-22,253.70842
2025-03-23,255.21532
2025-03-24,256.72223
2025-03-25,258.22913
2025-03-26,259.73602
2025-03-27,261.24292
2025-03-28,262.74985
2025-03-29,264.25674
2025-03-30,265.76364
2025-03-31,267.27054
2025-04-01,268.77744
2025-04-02,270.28436
2025-04-03,271.79126
2025-04-04,273.29816
2025-04-05,274.80505
2025-04-06,276.31195
2025-04-07,277.81885
2025-04-08,279.32578
2025-04-09,280.83267
2025-04-10,282.33957
2025-04-11,283.84647
2025-04-12,285.35336
2025-04-13,286.86026
2025-04-14,288.3672
2025-04-15,289.87408
2025-04-16,291.38098
2025-04-17,291.4534
2025-04-18,291.52585
2025-04-19,291.59827
2025-04-20,291.67072
2025-04-21,291.74313
2025-04-22,291.81558
2025-04-23,291.888
2025-04-24,291.96042
2025-04-25,292.03287
2025-04-26,292.1053
2025-04-27,292.17773
2025-04-28,292.25015
2025-04-29,292.3226
2025-04-30,292.39502
2025-05-01,292.46747
2025-05-02,292.5399
2025-05-03,292.6123
2025-05-04,292.68475
2025-05-05,292.75717
2025-05-06,292.82962
2025-05-07,292.90204
2025-05-08,292.9745
2025-05-09,293.0469
2025-05-10,293.11932
2025-05-11,293.19177
2025-05-12,293.2642
2025-05-13,293.33664
2025-05-14,293.40906
2025-05-15,293.4815
2025-05-16,293.55392
2025-05-17,293.7344
2025-05-18,293.91492
2025-05-19,294.0954
2025-05-20,294.27588
2025-05-21,294.4564
2025-05-22,294.63687
2025-05-23,294.81735
2025-05-24,294.99786
2025-05-25,295.17834
2025-05-26,295.35883
2025-05-27,295.53934
2025-05-28,295.71982
2025-05-29,295.9003
2025-05-30,296.0808
2025-05-31,296.2613
2025-06-01,296.44177
2025-06-02,296.62225
2025-06-03,296.80276
2025-06-04,296.98325
2025-06-05,297.16373
2025-06-06,297.34424
2025-06-07,297.52472
2025-06-08,297.7052
2025-06-09,297.8857
2025-06-10,298.0662
2025-06-11,298.24667
2025-06-12,298.4272
2025-06-13,298.60767
2025-06-14,298.78815
2025-06-15,298.96866
2025-06-16,299.14914
2025-06-17,298.86548
2025-06-18,298.58182
2025-06-19,298.2982
2025-06-20,298.01453
2025-06-21,297.73087
2025-06-22,297.4472
2025-06-23,297.16357
2025-06-24,296.8799
2025-06-25,296.59625
2025-06-26,296.3126
2025-06-27,296.02896
2025-06-28,295.7453
2025-06-29,295.46164
2025-06-30,295.17798
2025-07-01,294.89435
2025-07-02,294.6107
2025-07-03,294.32703
2025-07-04,294.04337
2025-07-05,293.7597
2025-07-06,293.47607
2025-07-07,293.1924
2025-07-08,292.90875
2025-07-09,292.6251
2025-07-10,292.34146
2025-07-11,292.0578
2025-07-12,291.77414
2025-07-13,291.49048
2025-07-14,291.20685
2025-07-15,290.9232
2025-07-16,290.63953
2025-07-17,289.56204
2025-07-18,288.4846
2025-07-19,287.4071
2025-07-20,286.32962
2025-07-21,285.25214
2025-07-22,284.17468
2025-07-23,283.0972
2025-07-24,282.0197
2025-07-25,280.94226
2025-07-26,279.86478
2025-07-27,278.7873
2025-07-28,277.7098
2025-07-29,276.63235
2025-07-30,275.55487
2025-07-31,274.4774
2025-08-01,273.39993
2025-08-02,272.32245
2025-08-03,271.24496
2025-08-04,270.1675
2025-08-05,269.09003
2025-08-06,268.01254
2025-08-07,266.93506
2025-08-08,265.8576
2025-08-09,264.78012
2025-08-10,263.70264
2025-08-11,262.62518
2025-08-12,261.5477
2025-08-13,260.4702
2025-08-14,259.39273
2025-08-15,258.31528
2025-08-16,257.2378
2025-08-17,256.40018
2025-08-18,255.56258
2025-08-19,254.72498
2025-08-20,253.88736
2025-08-21,253.04976
2025-08-22,252.21216
2025-08-23,251.37454
2025-08-24,250.53694
2025-08-25,249.69934
2025-08-26,248.86172
2025-08-27,248.02412
2025-08-28,247.18651
2025-08-29,246.3489
2025-08-30,245.5113
2025-08-31,244.67369
2025-09-01,243.83609
2025-09-02,242.99847
2025-09-03,242.16087
2025-09-04,241.32327
2025-09-05,240.48566
2025-09-06,239.64806
2025-09-07,238.81044
2025-09-08,237.97284
2025-09-09,237.13524
2025-09-10,236.29762
2025-09-11,235.46002
2025-09-12,234.62242
2025-09-13,233.7848
2025-09-14,232.9472
2025-09-15,232.10959
2025-09-16,231.27199
2025-09-17,230.55504
2025-09-18,229.83807
2025-09-19,229.12112
2025-09-20,228.40416
2025-09-21,227.68721
2025-09-22,226.97025
2025-09-23,226.2533
2025-09-24,225.53635
2025-09-25,224.81938
2025-09-26,224.10243
2025-09-27,223.38547
2025-09-28,222.66852
2025-09-29,221.95155
2025-09-30,221.2346
2025-10-01,220.51764
2025-10-02,219.80069
2025-10-03,219.08374
2025-10-04,218.36678
2025-10-05,217.64983
2025-10-06,216.93286
2025-10-07,216.21591
2025-10-08,215.49895
2025-10-09,214.782
2025-10-10,214.06505
2025-10-11,213.34808
2025-10-12,212.63113
2025-10-13,211.91417
2025-10-14,211.19722
2025-10-15,210.48026
2025-10-16,209.7633
2025-10-17,208.77344
2025-10-18,207.78358
2025-10-19,206.79372
2025-10-20,205.80385
2025-10-21,204.81398
2025-10-22,203.82413
2025-10-23,202.83426
2025-10-24,201.84439
2025-10-25,200.85454
2025-10-26,199.86467
2025-10-27,198.8748
2025-10-28,197.88493
2025-10-29,196.89508
2025-10-30,195.90521
2025-10-31,194.91534
2025-11-01,193.92549
2025-11-02,192.93562
2025-11-03,191.94576
2025-11-04,190.9559
2025-11-05,189.96603
2025-11-06,188.97617
2025-11-07,187.9863
2025-11-08,186.99644
2025-11-09,186.00658
2025-11-10,185.01671
2025-11-11,184.02686
2025-11-12,183.03699
2025-11-13,182.04712
2025-11-14,181.05725
2025-11-15,180.0674
2025-11-16,179.07753
2025-11-17,178.55997
2025-11-18,178.0424
2025-11-19,177.52484
2025-11-20,177.00728
2025-11-21,176.48972
2025-11-22,175.97215
2025-11-23,175.45459
2025-11-24,174.93704
2025-11-25,174.41948
2025-11-26,173.90192
2025-11-27,173.38435
2025-11-28,172.86679
2025-11-29,172.34923
2025-11-30,171.83167
2025-12-01,171.3141
2025-12-02,170.79654
2025-12-03,170.27898
2025-12-04,169.76141
2025-12-05,169.24385
2025-12-06,168.72629
2025-12-07,168.20872
2025-12-08,167.69116
2025-12-09,167.17361
2025-12-10,166.65605
2025-12-11,166.13849
2025-12-12,165.62093
2025-12-13,165.10336
2025-12-14,164.5858
2025-12-15,164.06824
2025-12-16,163.55067
2025-12-17,163.75015
2025-12-18,163.94962
2025-12-19,164.1491
2025-12-20,164.34856
2025-12-21,164.54803
2025-12-22,164.7475
2025-12-23,164.94698
2025-12-24,165.14645
2025-12-25,165.34592
2025-12-26,165.5454
2025-12-27,165.74486
2025-12-28,165.94434
2025-12-29,166.14381
2025-12-30,166.34328
2025-12-31,166.54276
2026-01-01,166.74222
2026-01-02,166.9417
2026-01-03,167.14116
2026-01-04,167.34064
2026-01-05,167.54012
2026-01-06,167.73958
2026-01-07,167.93906
2026-01-08,168.13852
2026-01-09,168.338
2026-01-10,168.53748
2026-01-11,168.73694
2026-01-12,168.93642
2026-01-13,169.13588
2026-01-14,169.33536
2026-01-15,169.53482
2026-01-16,169.7343
2026-01-17,170.7856
2026-01-18,171.8369
2026-01-19,172.8882
2026-01-20,173.93948
2026-01-21,174.99078
2026-01-22,176.04208
2026-01-23,177.09338
2026-01-24,178.14468
2026-01-25,179.19598
2026-01-26,180.24728
2026-01-27,181.29858
2026-01-28,182.34987
2026-01-29,183.40117
2026-01-30,184.45247
2026-01-31,185.50377
2026-02-01,186.55507
2026-02-02,187.60637
2026-02-03,188.65767
2026-02-04,189.70895
2026-02-05,190.76025
2026-02-06,191.81155
2026-02-07,192.86285
2026-02-08,193.91415
2026-02-09,194.96545
2026-02-10,196.01675
2026-02-11,197.06805
2026-02-12,198.11934
2026-02-13,199.17064
2026-02-14,200.22194
2026-02-15,201.27324
2026-02-16,202.96558
2026-02-17,204.6579
2026-02-18,206.35023
2026-02-19,208.04256
2026-02-20,209.7349
2026-02-21,211.42722
2026-02-22,213.11955
2026-02-23,214.81187
2026-02-24,216.50421
2026-02-25,218.19653
2026-02-26,219.88887
2026-02-27,221.58119
2026-02-28,223.27353
2026-03-01,224.96585
2026-03-02,226.65819
2026-03-03,228.35051
2026-03-04,230.04285
2026-03-05,231.73517
2026-03-06,233.4275
2026-03-07,235.11983
2026-03-08,236.81216
2026-03-09,238.50449
2026-03-10,240.19682
2026-03-11,241.88914
2026-03-12,243.58148
2026-03-13,245.2738
2026-03-14,246.96614
2026-03-15,248.65846
2026-03-16,250.3508
2026-03-17,251.53342
2026-03-18,252.71603
2026-03-19,253.89865
2026-03-20,255.08125
2026-03-21,256.2639
2026-03-22,257.4465
2026-03-23,258.62912
2026-03-24,259.8117
2026-03-25,260.99432
2026-03-26,262.17694
2026-03-27,263.35956
2026-03-28,264.54218
2026-03-29,265.7248
2026-03-30,266.9074
2026-03-31,268.09003
2026-04-01,269.27264
2026-04-02,270.45526
2026-04-03,271.63788
2026-04-04,272.8205
2026-04-05,274.0031
2026-04-06,275.18573
2026-04-07,276.36835
2026-04-08,277.55096
2026-04-09,278.73355
2026-04-10,279.91617
2026-04-11,281.0988
2026-04-12,282.2814
2026-04-13,283.46402
2026-04-14,284.64664
2026-04-15,285.82925
2026-04-16,287.01187
2026-04-17,287.78287
2026-04-18,288.55386
2026-04-19,289.32486
2026-04-20,290.09586
2026-04-21,290.86685
2026-04-22,291.63785
2026-04-23,292.40884
2026-04-24,293.17987
2026-04-25,293.95087
2026-04-26,294.72186
2026-04-27,295.49286
2026-04-28,296.26385
2026-04-29,297.03485
2026-04-30,297.80585
2026-05-01,298.57684
2026-05-02,299.34784
2026-05-03,300.11884
2026-05-04,300.88983
2026-05-05,301.66083
2026-05-06,302.43182
2026-05-07,303.20282
2026-05-08,303.97382
2026-05-09,304.74484
2026-05-10,305.51584
2026-05-11,306.28683
2026-05-12,307.05783
2026-05-13,307.82883
2026-05-14,308.59982
2026-05-15,309.37082
2026-05-16,310.1418
2026-05-17,310.597
2026-05-18,311.05215
2026-05-19,311.50732
2026-05-20,311.96246
2026-05-21,312.41763
2026-05-22,312.8728
2026-05-23,313.32797
2026-05-24,313.78314
2026-05-25,314.2383
2026-05-26,314.69348
2026-05-27,315.14865
2026-05-28,315.6038
2026-05-29,316.05896
2026-05-30,316.51413
2026-05-31,316.9693
2026-06-01,317.42447
2026-06-02,317.87964
2026-06-03,318.3348
2026-06-04,318.78998
2026-06-05,319.24512
2026-06-06,319.7003
2026-06-07,320.15546
2026-06-08,320.61063
2026-06-09,321.0658
2026-06-10,321.52097
2026-06-11,321.97614
2026-06-12,322.4313
2026-06-13,322.88644
2026-06-14,323.3416
2026-06-15,323.79678
2026-06-16,324.25195
2026-06-17,323.42978
2026-06-18,322.60764
2026-06-19,321.78546
2026-06-20,320.9633
2026-06-21,320.1411
2026-06-22,319.31897
2026-06-23,318.4968
2026-06-24,317.67462
2026-06-25,316.85248
2026-06-26,316.0303
2026-06-27,315.20813
2026-06-28,314.386
2026-06-29,313.5638
2026-06-30,312.74164
2026-07-01,311.9195
2026-07-02,311.09732
2026-07-03,310.27515
2026-07-04,309.45297
2026-07-05,308.63083
2026-07-06,307.80865
2026-07-07,306.98648
2026-07-08,306.16434
2026-07-09,305.34216
2026-07-10,304.52
2026-07-11,303.6978
2026-07-12,302.87567
2026-07-13,302.0535
2026-07-14,301.23132
2026-07-15,300.40918
2026-07-16,299.587
2026-07-17,299.2955
2026-07-18,299.00397
2026-07-19,298.71246
2026-07-20,298.42093
2026-07-21,298.12943
2026-07-22,297.8379
2026-07-23,297.5464
2026-07-24,297.25488
2026-07-25,296.96335
2026-07-26,296.67184
2026-07-27,296.3803
2026-07-28,296.0888
2026-07-29,295.7973
2026-07-30,295.50577
2026-07-31,295.21426
2026-08-01,294.92273
2026-08-02,294.63123
2026-08-03,294.3397
2026-08-04,294.0482
2026-08-05,293.75668
2026-08-06,293.46515
2026-08-07,293.17365
2026-08-08,292.8821
2026-08-09,292.5906
2026-08-10,292.2991
2026-08-11,292.00757
2026-08-12,291.71606
2026-08-13,291.42453
2026-08-14,291.13303
2026-08-15,290.8415
2026-08-16,290.55
2026-08-17,289.42694
2026-08-18,288.30392
2026-08-19,287.18088
2026-08-20,286.05783
2026-08-21,284.93478
2026-08-22,283.81177
2026-08-23,282.68872
2026-08-24,281.56567
2026-08-25,280.44263
2026-08-26,279.3196
2026-08-27,278.19656
2026-08-28,277.07352
2026-08-29,275.9505
2026-08-30,274.82745
2026-08-31,273.7044
2026-09-01,272.58136
2026-09-02,271.45834
2026-09-03,270.3353
2026-09-04,269.21225
2026-09-05,268.0892
2026-09-06,266.9662
2026-09-07,265.84314
2026-09-08,264.7201
2026-09-09,263.59708
2026-09-10,262.47403
2026-09-11,261.35098
2026-09-12,260.22794
2026-09-13,259.10492
2026-09-14,257.98187
2026-09-15,256.85883
2026-09-16,255.7358
2026-09-17,254.85335
2026-09-18,253.9709
2026-09-19,253.08847
2026-09-20,252.20602
2026-09-21,251.32358
2026-09-22,250.44113
2026-09-23,249.5587
2026-09-24,248.67625
2026-09-25,247.79381
2026-09-26,246.91136
2026-09-27,246.02893
2026-09-28,245.14648
2026-09-29,244.26404
2026-09-30,243.38159
2026-10-01,242.49915
2026-10-02,241.61671
2026-10-03,240.73427
2026-10-04,239.85182
2026-10-05,238.96938
2026-10-06,238.08694
2026-10-07,237.2045
2026-10-08,236.32205
2026-10-09,235.4396
2026-10-10,234.55717
2026-10-11,233.67473
2026-10-12,232.79228
2026-10-13,231.90984
2026-10-14,231.0274
2026-10-15,230.14496
2026-10-16,229.26251
2026-10-17,228.04791
2026-10-18,226.83333
2026-10-19,225.61873
2026-10-20,224.40413
2026-10-21,223.18953
2026-10-22,221.97495
2026-10-23,220.76035
2026-10-24,219.54575
2026-10-25,218.33116
2026-10-26,217.11656
2026-10-27,215.90196
2026-10-28,214.68736
2026-10-29,213.47278
2026-10-30,212.25818
2026-10-31,211.04358
2026-11-01,209.829
2026-11-02,208.6144
2026-11-03,207.3998
2026-11-04,206.18521
2026-11-05,204.97061
2026-11-06,203.75601
2026-11-07,202.54141
2026-11-08,201.32683
2026-11-09,200.11223
2026-11-10,198.89763
2026-11-11,197.68304
2026-11-12,196.46844
2026-11-13,195.25385
2026-11-14,194.03925
2026-11-15,192.82466
2026-11-16,191.61006
2026-11-17,190.16893
2026-11-18,188.72781
2026-11-19,187.28668
2026-11-20,185.84557
2026-11-21,184.40443
2026-11-22,182.96332
2026-11-23,181.52219
2026-11-24,180.08105
2026-11-25,178.63994
2026-11-26,177.1988
2026-11-27,175.75769
2026-11-28,174.31656
2026-11-29,172.87544
2026-11-30,171.43431
2026-12-01,169.9932
2026-12-02,168.55206
2026-12-03,167.11093
2026-12-04,165.66982
2026-12-05,164.22868
2026-12-06,162.78757
2026-12-07,161.34644
2026-12-08,159.90532
2026-12-09,158.46419
2026-12-10,157.02306
2026-12-11,155.58194
2026-12-12,154.14081
2026-12-13,152.69969
2026-12-14,151.25856
2026-12-15,149.81744
2026-12-16,148.37631
2026-12-17,148.82828
2026-12-18,149.28026
2026-12-19,149.73222
2026-12-20,150.1842
2026-12-21,150.63617
2026-12-22,151.08815
2026-12-23,151.54012
2026-12-24,151.99208
2026-12-25,152.44406
2026-12-26,152.89603
2026-12-27,153.348
2026-12-28,153.79997
2026-12-29,154.25194
2026-12-30,154.70392
2026-12-31,155.15588
2027-01-01,155.60786
2027-01-02,156.05983
2027-01-03,156.51181
2027-01-04,156.96378
2027-01-05,157.41574
2027-01-06,157.86772
2027-01-07,158.31969
2027-01-08,158.77167
2027-01-09,159.22363
2027-01-10,159.6756
2027-01-11,160.12758
2027-01-12,160.57954
2027-01-13,161.03152
2027-01-14,161.48349
2027-01-15,161.93547
2027-01-16,162.38744
2027-01-17,163.45924
2027-01-18,164.53105
2027-01-19,165.60286
2027-01-20,166.67465
2027-01-21,167.74646
2027-01-22,168.81827
2027-01-23,169.89008
2027-01-24,170.96188
2027-01-25,172.03369
2027-01-26,173.1055
2027-01-27,174.1773
2027-01-28,175.2491
2027-01-29,176.3209
2027-01-30,177.39272
2027-01-31,178.46452
2027-02-01,179.53633
2027-02-02,180.60814
2027-02-03,181.67995
2027-02-04,182.75174
2027-02-05,183.82355
2027-02-06,184.89536
2027-02-07,185.96716
2027-02-08,187.03897
2027-02-09,188.11078
2027-02-10,189.18259
2027-02-11,190.2544
2027-02-12,191.32619
2027-02-13,192.398
2027-02-14,193.4698
2027-02-15,194.54161
2027-02-16,196.9407
2027-02-17,199.3398
2027-02-18,201.73889
2027-02-19,204.13799
2027-02-20,206.53708
2027-02-21,208.93617
2027-02-22,211.33527
2027-02-23,213.73436
2027-02-24,216.13345
2027-02-25,218.53255
2027-02-26,220.93164
2027-02-27,223.33073
2027-02-28,225.72983
2027-03-01,228.12892
2027-03-02,230.52802
2027-03-03,232.92711
2027-03-04,235.3262
2027-03-05,237.7253
2027-03-06,240.12439
2027-03-07,242.52348
2027-03-08,244.92258
2027-03-09,247.32167
2027-03-10,249.72076
2027-03-11,252.11986
2027-03-12,254.51895
2027-03-13,256.91803
2027-03-14,259.31714
2027-03-15,261.71625
2027-03-16,264.11533
2027-03-17,265.17374
2027-03-18,266.23215
2027-03-19,267.29056
2027-03-20,268.34897
2027-03-21,269.40738
2027-03-22,270.46582
2027-03-23,271.52423
2027-03-24,272.58264
2027-03-25,273.64105
2027-03-26,274.69946
2027-03-27,275.75787
2027-03-28,276.81628
2027-03-29,277.8747
2027-03-30,278.9331
2027-03-31,279.99152
2027-04-01,281.04996
2027-04-02,282.10837
2027-04-03,283.16678
2027-04-04,284.2252
2027-04-05,285.2836
2027-04-06,286.342
2027-04-07,287.40042
2027-04-08,288.45883
2027-04-09,289.51724
2027-04-10,290.57565
2027-04-11,291.6341
2027-04-12,292.6925
2027-04-13,293.75092
2027-04-14,294.80933
2027-04-15,295.86774
2027-04-16,296.92615
2027-04-17,297.7179
2027-04-18,298.5096
2027-04-19,299.30136
2027-04-20,300.09308
2027-04-21,300.88483
2027-04-22,301.67654
2027-04-23,302.4683
2027-04-24,303.26
2027-04-25,304.05176
2027-04-26,304.84348
2027-04-27,305.63522
2027-04-28,306.42694
2027-04-29,307.2187
2027-04-30,308.0104
2027-05-01,308.80215
2027-05-02,309.5939
2027-05-03,310.38562
2027-05-04,311.17737
2027-05-05,311.9691
2027-05-06,312.76083
2027-05-07,313.55255
2027-05-08,314.3443
2027-05-09,315.13602
2027-05-10,315.92776
2027-05-11,316.71948
2027-05-12,317.51123
2027-05-13,318.30295
2027-05-14,319.0947
2027-05-15,319.8864
2027-05-16,320.67816
2027-05-17,320.5035
2027-05-18,320.32886
2027-05-19,320.1542
2027-05-20,319.97952
2027-05-21,319.80487
2027-05-22,319.63022
2027-05-23,319.45557
2027-05-24,319.2809
2027-05-25,319.10626
2027-05-26,318.93158
2027-05-27,318.75693
2027-05-28,318.58228
2027-05-29,318.40762
2027-05-30,318.23297
2027-05-31,318.05832
2027-06-01,317.88364
2027-06-02,317.70898
2027-06-03,317.53433
2027-06-04,317.35968
2027-06-05,317.18503
2027-06-06,317.01038
2027-06-07,316.8357
2027-06-08,316.66104
2027-06-09,316.4864
2027-06-10,316.31174
2027-06-11,316.1371
2027-06-12,315.96243
2027-06-13,315.78775
2027-06-14,315.6131
2027-06-15,315.43845
2027-06-16,315.2638
2027-06-17,315.08234
2027-06-18,314.90085
2027-06-19,314.7194
2027-06-20,314.53793
2027-06-21,314.35645
2027-06-22,314.175
2027-06-23,313.99353
2027-06-24,313.81207
2027-06-25,313.63058
2027-06-26,313.44913
2027-06-27,313.26767
2027-06-28,313.08618
2027-06-29,312.90472
2027-06-30,312.72327
2027-07-01,312.5418
2027-07-02,312.36032
2027-07-03,312.17886
2027-07-04,311.9974
2027-07-05,311.81592
2027-07-06,311.63446
2027-07-07,311.453
2027-07-08,311.2715
2027-07-09,311.09006
2027-07-10,310.9086
2027-07-11,310.7271
2027-07-12,310.54565
2027-07-13,310.3642
2027-07-14,310.18274
2027-07-15,310.00125
2027-07-16,309.8198
2027-07-17,309.07568
2027-07-18,308.33157
2027-07-19,307.58746
2027-07-20,306.84335
2027-07-21,306.09924
2027-07-22,305.35513
2027-07-23,304.61102
2027-07-24,303.8669
2027-07-25,303.1228
2027-07-26,302.3787
2027-07-27,301.63458
2027-07-28,300.89047
2027-07-29,300.14636
2027-07-30,299.40225
2027-07-31,298.65814
2027-08-01,297.91406
2027-08-02,297.16995
2027-08-03,296.42584
2027-08-04,295.68173
2027-08-05,294.93762
2027-08-06,294.1935
2027-08-07,293.4494
2027-08-08,292.7053
2027-08-09,291.96118
2027-08-10,291.21707
2027-08-11,290.47296
2027-08-12,289.72885
2027-08-13,288.98474
2027-08-14,288.24063
2027-08-15,287.49652
2027-08-16,286.7524
2027-08-17,284.8982
2027-08-18,283.044
2027-08-19,281.1898
2027-08-20,279.3356
2027-08-21,277.48138
2027-08-22,275.6272
2027-08-23,273.77298
2027-08-24,271.9188
2027-08-25,270.06458
2027-08-26,268.2104
2027-08-27,266.35617
2027-08-28,264.50198
2027-08-29,262.64777
2027-08-30,260.79358
2027-08-31,258.93936
2027-09-01,257.08517
2027-09-02,255.23096
2027-09-03,253.37675
2027-09-04,251.52255
2027-09-05,249.66835
2027-09-06,247.81415
2027-09-07,245.95995
2027-09-08,244.10574
2027-09-09,242.25154
2027-09-10,240.39734
2027-09-11,238.54314
2027-09-12,236.68893
2027-09-13,234.83473
2027-09-14,232.98053
2027-09-15,231.12633
2027-09-16,229.27213
2027-09-17,229.278
2027-09-18,229.28389
2027-09-19,229.28976
2027-09-20,229.29564
2027-09-21,229.30151
2027-09-22,229.3074
2027-09-23,229.31328
2027-09-24,229.31915
2027-09-25,229.32503
2027-09-26,229.33092
2027-09-27,229.33679
2027-09-28,229.34267
2027-09-29,229.34854
2027-09-30,229.35443
2027-10-01,229.3603
2027-10-02,229.36618
2027-10-03,229.37207
2027-10-04,229.37794
2027-10-05,229.38382
2027-10-06,229.3897
2027-10-07,229.39558
2027-10-08,229.40146
2027-10-09,229.40733
2027-10-10,229.41321
2027-10-11,229.4191
2027-10-12,229.42497
2027-10-13,229.43085
2027-10-14,229.43672
2027-10-15,229.44261
2027-10-16,229.44849
2027-10-17,227.51027
2027-10-18,225.57205
2027-10-19,223.63385
2027-10-20,221.69563
2027-10-21,219.75742
2027-10-22,217.8192
2027-10-23,215.881
2027-10-24,213.94278
2027-10-25,212.00456
2027-10-26,210.06635
2027-10-27,208.12813
2027-10-28,206.18993
2027-10-29,204.25171
2027-10-30,202.31349
2027-10-31,200.37527
2027-11-01,198.43707
2027-11-02,196.49886
2027-11-03,194.56064
2027-11-04,192.62242
2027-11-05,190.68422
2027-11-06,188.746
2027-11-07,186.80779
2027-11-08,184.86957
2027-11-09,182.93135
2027-11-10,180.99315
2027-11-11,179.05493
2027-11-12,177.11671
2027-11-13,175.1785
2027-11-14,173.2403
2027-11-15,171.30208
2027-11-16,169.36386
2027-11-17,169.35678
2027-11-18,169.3497
2027-11-19,169.34262
2027-11-20,169.33554
2027-11-21,169.32846
2027-11-22,169.32138
2027-11-23,169.3143
2027-11-24,169.30722
2027-11-25,169.30014
2027-11-26,169.29306
2027-11-27,169.28598
2027-11-28,169.2789
2027-11-29,169.27182
2027-11-30,169.26474
2027-12-01,169.25766
2027-12-02,169.25056
2027-12-03,169.24348
2027-12-04,169.2364
2027-12-05,169.22932
2027-12-06,169.22224
2027-12-07,169.21516
2027-12-08,169.20808
2027-12-09,169.201
2027-12-10,169.19392
2027-12-11,169.18684
2027-12-12,169.17976
2027-12-13,169.17268
2027-12-14,169.1656
2027-12-15,169.15852
2027-12-16,169.15144
2027-12-17,169.33203
2027-12-18,169.51262
2027-12-19,169.69322
2027-12-20,169.87381
2027-12-21,170.0544
2027-12-22,170.23499
2027-12-23,170.41557
2027-12-24,170.59618
2027-12-25,170.77676
2027-12-26,170.95735
2027-12-27,171.13794
2027-12-28,171.31853
2027-12-29,171.49913
2027-12-30,171.67972
2027-12-31,171.8603
2028-01-01,172.0409
2028-01-02,172.22148
2028-01-03,172.40207
2028-01-04,172.58267
2028-01-05,172.76326
2028-01-06,172.94385
2028-01-07,173.12444
2028-01-08,173.30502
2028-01-09,173.48563
2028-01-10,173.66621
2028-01-11,173.8468
2028-01-12,174.02739
2028-01-13,174.20798
2028-01-14,174.38858
2028-01-15,174.56917
2028-01-16,174.74976
2028-01-17,175.65436
2028-01-18,176.55894
2028-01-19,177.46355
2028-01-20,178.36813
2028-01-21,179.27274
2028-01-22,180.17732
2028-01-23,181.08192
2028-01-24,181.98653
2028-01-25,182.89111
2028-01-26,183.79572
2028-01-27,184.7003
2028-01-28,185.6049
2028-01-29,186.50949
2028-01-30,187.4141
2028-01-31,188.3187
2028-02-01,189.22328
2028-02-02,190.12788
2028-02-03,191.03247
2028-02-04,191.93707
2028-02-05,192.84166
2028-02-06,193.74626
2028-02-07,194.65085
2028-02-08,195.55545
2028-02-09,196.46005
2028-02-10,197.36464
2028-02-11,198.26924
2028-02-12,199.17383
2028-02-13,200.07843
2028-02-14,200.98302
2028-02-15,201.88762
2028-02-16,202.967
2028-02-17,204.04637
2028-02-18,205.12573
2028-02-19,206.20511
2028-02-20,207.28448
2028-02-21,208.36386
2028-02-22,209.44324
2028-02-23,210.5226
2028-02-24,211.60197
2028-02-25,212.68135
2028-02-26,213.76073
2028-02-27,214.8401
2028-02-28,215.91946
2028-02-29,216.99884
2028-03-01,218.07822
2028-03-02,219.1576
2028-03-03,220.23697
2028-03-04,221.31633
2028-03-05,222.3957
2028-03-06,223.47508
2028-03-07,224.55446
2028-03-08,225.63383
2028-03-09,226.7132
2028-03-10,227.79257
2028-03-11,228.87195
2028-03-12,229.95132
2028-03-13,231.0307
2028-03-14,232.11006
2028-03-15,233.18944
2028-03-16,234.26881
2028-03-17,235.801
2028-03-18,237.33318
2028-03-19,238.86536
2028-03-20,240.39754
2028-03-21,241.92972
2028-03-22,243.4619
2028-03-23,244.99408
2028-03-24,246.52626
2028-03-25,248.05844
2028-03-26,249.59062
2028-03-27,251.1228
2028-03-28,252.65498
2028-03-29,254.18716
2028-03-30,255.71935
2028-03-31,257.25153
2028-04-01,258.7837
2028-04-02,260.3159
2028-04-03,261.84808
2028-04-04,263.38025
2028-04-05,264.9124
2028-04-06,266.4446
2028-04-07,267.9768
2028-04-08,269.50897
2028-04-09,271.04114
2028-04-10,272.57333
2028-04-11,274.10553
2028-04-12,275.6377
2028-04-13,277.16986
2028-04-14,278.70206
2028-04-15,280.23425
2028-04-16,281.76642
2028-04-17,282.33646
2028-04-18,282.90646
2028-04-19,283.4765
2028-04-20,284.04654
2028-04-21,284.61658
2028-04-22,285.18658
2028-04-23,285.75662
2028-04-24,286.32666
2028-04-25,286.89667
2028-04-26,287.4667
2028-04-27,288.03674
2028-04-28,288.60675
2028-04-29,289.1768
2028-04-30,289.74683
2028-05-01,290.31683
2028-05-02,290.88687
2028-05-03,291.4569
2028-05-04,292.02695
2028-05-05,292.59695
2028-05-06,293.167
2028-05-07,293.73703
2028-05-08,294.30704
2028-05-09,294.87708
2028-05-10,295.4471
2028-05-11,296.01715
2028-05-12,296.58716
2028-05-13,297.1572
2028-05-14,297.72723
2028-05-15,298.29724
2028-05-16,298.86728
2028-05-17,299.356
2028-05-18,299.8447
2028-05-19,300.3334
2028-05-20,300.8221
2028-05-21,301.31082
2028-05-22,301.79953
2028-05-23,302.28824
2028-05-24,302.77695
2028-05-25,303.26566
2028-05-26,303.75436
2028-05-27,304.24307
2028-05-28,304.73178
2028-05-29,305.2205
2028-05-30,305.7092
2028-05-31,306.1979
2028-06-01,306.68658
2028-06-02,307.1753
2028-06-03,307.664
2028-06-04,308.1527
2028-06-05,308.64142
2028-06-06,309.13013
2028-06-07,309.61884
2028-06-08,310.10754
2028-06-09,310.59625
2028-06-10,311.08496
2028-06-11,311.57367
2028-06-12,312.06238
2028-06-13,312.5511
2028-06-14,313.0398
2028-06-15,313.5285
2028-06-16,314.0172
2028-06-17,313.48358
2028-06-18,312.94992
2028-06-19,312.4163
2028-06-20,311.88266
2028-06-21,311.349
2028-06-22,310.81537
2028-06-23,310.2817
2028-06-24,309.74808
2028-06-25,309.21445
2028-06-26,308.6808
2028-06-27,308.14716
2028-06-28,307.61353
2028-06-29,307.07986
2028-06-30,306.54623
2028-07-01,306.01257
2028-07-02,305.47894
2028-07-03,304.9453
2028-07-04,304.41165
2028-07-05,303.87802
2028-07-06,303.3444
2028-07-07,302.81073
2028-07-08,302.2771
2028-07-09,301.74347
2028-07-10,301.2098
2028-07-11,300.67618
2028-07-12,300.14252
2028-07-13,299.6089
2028-07-14,299.07526
2028-07-15,298.5416
2028-07-16,298.00797
2028-07-17,297.8254
2028-07-18,297.64285
2028-07-19,297.46027
2028-07-20,297.2777
2028-07-21,297.09515
2028-07-22,296.9126
2028-07-23,296.73
2028-07-24,296.54745
2028-07-25,296.3649
2028-07-26,296.18234
2028-07-27,295.9998
2028-07-28,295.8172
2028-07-29,295.63464
2028-07-30,295.4521
2028-07-31,295.26953
2028-08-01,295.08694
2028-08-02,294.9044
2028-08-03,294.72183
2028-08-04,294.53928
2028-08-05,294.3567
2028-08-06,294.17413
2028-08-07,293.99158
2028-08-08,293.80902
2028-08-09,293.62646
2028-08-10,293.44388
2028-08-11,293.26132
2028-08-12,293.07877
2028-08-13,292.8962
2028-08-14,292.71362
2028-08-15,292.53107
2028-08-16,292.3485
2028-08-17,289.4455
2028-08-18,286.54248
2028-08-19,283.63947
2028-08-20,280.73648
2028-08-21,277.83347
2028-08-22,274.93045
2028-08-23,272.02744
2028-08-24,269.12442
2028-08-25,266.2214
2028-08-26,263.31842
2028-08-27,260.4154
2028-08-28,257.5124
2028-08-29,254.60938
2028-08-30,251.70638
2028-08-31,248.80336
2028-09-01,245.90034
2028-09-02,242.99733
2028-09-03,240.09433
2028-09-04,237.19131
2028-09-05,234.2883
2028-09-06,231.3853
2028-09-07,228.48228
2028-09-08,225.57927
2028-09-09,222.67627
2028-09-10,219.77325
2028-09-11,216.87024
2028-09-12,213.96724
2028-09-13,211.06422
2028-09-14,208.16121
2028-09-15,205.25821
2028-09-16,202.3552
2028-09-17,202.62947
2028-09-18,202.90375
2028-09-19,203.17804
2028-09-20,203.45232
2028-09-21,203.7266
2028-09-22,204.00087
2028-09-23,204.27516
2028-09-24,204.54944
2028-09-25,204.82372
2028-09-26,205.09799
2028-09-27,205.37228
2028-09-28,205.64656
2028-09-29,205.92084
2028-09-30,206.19511
2028-10-01,206.46939
2028-10-02,206.74368
2028-10-03,207.01796
2028-10-04,207.29224
2028-10-05,207.56651
2028-10-06,207.8408
2028-10-07,208.11508
2028-10-08,208.38936
2028-10-09,208.66364
2028-10-10,208.93793
2028-10-11,209.2122
2028-10-12,209.48648
2028-10-13,209.76076
2028-10-14,210.03505
2028-10-15,210.30933
2028-10-16,210.5836
2028-10-17,209.34691
2028-10-18,208.11023
2028-10-19,206.87354
2028-10-20,205.63684
2028-10-21,204.40015
2028-10-22,203.16347
2028-10-23,201.92677
2028-10-24,200.69008
2028-10-25,199.4534
2028-10-26,198.2167
2028-10-27,196.98001
2028-10-28,195.74332
2028-10-29,194.50664
2028-10-30,193.26994
2028-10-31,192.03325
2028-11-01,190.79657
2028-11-02,189.55988
2028-11-03,188.32318
2028-11-04,187.0865
2028-11-05,185.84981
2028-11-06,184.61311
2028-11-07,183.37642
2028-11-08,182.13974
2028-11-09,180.90305
2028-11-10,179.66635
2028-11-11,178.42967
2028-11-12,177.19298
2028-11-13,175.95628
2028-11-14,174.71959
2028-11-15,173.48291
2028-11-16,172.24622
2028-11-17,171.7428
2028-11-18,171.23938
2028-11-19,170.73595
2028-11-20,170.23253
2028-11-21,169.72911
2028-11-22,169.2257
2028-11-23,168.72226
2028-11-24,168.21884
2028-11-25,167.71542
2028-11-26,167.212
2028-11-27,166.70857
2028-11-28,166.20515
2028-11-29,165.70174
2028-11-30,165.19832
2028-12-01,164.69489
2028-12-02,164.19147
2028-12-03,163.68805
2028-12-04,163.18463
2028-12-05,162.68121
2028-12-06,162.17778
2028-12-07,161.67436
2028-12-08,161.17094
2028-12-09,160.66753
2028-12-10,160.1641
2028-12-11,159.66068
2028-12-12,159.15726
2028-12-13,158.65384
2028-12-14,158.1504
2028-12-15,157.64699
2028-12-16,157.14357
2028-12-17,157.84102
2028-12-18,158.53847
2028-12-19,159.23593
2028-12-20,159.93338
2028-12-21,160.63083
2028-12-22,161.32828
2028-12-23,162.02574
2028-12-24,162.72319
2028-12-25,163.42064
2028-12-26,164.11809
2028-12-27,164.81554
2028-12-28,165.513
2028-12-29,166.21045
2028-12-30,166.9079
2028-12-31,167.60535
2029-01-01,168.30281
2029-01-02,169.00026
2029-01-03,169.69771
2029-01-04,170.39516
2029-01-05,171.09262
2029-01-06,171.79007
2029-01-07,172.48752
2029-01-08,173.18497
2029-01-09,173.88242
2029-01-10,174.57988
2029-01-11,175.27733
2029-01-12,175.97478
2029-01-13,176.67223
2029-01-14,177.36969
2029-01-15,178.06714
2029-01-16,178.76459
2029-01-17,179.32486
2029-01-18,179.88513
2029-01-19,180.4454
2029-01-20,181.00568
2029-01-21,181.56595
2029-01-22,182.12622
2029-01-23,182.6865
2029-01-24,183.24677
2029-01-25,183.80704
2029-01-26,184.36731
2029-01-27,184.92758
2029-01-28,185.48785
2029-01-29,186.04813
2029-01-30,186.6084
2029-01-31,187.16867
2029-02-01,187.72896
2029-02-02,188.28923
2029-02-03,188.8495
2029-02-04,189.40977
2029-02-05,189.97005
2029-02-06,190.53032
2029-02-07,191.09059
2029-02-08,191.65086
2029-02-09,192.21114
2029-02-10,192.77141
2029-02-11,193.33168
2029-02-12,193.89195
2029-02-13,194.45222
2029-02-14,195.0125
2029-02-15,195.57277
2029-02-16,196.81339
2029-02-17,198.05402
2029-02-18,199.29463
2029-02-19,200.53525
2029-02-20,201.77588
2029-02-21,203.0165
2029-02-22,204.25711
2029-02-23,205.49773
2029-02-24,206.73836
2029-02-25,207.97897
2029-02-26,209.21959
2029-02-27,210.46022
2029-02-28,211.70084
2029-03-01,212.94145
2029-03-02,214.18208
2029-03-03,215.4227
2029-03-04,216.66331
2029-03-05,217.90395
2029-03-06,219.14456
2029-03-07,220.38518
2029-03-08,221.62581
2029-03-09,222.86642
2029-03-10,224.10704
2029-03-11,225.34766
2029-03-12,226.58829
2029-03-13,227.8289
2029-03-14,229.06952
2029-03-15,230.31015
2029-03-16,231.55077
2029-03-17,232.60933
2029-03-18,233.6679
2029-03-19,234.72646
2029-03-20,235.785
2029-03-21,236.84357
2029-03-22,237.90213
2029-03-23,238.9607
2029-03-24,240.01926
2029-03-25,241.07782
2029-03-26,242.13637
2029-03-27,243.19493
2029-03-28,244.2535
2029-03-29,245.31206
2029-03-30,246.37062
2029-03-31,247.42918
2029-04-01,248.48773
2029-04-02,249.5463
2029-04-03,250.60486
2029-04-04,251.66342
2029-04-05,252.72198
2029-04-06,253.78055
2029-04-07,254.8391
2029-04-08,255.89766
2029-04-09,256.95624
2029-04-10,258.01477
2029-04-11,259.07333
2029-04-12,260.1319
2029-04-13,261.19046
2029-04-14,262.24902
2029-04-15,263.3076
2029-04-16,264.36615
2029-04-17,265.8316
2029-04-18,267.2971
2029-04-19,268.76254
2029-04-20,270.22803
2029-04-21,271.69348
2029-04-22,273.15897
2029-04-23,274.62442
2029-04-24,276.0899
2029-04-25,277.55536
2029-04-26,279.02084
2029-04-27,280.4863
2029-04-28,281.95178
2029-04-29,283.41724
2029-04-30,284.88272
2029-05-01,286.34818
2029-05-02,287.81363
2029-05-03,289.2791
2029-05-04,290.74457
2029-05-05,292.21005
2029-05-06,293.6755
2029-05-07,295.141
2029-05-08,296.60645
2029-05-09,298.07193
2029-05-10,299.53738
2029-05-11,301.00287
2029-05-12,302.46832
2029-05-13,303.9338
2029-05-14,305.39926
2029-05-15,306.86475
2029-05-16,308.3302
2029-05-17,308.02164
2029-05-18,307.7131
2029-05-19,307.40454
2029-05-20,307.096
2029-05-21,306.78745
2029-05-22,306.4789
2029-05-23,306.17035
2029-05-24,305.8618
2029-05-25,305.55325
2029-05-26,305.2447
2029-05-27,304.93616
2029-05-28,304.6276
2029-05-29,304.31903
2029-05-30,304.0105
2029-05-31,303.70193
2029-06-01,303.3934
2029-06-02,303.08484
2029-06-03,302.7763
2029-06-04,302.46774
2029-06-05,302.15918
2029-06-06,301.85065
2029-06-07,301.54208
2029-06-08,301.23355
2029-06-09,300.925
2029-06-10,300.61642
2029-06-11,300.3079
2029-06-12,299.99933
2029-06-13,299.6908
2029-06-14,299.38223
2029-06-15,299.0737
2029-06-16,298.76514
2029-06-17,298.51288
2029-06-18,298.26062
2029-06-19,298.00836
2029-06-20,297.7561
2029-06-21,297.50385
2029-06-22,297.2516
2029-06-23,296.99933
2029-06-24,296.74707
2029-06-25,296.4948
2029-06-26,296.24255
2029-06-27,295.9903
2029-06-28,295.73804
2029-06-29,295.48578
2029-06-30,295.23352
2029-07-01,294.98126
2029-07-02,294.72903
2029-07-03,294.47678
2029-07-04,294.22452
2029-07-05,293.97226
2029-07-06,293.72
2029-07-07,293.46774
2029-07-08,293.21548
2029-07-09,292.96323
2029-07-10,292.71097
2029-07-11,292.4587
2029-07-12,292.20645
2029-07-13,291.9542
2029-07-14,291.70193
2029-07-15,291.44968
2029-07-16,291.19742
2029-07-17,288.77972
2029-07-18,286.36203
2029-07-19,283.94437
2029-07-20,281.52667
2029-07-21,279.10898
2029-07-22,276.69128
2029-07-23,274.27362
2029-07-24,271.85593
2029-07-25,269.43823
2029-07-26,267.02054
2029-07-27,264.60287
2029-07-28,262.18518
2029-07-29,259.7675
2029-07-30,257.3498
2029-07-31,254.93211
2029-08-01,252.51443
2029-08-02,250.09674
2029-08-03,247.67906
2029-08-04,245.26137
2029-08-05,242.84369
2029-08-06,240.426
2029-08-07,238.00832
2029-08-08,235.59062
2029-08-09,233.17294
2029-08-10,230.75525
2029-08-11,228.33757
2029-08-12,225.91988
2029-08-13,223.5022
2029-08-14,221.0845
2029-08-15,218.66682
2029-08-16,216.24913
2029-08-17,217.1269
2029-08-18,218.0047
2029-08-19,218.88248
2029-08-20,219.76025
2029-08-21,220.63805
2029-08-22,221.51582
2029-08-23,222.3936
2029-08-24,223.2714
2029-08-25,224.14917
2029-08-26,225.02695
2029-08-27,225.90474
2029-08-28,226.78252
2029-08-29,227.6603
2029-08-30,228.53809
2029-08-31,229.41586
2029-09-01,230.29364
2029-09-02,231.17142
2029-09-03,232.04921
2029-09-04,232.92699
2029-09-05,233.80476
2029-09-06,234.68256
2029-09-07,235.56033
2029-09-08,236.43811
2029-09-09,237.3159
2029-09-10,238.19368
2029-09-11,239.07146
2029-09-12,239.94925
2029-09-13,240.82703
2029-09-14,241.7048
2029-09-15,242.5826
2029-09-16,243.46037
2029-09-17,242.69537
2029-09-18,241.93039
2029-09-19,241.16539
2029-09-20,240.4004
2029-09-21,239.6354
2029-09-22,238.8704
2029-09-23,238.10542
2029-09-24,237.34042
2029-09-25,236.57544
2029-09-26,235.81044
2029-09-27,235.04544
2029-09-28,234.28046
2029-09-29,233.51546
2029-09-30,232.75047
2029-10-01,231.98547
2029-10-02,231.22047
2029-10-03,230.45549
2029-10-04,229.69049
2029-10-05,228.9255
2029-10-06,228.1605
2029-10-07,227.39551
2029-10-08,226.63052
2029-10-09,225.86552
2029-10-10,225.10054
2029-10-11,224.33554
2029-10-12,223.57054
2029-10-13,222.80556
2029-10-14,222.04056
2029-10-15,221.27557
2029-10-16,220.51057
2029-10-17,219.46204
2029-10-18,218.4135
2029-10-19,217.36496
2029-10-20,216.31644
2029-10-21,215.2679
2029-10-22,214.21936
2029-10-23,213.17082
2029-10-24,212.12228
2029-10-25,211.07375
2029-10-26,210.0252
2029-10-27,208.97667
2029-10-28,207.92815
2029-10-29,206.87961
2029-10-30,205.83107
2029-10-31,204.78253
2029-11-01,203.734
2029-11-02,202.68546
2029-11-03,201.63692
2029-11-04,200.58838
2029-11-05,199.53986
2029-11-06,198.49132
2029-11-07,197.44278
2029-11-08,196.39424
2029-11-09,195.3457
2029-11-10,194.29716
2029-11-11,193.24863
2029-11-12,192.20009
2029-11-13,191.15157
2029-11-14,190.10303
2029-11-15,189.05449
2029-11-16,188.00595
2029-11-17,186.84717
2029-11-18,185.68839
2029-11-19,184.5296
2029-11-20,183.37082
2029-11-21,182.21204
2029-11-22,181.05324
2029-11-23,179.89445
2029-11-24,178.73567
2029-11-25,177.57689
2029-11-26,176.4181
2029-11-27,175.25932
2029-11-28,174.10054
2029-11-29,172.94176
2029-11-30,171.78297
2029-12-01,170.62418
2029-12-02,169.4654
2029-12-03,168.30661
2029-12-04,167.14783
2029-12-05,165.98904
2029-12-06,164.83026
2029-12-07,163.67148
2029-12-08,162.5127
2029-12-09,161.35391
2029-12-10,160.19513
2029-12-11,159.03635
2029-12-12,157.87755
2029-12-13,156.71877
2029-12-14,155.55998
2029-12-15,154.4012
2029-12-16,153.24242
2029-12-17,153.69666
2029-12-18,154.15091
2029-12-19,154.60515
2029-12-20,155.0594
2029-12-21,155.51364
2029-12-22,155.9679
2029-12-23,156.42213
2029-12-24,156.87637
2029-12-25,157.33063
2029-12-26,157.78487
2029-12-27,158.23912
2029-12-28,158.69336
2029-12-29,159.1476
2029-12-30,159.60185
2029-12-31,160.05609
2030-01-01,160.51035
2030-01-02,160.96458
2030-01-03,161.41884
2030-01-04,161.87308
2030-01-05,162.32732
2030-01-06,162.78157
2030-01-07,163.23581
2030-01-08,163.69006
2030-01-09,164.1443
2030-01-10,164.59854
2030-01-11,165.0528
2030-01-12,165.50703
2030-01-13,165.96129
2030-01-14,166.41553
2030-01-15,166.86978
2030-01-16,167.32402
2030-01-17,168.5366
2030-01-18,169.74919
2030-01-19,170.96179
2030-01-20,172.17438
2030-01-21,173.38696
2030-01-22,174.59955
2030-01-23,175.81215
2030-01-24,177.02473
2030-01-25,178.23732
2030-01-26,179.4499
2030-01-27,180.6625
2030-01-28,181.87509
2030-01-29,183.08768
2030-01-30,184.30026
2030-01-31,185.51285
2030-02-01,186.72545
2030-02-02,187.93803
2030-02-03,189.15062
2030-02-04,190.3632
2030-02-05,191.5758
2030-02-06,192.78839
2030-02-07,194.00098
2030-02-08,195.21356
2030-02-09,196.42616
2030-02-10,197.63875
2030-02-11,198.85133
2030-02-12,200.06392
2030-02-13,201.27652
2030-02-14,202.4891
2030-02-15,203.70169
2030-02-16,204.82114
2030-02-17,205.94057
2030-02-18,207.06001
2030-02-19,208.17944
2030-02-20,209.29889
2030-02-21,210.41832
2030-02-22,211.53777
2030-02-23,212.6572
2030-02-24,213.77664
2030-02-25,214.89609
2030-02-26,216.01552
2030-02-27,217.13496
2030-02-28,218.2544
2030-03-01,219.37384
2030-03-02,220.49327
2030-03-03,221.61272
2030-03-04,222.73215
2030-03-05,223.8516
2030-03-06,224.97102
2030-03-07,226.09047
2030-03-08,227.20992
2030-03-09,228.32935
2030-03-10,229.44879
2030-03-11,230.56822
2030-03-12,231.68767
2030-03-13,232.8071
2030-03-14,233.92654
2030-03-15,235.04597
2030-03-16,236.16542
2030-03-17,237.32014
2030-03-18,238.47488
2030-03-19,239.62961
2030-03-20,240.78435
2030-03-21,241.93907
2030-03-22,243.09381
2030-03-23,244.24854
2030-03-24,245.40327
2030-03-25,246.558
2030-03-26,247.71274
2030-03-27,248.86746
2030-03-28,250.0222
2030-03-29,251.17693
2030-03-30,252.33167
2030-03-31,253.48639
2030-04-01,254.64113
2030-04-02,255.79585
2030-04-03,256.9506
2030-04-04,258.10532
2030-04-05,259.26004
2030-04-06,260.4148
2030-04-07,261.56952
2030-04-08,262.72424
2030-04-09,263.87897
2030-04-10,265.03372
2030-04-11,266.18845
2030-04-12,267.34317
2030-04-13,268.4979
2030-04-14,269.65265
2030-04-15,270.80737
2030-04-16,271.9621
2030-04-17,273.13016
2030-04-18,274.29822
2030-04-19,275.46625
2030-04-20,276.6343
2030-04-21,277.80237
2030-04-22,278.97043
2030-04-23,280.1385
2030-04-24,281.30652
2030-04-25,282.47458
2030-04-26,283.64264
2030-04-27,284.8107
2030-04-28,285.97876
2030-04-29,287.1468
2030-04-30,288.31485
2030-05-01,289.4829
2030-05-02,290.65097
2030-05-03,291.81903
2030-05-04,292.98706
2030-05-05,294.15512
2030-05-06,295.32318
2030-05-07,296.49124
2030-05-08,297.6593
2030-05-09,298.82733
2030-05-10,299.9954
2030-05-11,301.16345
2030-05-12,302.3315
2030-05-13,303.49957
2030-05-14,304.6676
2030-05-15,305.83566
2030-05-16,307.00372
2030-05-17,307.06662
2030-05-18,307.1295
2030-05-19,307.19238
2030-05-20,307.25525
2030-05-21,307.31815
2030-05-22,307.381
2030-05-23,307.4439
2030-05-24,307.50677
2030-05-25,307.56967
2030-05-26,307.63254
2030-05-27,307.69543
2030-05-28,307.7583
2030-05-29,307.8212
2030-05-30,307.88406
2030-05-31,307.94696
2030-06-01,308.00983
2030-06-02,308.07272
2030-06-03,308.1356
2030-06-04,308.1985
2030-06-05,308.26135
2030-06-06,308.32425
2030-06-07,308.38712
2030-06-08,308.45
2030-06-09,308.51288
2030-06-10,308.57578
2030-06-11,308.63864
2030-06-12,308.70154
2030-06-13,308.7644
2030-06-14,308.8273
2030-06-15,308.89017
2030-06-16,308.95306
2030-06-17,308.94946
2030-06-18,308.94583
2030-06-19,308.9422
2030-06-20,308.9386
2030-06-21,308.935
2030-06-22,308.93137
2030-06-23,308.92773
2030-06-24,308.92413
2030-06-25,308.92053
2030-06-26,308.9169
2030-06-27,308.91327
2030-06-28,308.90967
2030-06-29,308.90607
2030-06-30,308.90244
2030-07-01,308.8988
2030-07-02,308.8952
2030-07-03,308.8916
2030-07-04,308.88797
2030-07-05,308.88434
2030-07-06,308.88074
2030-07-07,308.87714
2030-07-08,308.8735
2030-07-09,308.86987
2030-07-10,308.86627
2030-07-11,308.86267
2030-07-12,308.85904
2030-07-13,308.8554
2030-07-14,308.8518
2030-07-15,308.8482
2030-07-16,308.84457
2030-07-17,307.65372
2030-07-18,306.4629
2030-07-19,305.27203
2030-07-20,304.08118
2030-07-21,302.89032
2030-07-22,301.6995
2030-07-23,300.50864
2030-07-24,299.31778
2030-07-25,298.12692
2030-07-26,296.9361
2030-07-27,295.74524
2030-07-28,294.55438
2030-07-29,293.36353
2030-07-30,292.1727
2030-07-31,290.98184
2030-08-01,289.791
2030-08-02,288.60013
2030-08-03,287.4093
2030-08-04,286.21844
2030-08-05,285.0276
2030-08-06,283.83673
2030-08-07,282.6459
2030-08-08,281.45505
2030-08-09,280.2642
2030-08-10,279.07333
2030-08-11,277.8825
2030-08-12,276.69165
2030-08-13,275.5008
2030-08-14,274.30994
2030-08-15,273.1191
2030-08-16,271.92825
2030-08-17,271.50308
2030-08-18,271.0779
2030-08-19,270.65274
2030-08-20,270.22757
2030-08-21,269.8024
2030-08-22,269.37723
2030-08-23,268.95206
2030-08-24,268.52692
2030-08-25,268.10175
2030-08-26,267.67657
2030-08-27,267.2514
2030-08-28,266.82623
2030-08-29,266.40106
2030-08-30,265.9759
2030-08-31,265.55072
2030-09-01,265.12555
2030-09-02,264.70038
2030-09-03,264.2752
2030-09-04,263.85004
2030-09-05,263.42487
2030-09-06,262.9997
2030-09-07,262.57452
2030-09-08,262.14935
2030-09-09,261.7242
2030-09-10,261.29904
2030-09-11,260.87387
2030-09-12,260.4487
2030-09-13,260.02353
2030-09-14,259.59836
2030-09-15,259.1732
2030-09-16,258.74802
2030-09-17,257.4374
2030-09-18,256.12677
2030-09-19,254.81616
2030-09-20,253.50554
2030-09-21,252.19492
2030-09-22,250.88431
2030-09-23,249.57368
2030-09-24,248.26306
2030-09-25,246.95244
2030-09-26,245.64183
2030-09-27,244.3312
2030-09-28,243.02058
2030-09-29,241.70996
2030-09-30,240.39935
2030-10-01,239.08873
2030-10-02,237.7781
2030-10-03,236.4675
2030-10-04,235.15688
2030-10-05,233.84625
2030-10-06,232.53563
2030-10-07,231.22502
2030-10-08,229.9144
2030-10-09,228.60378
2030-10-10,227.29315
2030-10-11,225.98254
2030-10-12,224.67192
2030-10-13,223.3613
2030-10-14,222.05067
2030-10-15,220.74007
2030-10-16,219.42944
2030-10-17,218.066
2030-10-18,216.70256
2030-10-19,215.33911
2030-10-20,213.97568
2030-10-21,212.61223
2030-10-22,211.2488
2030-10-23,209.88535
2030-10-24,208.52191
2030-10-25,207.15846
2030-10-26,205.79503
2030-10-27,204.43158
2030-10-28,203.06813
2030-10-29,201.7047
2030-10-30,200.34125
2030-10-31,198.97781
2030-11-01,197.61436
2030-11-02,196.25093
2030-11-03,194.88748
2030-11-04,193.52405
2030-11-05,192.1606
2030-11-06,190.79715
2030-11-07,189.43372
2030-11-08,188.07027
2030-11-09,186.70683
2030-11-10,185.34338
2030-11-11,183.97995
2030-11-12,182.6165
2030-11-13,181.25307
2030-11-14,179.88962
2030-11-15,178.52618
2030-11-16,177.16273
2030-11-17,176.38547
2030-11-18,175.6082
2030-11-19,174.83095
2030-11-20,174.05368
2030-11-21,173.27641
2030-11-22,172.49915
2030-11-23,171.72188
2030-11-24,170.94463
2030-11-25,170.16736
2030-11-26,169.39009
2030-11-27,168.61282
2030-11-28,167.83556
2030-11-29,167.0583
2030-11-30,166.28104
2030-12-01,165.50377
2030-12-02,164.7265
2030-12-03,163.94923
2030-12-04,163.17198
2030-12-05,162.39471
2030-12-06,161.61745
2030-12-07,160.84018
2030-12-08,160.06291
2030-12-09,159.28566
2030-12-10,158.50839
2030-12-11,157.73112
2030-12-12,156.95386
2030-12-13,156.17659
2030-12-14,155.39934
2030-12-15,154.62207
2030-12-16,153.8448
2030-12-17,153.87541
2030-12-18,153.90602
2030-12-19,153.93663
2030-12-20,153.96724
2030-12-21,153.99785
2030-12-22,154.02846
2030-12-23,154.05907
2030-12-24,154.08968
2030-12-25,154.12029
2030-12-26,154.1509
2030-12-27,154.1815
2030-12-28,154.21211
2030-12-29,154.24272
2030-12-30,154.27333
2030-12-31,154.30394
2031-01-01,154.33455
2031-01-02,154.36516
2031-01-03,154.39577
2031-01-04,154.42638
2031-01-05,154.45699
2031-01-06,154.4876
2031-01-07,154.5182
2031-01-08,154.54881
2031-01-09,154.57942
2031-01-10,154.61003
2031-01-11,154.64064
2031-01-12,154.67125
2031-01-13,154.70186
2031-01-14,154.73247
2031-01-15,154.76308
2031-01-16,154.79369
2031-01-17,156.14532
2031-01-18,157.49696
2031-01-19,158.84862
2031-01-20,160.20026
2031-01-21,161.5519
2031-01-22,162.90353
2031-01-23,164.25517
2031-01-24,165.60683
2031-01-25,166.95847
2031-01-26,168.3101
2031-01-27,169.66174
2031-01-28,171.01338
2031-01-29,172.36504
2031-01-30,173.71667
2031-01-31,175.06831
2031-02-01,176.41995
2031-02-02,177.77159
2031-02-03,179.12325
2031-02-04,180.47488
2031-02-05,181.82652
2031-02-06,183.17816
2031-02-07,184.5298
2031-02-08,185.88145
2031-02-09,187.2331
2031-02-10,188.58473
2031-02-11,189.93637
2031-02-12,191.28801
2031-02-13,192.63966
2031-02-14,193.9913
2031-02-15,195.34294
2031-02-16,195.93504
2031-02-17,196.52715
2031-02-18,197.11925
2031-02-19,197.71135
2031-02-20,198.30344
2031-02-21,198.89554
2031-02-22,199.48764
2031-02-23,200.07974
2031-02-24,200.67184
2031-02-25,201.26395
2031-02-26,201.85605
2031-02-27,202.44815
2031-02-28,203.04025
2031-03-01,203.63235
2031-03-02,204.22444
2031-03-03,204.81654
2031-03-04,205.40865
2031-03-05,206.00075
2031-03-06,206.59285
2031-03-07,207.18495
2031-03-08,207.77705
2031-03-09,208.36916
2031-03-10,208.96126
2031-03-11,209.55336
2031-03-12,210.14545
2031-03-13,210.73755
2031-03-14,211.32965
2031-03-15,211.92175
2031-03-16,212.51385
2031-03-17,214.35712
2031-03-18,216.20038
2031-03-19,218.04364
2031-03-20,219.8869
2031-03-21,221.73016
2031-03-22,223.57343
2031-03-23,225.41669
2031-03-24,227.25996
2031-03-25,229.10323
2031-03-26,230.94649
2031-03-27,232.78975
2031-03-28,234.63301
2031-03-29,236.47627
2031-03-30,238.31953
2031-03-31,240.1628
2031-04-01,242.00606
2031-04-02,243.84932
2031-04-03,245.69258
2031-04-04,247.53584
2031-04-05,249.3791
2031-04-06,251.22237
2031-04-07,253.06563
2031-04-08,254.90889
2031-04-09,256.75217
2031-04-10,258.59543
2031-04-11,260.4387
2031-04-12,262.28195
2031-04-13,264.1252
2031-04-14,265.96848
2031-04-15,267.81174
2031-04-16,269.655
2031-04-17,269.85416
2031-04-18,270.0533
2031-04-19,270.25247
2031-04-20,270.45163
2031-04-21,270.6508
2031-04-22,270.84995
2031-04-23,271.0491
2031-04-24,271.2483
2031-04-25,271.44745
2031-04-26,271.6466
2031-04-27,271.84576
2031-04-28,272.04492
2031-04-29,272.24408
2031-04-30,272.44324
2031-05-01,272.6424
2031-05-02,272.84155
2031-05-03,273.0407
2031-05-04,273.23987
2031-05-05,273.43903
2031-05-06,273.63818
2031-05-07,273.83734
2031-05-08,274.0365
2031-05-09,274.2357
2031-05-10,274.43484
2031-05-11,274.634
2031-05-12,274.83316
2031-05-13,275.03232
2031-05-14,275.23148
2031-05-15,275.43063
2031-05-16,275.6298
2031-05-17,276.554
2031-05-18,277.4782
2031-05-19,278.4024
2031-05-20,279.3266
2031-05-21,280.25082
2031-05-22,281.17502
2031-05-23,282.0992
2031-05-24,283.02344
2031-05-25,283.94763
2031-05-26,284.87186
2031-05-27,285.79605
2031-05-28,286.72025
2031-05-29,287.64447
2031-05-30,288.56866
2031-05-31,289.49286
2031-06-01,290.41708
2031-06-02,291.34128
2031-06-03,292.26547
2031-06-04,293.1897
2031-06-05,294.1139
2031-06-06,295.0381
2031-06-07,295.9623
2031-06-08,296.8865
2031-06-09,297.81073
2031-06-10,298.73492
2031-06-11,299.65912
2031-06-12,300.58334
2031-06-13,301.50754
2031-06-14,302.43173
2031-06-15,303.35596
2031-06-16,304.28015
2031-06-17,304.04907
2031-06-18,303.818
2031-06-19,303.5869
2031-06-20,303.35587
2031-06-21,303.1248
2031-06-22,302.8937
2031-06-23,302.66263
2031-06-24,302.43155
2031-06-25,302.20047
2031-06-26,301.9694
2031-06-27,301.7383
2031-06-28,301.50726
2031-06-29,301.27618
2031-06-30,301.0451
2031-07-01,300.81403
2031-07-02,300.58295
2031-07-03,300.35187
2031-07-04,300.1208
2031-07-05,299.88974
2031-07-06,299.65866
2031-07-07,299.42758
2031-07-08,299.1965
2031-07-09,298.96542
2031-07-10,298.73434
2031-07-11,298.50327
2031-07-12,298.2722
2031-07-13,298.04114
2031-07-14,297.81006
2031-07-15,297.57898
2031-07-16,297.3479
2031-07-17,295.04025
2031-07-18,292.73264
2031-07-19,290.425
2031-07-20,288.11734
2031-07-21,285.8097
2031-07-22,283.50208
2031-07-23,281.19443
2031-07-24,278.88678
2031-07-25,276.57913
2031-07-26,274.2715
2031-07-27,271.96387
2031-07-28,269.65622
2031-07-29,267.3486
2031-07-30,265.04095
2031-07-31,262.7333
2031-08-01,260.42566
2031-08-02,258.11804
2031-08-03,255.8104
2031-08-04,253.50275
2031-08-05,251.19511
2031-08-06,248.88748
2031-08-07,246.57983
2031-08-08,244.2722
2031-08-09,241.96455
2031-08-10,239.65692
2031-08-11,237.34927
2031-08-12,235.04164
2031-08-13,232.734
2031-08-14,230.42636
2031-08-15,228.11871
2031-08-16,225.81108
2031-08-17,225.1706
2031-08-18,224.53012
2031-08-19,223.88963
2031-08-20,223.24915
2031-08-21,222.60867
2031-08-22,221.96819
2031-08-23,221.3277
2031-08-24,220.68723
2031-08-25,220.04674
2031-08-26,219.40627
2031-08-27,218.76578
2031-08-28,218.12529
2031-08-29,217.48482
2031-08-30,216.84433
2031-08-31,216.20384
2031-09-01,215.56337
2031-09-02,214.92288
2031-09-03,214.2824
2031-09-04,213.64192
2031-09-05,213.00143
2031-09-06,212.36095
2031-09-07,211.72047
2031-09-08,211.07999
2031-09-09,210.43951
2031-09-10,209.79903
2031-09-11,209.15854
2031-09-12,208.51807
2031-09-13,207.87758
2031-09-14,207.23709
2031-09-15,206.59662
2031-09-16,205.95613
2031-09-17,206.21107
2031-09-18,206.46602
2031-09-19,206.72096
2031-09-20,206.97589
2031-09-21,207.23083
2031-09-22,207.48578
2031-09-23,207.74072
2031-09-24,207.99567
2031-09-25,208.25061
2031-09-26,208.50555
2031-09-27,208.7605
2031-09-28,209.01543
2031-09-29,209.27037
2031-09-30,209.52531
2031-10-01,209.78026
2031-10-02,210.0352
2031-10-03,210.29015
2031-10-04,210.54509
2031-10-05,210.80002
2031-10-06,211.05496
2031-10-07,211.3099
2031-10-08,211.56485
2031-10-09,211.8198
2031-10-10,212.07474
2031-10-11,212.32968
2031-10-12,212.58463
2031-10-13,212.83955
2031-10-14,213.0945
2031-10-15,213.34944
2031-10-16,213.60439
2031-10-17,212.89525
2031-10-18,212.18611
2031-10-19,211.47697
2031-10-20,210.76784
2031-10-21,210.0587
2031-10-22,209.34956
2031-10-23,208.64043
2031-10-24,207.93129
2031-10-25,207.22215
2031-10-26,206.51302
2031-10-27,205.80388
2031-10-28,205.09474
2031-10-29,204.3856
2031-10-30,203.67647
2031-10-31,202.96733
2031-11-01,202.25818
2031-11-02,201.54904
2031-11-03,200.8399
2031-11-04,200.13077
2031-11-05,199.42163
2031-11-06,198.7125
2031-11-07,198.00336
2031-11-08,197.29422
2031-11-09,196.58508
2031-11-10,195.87595
2031-11-11,195.16681
2031-11-12,194.45767
2031-11-13,193.74854
2031-11-14,193.0394
2031-11-15,192.33026
2031-11-16,191.62112
2031-11-17,190.73695
2031-11-18,189.8528
2031-11-19,188.96863
2031-11-20,188.08447
2031-11-21,187.2003
2031-11-22,186.31615
2031-11-23,185.43198
2031-11-24,184.5478
2031-11-25,183.66365
2031-11-26,182.77948
2031-11-27,181.89532
2031-11-28,181.01115
2031-11-29,180.127
2031-11-30,179.24283
2031-12-01,178.35867
2031-12-02,177.4745
2031-12-03,176.59033
2031-12-04,175.70618
2031-12-05,174.822
2031-12-06,173.93785
2031-12-07,173.05368
2031-12-08,172.16953
2031-12-09,171.28535
2031-12-10,170.40118
2031-12-11,169.51703
2031-12-12,168.63286
2031-12-13,167.7487
2031-12-14,166.86453
2031-12-15,165.98038
2031-12-16,165.0962
2031-12-17,165.2614
2031-12-18,165.4266
2031-12-19,165.5918
2031-12-20,165.757
2031-12-21,165.9222
2031-12-22,166.0874
2031-12-23,166.2526
2031-12-24,166.4178
2031-12-25,166.583
2031-12-26,166.7482
2031-12-27,166.91339
2031-12-28,167.0786
2031-12-29,167.24379
2031-12-30,167.409
2031-12-31,167.57419
2032-01-01,167.7394
2032-01-02,167.90459
2032-01-03,168.0698
2032-01-04,168.23499
2032-01-05,168.40019
2032-01-06,168.56538
2032-01-07,168.73059
2032-01-08,168.89578
2032-01-09,169.06099
2032-01-10,169.22618
2032-01-11,169.39139
2032-01-12,169.55658
2032-01-13,169.72179
2032-01-14,169.88698
2032-01-15,170.05219
2032-01-16,170.21738
2032-01-17,171.20387
2032-01-18,172.19037
2032-01-19,173.17686
2032-01-20,174.16336
2032-01-21,175.14986
2032-01-22,176.13635
2032-01-23,177.12285
2032-01-24,178.10936
2032-01-25,179.09586
2032-01-26,180.08235
2032-01-27,181.06885
2032-01-28,182.05534
2032-01-29,183.04184
2032-01-30,184.02834
2032-01-31,185.01483
2032-02-01,186.00133
2032-02-02,186.98782
2032-02-03,187.97432
2032-02-04,188.96082
2032-02-05,189.94731
2032-02-06,190.9338
2032-02-07,191.9203
2032-02-08,192.90681
2032-02-09,193.89331
2032-02-10,194.8798
2032-02-11,195.8663
2032-02-12,196.8528
2032-02-13,197.8393
2032-02-14,198.82579
2032-02-15,199.81229
2032-02-16,201.70242
2032-02-17,203.59256
2032-02-18,205.4827
2032-02-19,207.37283
2032-02-20,209.26297
2032-02-21,211.1531
2032-02-22,213.04324
2032-02-23,214.93338
2032-02-24,216.82352
2032-02-25,218.71365
2032-02-26,220.60379
2032-02-27,222.49393
2032-02-28,224.38406
2032-02-29,226.2742
2032-03-01,228.16434
2032-03-02,230.05447
2032-03-03,231.94461
2032-03-04,233.83475
2032-03-05,235.72488
2032-03-06,237.61502
2032-03-07,239.50516
2032-03-08,241.3953
2032-03-09,243.28543
2032-03-10,245.17557
2032-03-11,247.0657
2032-03-12,248.95584
2032-03-13,250.84598
2032-03-14,252.73611
2032-03-15,254.62625
2032-03-16,256.5164
2032-03-17,257.45398
2032-03-18,258.3916
2032-03-19,259.3292
2032-03-20,260.2668
2032-03-21,261.2044
2032-03-22,262.14203
2032-03-23,263.07962
2032-03-24,264.0172
2032-03-25,264.95483
2032-03-26,265.89243
2032-03-27,266.83005
2032-03-28,267.76764
2032-03-29,268.70523
2032-03-30,269.64285
2032-03-31,270.58044
2032-04-01,271.51807
2032-04-02,272.45566
2032-04-03,273.39328
2032-04-04,274.33087
2032-04-05,275.26846
2032-04-06,276.2061
2032-04-07,277.14368
2032-04-08,278.0813
2032-04-09,279.0189
2032-04-10,279.95648
2032-04-11,280.8941
2032-04-12,281.8317
2032-04-13,282.76932
2032-04-14,283.7069
2032-04-15,284.64453
2032-04-16,285.58212
2032-04-17,286.27438
2032-04-18,286.96667
2032-04-19,287.65894
2032-04-20,288.3512
2032-04-21,289.04346
2032-04-22,289.73575
2032-04-23,290.428
2032-04-24,291.12027
2032-04-25,291.81256
2032-04-26,292.50482
2032-04-27,293.19708
2032-04-28,293.88937
2032-04-29,294.58163
2032-04-30,295.2739
2032-05-01,295.9662
2032-05-02,296.65845
2032-05-03,297.3507
2032-05-04,298.04297
2032-05-05,298.73526
2032-05-06,299.42752
2032-05-07,300.11978
2032-05-08,300.81207
2032-05-09,301.50433
2032-05-10,302.1966
2032-05-11,302.88885
2032-05-12,303.58115
2032-05-13,304.2734
2032-05-14,304.96567
2032-05-15,305.65796
2032-05-16,306.35022
2032-05-17,306.69217
2032-05-18,307.03412
2032-05-19,307.37607
2032-05-20,307.71802
2032-05-21,308.05997
2032-05-22,308.40192
2032-05-23,308.74387
2032-05-24,309.08582
2032-05-25,309.42776
2032-05-26,309.7697
2032-05-27,310.11166
2032-05-28,310.4536
2032-05-29,310.79556
2032-05-30,311.1375
2032-05-31,311.47946
2032-06-01,311.8214
2032-06-02,312.16336
2032-06-03,312.5053
2032-06-04,312.84726
2032-06-05,313.1892
2032-06-06,313.53116
2032-06-07,313.8731
2032-06-08,314.21506
2032-06-09,314.557
2032-06-10,314.89896
2032-06-11,315.2409
2032-06-12,315.58286
2032-06-13,315.9248
2032-06-14,316.26675
2032-06-15,316.6087
2032-06-16,316.95065
2032-06-17,316.84116
2032-06-18,316.73166
2032-06-19,316.62216
2032-06-20,316.51266
2032-06-21,316.40317
2032-06-22,316.29367
2032-06-23,316.18417
2032-06-24,316.07468
2032-06-25,315.96518
2032-06-26,315.85568
2032-06-27,315.7462
2032-06-28,315.6367
2032-06-29,315.5272
2032-06-30,315.4177
2032-07-01,315.30823
2032-07-02,315.19873
2032-07-03,315.08923
2032-07-04,314.97974
2032-07-05,314.87024
2032-07-06,314.76074
2032-07-07,314.65125
2032-07-08,314.54175
2032-07-09,314.43225
2032-07-10,314.32275
2032-07-11,314.21326
2032-07-12,314.10376
2032-07-13,313.99426
2032-07-14,313.88477
2032-07-15,313.77527
2032-07-16,313.66577
2032-07-17,312.75656
2032-07-18,311.84738
2032-07-19,310.93817
2032-07-20,310.02896
2032-07-21,309.11975
2032-07-22,308.21057
2032-07-23,307.30136
2032-07-24,306.39215
2032-07-25,305.48294
2032-07-26,304.57376
2032-07-27,303.66455
2032-07-28,302.75534
2032-07-29,301.84613
2032-07-30,300.93695
2032-07-31,300.02774
2032-08-01,299.11853
2032-08-02,298.20932
2032-08-03,297.30014
2032-08-04,296.39093
2032-08-05,295.48172
2032-08-06,294.5725
2032-08-07,293.66333
2032-08-08,292.75412
2032-08-09,291.8449
2032-08-10,290.9357
2032-08-11,290.02652
2032-08-12,289.1173
2032-08-13,288.2081
2032-08-14,287.2989
2032-08-15,286.3897
2032-08-16,285.4805
2032-08-17,284.60696
2032-08-18,283.73343
2032-08-19,282.8599
2032-08-20,281.98636
2032-08-21,281.11282
2032-08-22,280.23926
2032-08-23,279.36572
2032-08-24,278.4922
2032-08-25,277.61865
2032-08-26,276.74512
2032-08-27,275.87158
2032-08-28,274.99805
2032-08-29,274.1245
2032-08-30,273.25098
2032-08-31,272.37744
2032-09-01,271.50388
2032-09-02,270.63034
2032-09-03,269.7568
2032-09-04,268.88327
2032-09-05,268.00974
2032-09-06,267.1362
2032-09-07,266.26266
2032-09-08,265.38913
2032-09-09,264.5156
2032-09-10,263.64206
2032-09-11,262.7685
2032-09-12,261.89496
2032-09-13,261.02142
2032-09-14,260.1479
2032-09-15,259.27435
2032-09-16,258.40082
2032-09-17,257.71286
2032-09-18,257.02487
2032-09-19,256.3369
2032-09-20,255.64894
2032-09-21,254.96097
2032-09-22,254.273
2032-09-23,253.58502
2032-09-24,252.89705
2032-09-25,252.20908
2032-09-26,251.5211
2032-09-27,250.83313
2032-09-28,250.14517
2032-09-29,249.4572
2032-09-30,248.76923
2032-10-01,248.08125
2032-10-02,247.39328
2032-10-03,246.7053
2032-10-04,246.01733
2032-10-05,245.32938
2032-10-06,244.6414
2032-10-07,243.95343
2032-10-08,243.26546
2032-10-09,242.57748
2032-10-10,241.88951
2032-10-11,241.20154
2032-10-12,240.51357
2032-10-13,239.8256
2032-10-14,239.13763
2032-10-15,238.44966
2032-10-16,237.76169
2032-10-17,236.10133
2032-10-18,234.441
2032-10-19,232.78064
2032-10-20,231.1203
2032-10-21,229.45995
2032-10-22,227.7996
2032-10-23,226.13925
2032-10-24,224.4789
2032-10-25,222.81856
2032-10-26,221.1582
2032-10-27,219.49786
2032-10-28,217.83751
2032-10-29,216.17715
2032-10-30,214.51682
2032-10-31,212.85646
2032-11-01,211.19612
2032-11-02,209.53577
2032-11-03,207.87543
2032-11-04,206.21507
2032-11-05,204.55472
2032-11-06,202.89438
2032-11-07,201.23402
2032-11-08,199.57368
2032-11-09,197.91333
2032-11-10,196.25298
2032-11-11,194.59264
2032-11-12,192.93228
2032-11-13,191.27194
2032-11-14,189.61159
2032-11-15,187.95125
2032-11-16,186.2909
2032-11-17,185.4437
2032-11-18,184.5965
2032-11-19,183.7493
2032-11-20,182.90211
2032-11-21,182.05492
2032-11-22,181.20772
2032-11-23,180.36052
2032-11-24,179.51332
2032-11-25,178.66612
2032-11-26,177.81892
2032-11-27,176.97173
2032-11-28,176.12454
2032-11-29,175.27734
2032-11-30,174.43015
2032-12-01,173.58295
2032-12-02,172.73575
2032-12-03,171.88855
2032-12-04,171.04135
2032-12-05,170.19417
2032-12-06,169.34697
2032-12-07,168.49977
2032-12-08,167.65257
2032-12-09,166.80537
2032-12-10,165.95818
2032-12-11,165.11098
2032-12-12,164.26378
2032-12-13,163.4166
2032-12-14,162.5694
2032-12-15,161.7222
2032-12-16,160.875
2032-12-17,160.72777
2032-12-18,160.58055
2032-12-19,160.43332
2032-12-20,160.28609
2032-12-21,160.13885
2032-12-22,159.99164
2032-12-23,159.8444
2032-12-24,159.69717
2032-12-25,159.54996
2032-12-26,159.40273
2032-12-27,159.2555
2032-12-28,159.10826
2032-12-29,158.96104
2032-12-30,158.81381
2032-12-31,158.66658
2033-01-01,158.51936
2033-01-02,158.37213
2033-01-03,158.2249
2033-01-04,158.07768
2033-01-05,157.93045
2033-01-06,157.78322
2033-01-07,157.63599
2033-01-08,157.48877
2033-01-09,157.34154
2033-01-10,157.1943
2033-01-11,157.04709
2033-01-12,156.89986
2033-01-13,156.75262
2033-01-14,156.6054
2033-01-15,156.45818
2033-01-16,156.31094
2033-01-17,157.30878
2033-01-18,158.30661
2033-01-19,159.30444
2033-01-20,160.30228
2033-01-21,161.30011
2033-01-22,162.29793
2033-01-23,163.29576
2033-01-24,164.2936
2033-01-25,165.29143
2033-01-26,166.28926
2033-01-27,167.2871
2033-01-28,168.28493
2033-01-29,169.28276
2033-01-30,170.2806
2033-01-31,171.27841
2033-02-01,172.27625
2033-02-02,173.27408
2033-02-03,174.27191
2033-02-04,175.26974
2033-02-05,176.26758
2033-02-06,177.26541
2033-02-07,178.26324
2033-02-08,179.26108
2033-02-09,180.25891
2033-02-10,181.25674
2033-02-11,182.25456
2033-02-12,183.2524
2033-02-13,184.25023
2033-02-14,185.24806
2033-02-15,186.2459
2033-02-16,188.10379
2033-02-17,189.96169
2033-02-18,191.81958
2033-02-19,193.67746
2033-02-20,195.53535
2033-02-21,197.39325
2033-02-22,199.25114
2033-02-23,201.10904
2033-02-24,202.96693
2033-02-25,204.82483
2033-02-26,206.68271
2033-02-27,208.5406
2033-02-28,210.3985
2033-03-01,212.2564
2033-03-02,214.11429
2033-03-03,215.97218
2033-03-04,217.83008
2033-03-05,219.68797
2033-03-06,221.54585
2033-03-07,223.40375
2033-03-08,225.26164
2033-03-09,227.11954
2033-03-10,228.97743
2033-03-11,230.83533
2033-03-12,232.69322
2033-03-13,234.5511
2033-03-14,236.409
2033-03-15,238.26689
2033-03-16,240.12479
2033-03-17,240.70236
2033-03-18,241.27992
2033-03-19,241.8575
2033-03-20,242.43507
2033-03-21,243.01265
2033-03-22,243.59021
2033-03-23,244.16779
2033-03-24,244.74536
2033-03-25,245.32294
2033-03-26,245.9005
2033-03-27,246.47807
2033-03-28,247.05565
2033-03-29,247.63322
2033-03-30,248.21078
2033-03-31,248.78836
2033-04-01,249.36594
2033-04-02,249.94351
2033-04-03,250.52107
2033-04-04,251.09865
2033-04-05,251.67622
2033-04-06,252.2538
2033-04-07,252.83136
2033-04-08,253.40894
2033-04-09,253.98651
2033-04-10,254.56409
2033-04-11,255.14165
2033-04-12,255.71922
2033-04-13,256.29678
2033-04-14,256.87436
2033-04-15,257.45193
2033-04-16,258.0295
2033-04-17,259.03867
2033-04-18,260.04782
2033-04-19,261.05698
2033-04-20,262.06616
2033-04-21,263.07532
2033-04-22,264.08447
2033-04-23,265.09363
2033-04-24,266.10278
2033-04-25,267.11194
2033-04-26,268.1211
2033-04-27,269.13025
2033-04-28,270.13943
2033-04-29,271.1486
2033-04-30,272.15775
2033-05-01,273.1669
2033-05-02,274.17606
2033-05-03,275.1852
2033-05-04,276.19437
2033-05-05,277.20355
2033-05-06,278.2127
2033-05-07,279.22186
2033-05-08,280.23102
2033-05-09,281.24017
2033-05-10,282.24933
2033-05-11,283.25848
2033-05-12,284.26764
2033-05-13,285.27682
2033-05-14,286.28598
2033-05-15,287.29514
2033-05-16,288.3043
2033-05-17,288.92847
2033-05-18,289.55264
2033-05-19,290.17682
2033-05-20,290.80103
2033-05-21,291.4252
2033-05-22,292.04938
2033-05-23,292.67355
2033-05-24,293.29773
2033-05-25,293.9219
2033-05-26,294.5461
2033-05-27,295.1703
2033-05-28,295.79446
2033-05-29,296.41864
2033-05-30,297.04282
2033-05-31,297.667
2033-06-01,298.2912
2033-06-02,298.91537
2033-06-03,299.53955
2033-06-04,300.16373
2033-06-05,300.7879
2033-06-06,301.41208
2033-06-07,302.0363
2033-06-08,302.66046
2033-06-09,303.28464
2033-06-10,303.9088
2033-06-11,304.533
2033-06-12,305.15717
2033-06-13,305.78137
2033-06-14,306.40555
2033-06-15,307.02972
2033-06-16,307.6539
2033-06-17,307.55048
2033-06-18,307.44702
2033-06-19,307.3436
2033-06-20,307.24014
2033-06-21,307.13672
2033-06-22,307.03326
2033-06-23,306.92984
2033-06-24,306.82642
2033-06-25,306.72296
2033-06-26,306.61954
2033-06-27,306.51608
2033-06-28,306.41266
2033-06-29,306.3092
2033-06-30,306.20578
2033-07-01,306.10236
2033-07-02,305.9989
2033-07-03,305.89548
2033-07-04,305.79202
2033-07-05,305.6886
2033-07-06,305.58514
2033-07-07,305.48172
2033-07-08,305.37827
2033-07-09,305.27484
2033-07-10,305.17142
2033-07-11,305.06796
2033-07-12,304.96454
2033-07-13,304.86108
2033-07-14,304.75766
2033-07-15,304.6542
2033-07-16,304.55078
2033-07-17,303.55826
2033-07-18,302.56573
2033-07-19,301.57324
2033-07-20,300.58072
2033-07-21,299.5882
2033-07-22,298.59567
2033-07-23,297.60315
2033-07-24,296.61066
2033-07-25,295.61813
2033-07-26,294.6256
2033-07-27,293.6331
2033-07-28,292.64056
2033-07-29,291.64807
2033-07-30,290.65555
2033-07-31,289.66302
2033-08-01,288.6705
2033-08-02,287.67798
2033-08-03,286.68546
2033-08-04,285.69296
2033-08-05,284.70044
2033-08-06,283.70792
2033-08-07,282.7154
2033-08-08,281.72287
2033-08-09,280.73038
2033-08-10,279.73785
2033-08-11,278.74533
2033-08-12,277.7528
2033-08-13,276.76028
2033-08-14,275.7678
2033-08-15,274.77527
2033-08-16,273.78275
2033-08-17,272.99176
2033-08-18,272.2008
2033-08-19,271.40982
2033-08-20,270.61884
2033-08-21,269.82788
2033-08-22,269.0369
2033-08-23,268.2459
2033-08-24,267.45496
2033-08-25,266.66397
2033-08-26,265.873
2033-08-27,265.08203
2033-08-28,264.29105
2033-08-29,263.50006
2033-08-30,262.7091
2033-08-31,261.91812
2033-09-01,261.12714
2033-09-02,260.33615
2033-09-03,259.5452
2033-09-04,258.7542
2033-09-05,257.96323
2033-09-06,257.17227
2033-09-07,256.3813
2033-09-08,255.59032
2033-09-09,254.79933
2033-09-10,254.00836
2033-09-11,253.21739
2033-09-12,252.4264
2033-09-13,251.63544
2033-09-14,250.84447
2033-09-15,250.05348
2033-09-16,249.26251
2033-09-17,248.12102
2033-09-18,246.97952
2033-09-19,245.83803
2033-09-20,244.69653
2033-09-21,243.55505
2033-09-22,242.41356
2033-09-23,241.27206
2033-09-24,240.13057
2033-09-25,238.98907
2033-09-26,237.84758
2033-09-27,236.70609
2033-09-28,235.56459
2033-09-29,234.4231
2033-09-30,233.2816
2033-10-01,232.1401
2033-10-02,230.99863
2033-10-03,229.85713
2033-10-04,228.71564
2033-10-05,227.57414
2033-10-06,226.43265
2033-10-07,225.29115
2033-10-08,224.14966
2033-10-09,223.00816
2033-10-10,221.86667
2033-10-11,220.72519
2033-10-12,219.5837
2033-10-13,218.4422
2033-10-14,217.3007
2033-10-15,216.15921
2033-10-16,215.01772
2033-10-17,213.83948
2033-10-18,212.66124
2033-10-19,211.483
2033-10-20,210.30478
2033-10-21,209.12654
2033-10-22,207.9483
2033-10-23,206.77007
2033-10-24,205.59183
2033-10-25,204.41359
2033-10-26,203.23535
2033-10-27,202.05711
2033-10-28,200.87889
2033-10-29,199.70065
2033-10-30,198.52242
2033-10-31,197.34418
2033-11-01,196.16594
2033-11-02,194.9877
2033-11-03,193.80946
2033-11-04,192.63123
2033-11-05,191.453
2033-11-06,190.27477
2033-11-07,189.09653
2033-11-08,187.91829
2033-11-09,186.74005
2033-11-10,185.56181
2033-11-11,184.38358
2033-11-12,183.20534
2033-11-13,182.02711
2033-11-14,180.84888
2033-11-15,179.67064
2033-11-16,178.4924
2033-11-17,178.0987
2033-11-18,177.70499
2033-11-19,177.3113
2033-11-20,176.91759
2033-11-21,176.52388
2033-11-22,176.13017
2033-11-23,175.73647
2033-11-24,175.34277
2033-11-25,174.94907
2033-11-26,174.55536
2033-11-27,174.16165
2033-11-28,173.76794
2033-11-29,173.37425
2033-11-30,172.98055
2033-12-01,172.58684
2033-12-02,172.19313
2033-12-03,171.79942
2033-12-04,171.40573
2033-12-05,171.01202
2033-12-06,170.61832
2033-12-07,170.22461
2033-12-08,169.8309
2033-12-09,169.43721
2033-12-10,169.0435
2033-12-11,168.6498
2033-12-12,168.25609
2033-12-13,167.86238
2033-12-14,167.46869
2033-12-15,167.07498
2033-12-16,166.68127
2033-12-17,166.54126
2033-12-18,166.40126
2033-12-19,166.26125
2033-12-20,166.12125
2033-12-21,165.98123
2033-12-22,165.84122
2033-12-23,165.70122
2033-12-24,165.5612
2033-12-25,165.42119
2033-12-26,165.28119
2033-12-27,165.14117
2033-12-28,165.00117
2033-12-29,164.86116
2033-12-30,164.72115
2033-12-31,164.58115
2034-01-01,164.44113
2034-01-02,164.30113
2034-01-03,164.16112
2034-01-04,164.0211
2034-01-05,163.8811
2034-01-06,163.74109
2034-01-07,163.60109
2034-01-08,163.46107
2034-01-09,163.32106
2034-01-10,163.18106
2034-01-11,163.04105
2034-01-12,162.90103
2034-01-13,162.76103
2034-01-14,162.62102
2034-01-15,162.48102
2034-01-16,162.341
2034-01-17,162.67558
2034-01-18,163.01018
2034-01-19,163.34476
2034-01-20,163.67934
2034-01-21,164.01392
2034-01-22,164.34851
2034-01-23,164.68309
2034-01-24,165.01767
2034-01-25,165.35225
2034-01-26,165.68684
2034-01-27,166.02142
2034-01-28,166.356
2034-01-29,166.69058
2034-01-30,167.02518
2034-01-31,167.35976
2034-02-01,167.69434
2034-02-02,168.02893
2034-02-03,168.36351
2034-02-04,168.69809
2034-02-05,169.03267
2034-02-06,169.36726
2034-02-07,169.70184
2034-02-08,170.03642
2034-02-09,170.371
2034-02-10,170.7056
2034-02-11,171.04018
2034-02-12,171.37476
2034-02-13,171.70934
2034-02-14,172.04393
2034-02-15,172.37851
2034-02-16,173.95435
2034-02-17,175.53017
2034-02-18,177.106
2034-02-19,178.68182
2034-02-20,180.25766
2034-02-21,181.83348
2034-02-22,183.40932
2034-02-23,184.98514
2034-02-24,186.56097
2034-02-25,188.1368
2034-02-26,189.71263
2034-02-27,191.28845
2034-02-28,192.86429
2034-03-01,194.44011
2034-03-02,196.01595
2034-03-03,197.59177
2034-03-04,199.1676
2034-03-05,200.74342
2034-03-06,202.31926
2034-03-07,203.89508
2034-03-08,205.47092
2034-03-09,207.04674
2034-03-10,208.62257
2034-03-11,210.1984
2034-03-12,211.77423
2034-03-13,213.35005
2034-03-14,214.92589
2034-03-15,216.50171
2034-03-16,218.07755
2034-03-17,219.49815
2034-03-18,220.91876
2034-03-19,222.33939
2034-03-20,223.76
2034-03-21,225.1806
2034-03-22,226.60121
2034-03-23,228.02184
2034-03-24,229.44244
2034-03-25,230.86305
2034-03-26,232.28366
2034-03-27,233.70427
2034-03-28,235.1249
2034-03-29,236.5455
2034-03-30,237.96611
2034-03-31,239.38672
2034-04-01,240.80734
2034-04-02,242.22795
2034-04-03,243.64856
2034-04-04,245.06917
2034-04-05,246.48979
2034-04-06,247.9104
2034-04-07,249.33101
2034-04-08,250.75162
2034-04-09,252.17223
2034-04-10,253.59285
2034-04-11,255.01346
2034-04-12,256.43408
2034-04-13,257.85468
2034-04-14,259.2753
2034-04-15,260.6959
2034-04-16,262.11652
2034-04-17,264.03638
2034-04-18,265.95624
2034-04-19,267.8761
2034-04-20,269.79596
2034-04-21,271.71582
2034-04-22,273.63568
2034-04-23,275.55554
2034-04-24,277.4754
2034-04-25,279.39526
2034-04-26,281.31512
2034-04-27,283.235
2034-04-28,285.15485
2034-04-29,287.0747
2034-04-30,288.99457
2034-05-01,290.91443
2034-05-02,292.8343
2034-05-03,294.75415
2034-05-04,296.674
2034-05-05,298.59387
2034-05-06,300.51373
2034-05-07,302.4336
2034-05-08,304.35345
2034-05-09,306.27332
2034-05-10,308.19318
2034-05-11,310.11304
2034-05-12,312.0329
2034-05-13,313.95276
2034-05-14,315.87262
2034-05-15,317.79248
2034-05-16,319.71234
2034-05-17,319.50305
2034-05-18,319.29376
2034-05-19,319.08447
2034-05-20,318.87518
2034-05-21,318.6659
2034-05-22,318.45663
2034-05-23,318.24734
2034-05-24,318.03806
2034-05-25,317.82877
2034-05-26,317.61948
2034-05-27,317.4102
2034-05-28,317.2009
2034-05-29,316.9916
2034-05-30,316.78232
2034-05-31,316.57303
2034-06-01,316.36377
2034-06-02,316.15448
2034-06-03,315.9452
2034-06-04,315.7359
2034-06-05,315.5266
2034-06-06,315.31732
2034-06-07,315.10803
2034-06-08,314.89874
2034-06-09,314.68945
2034-06-10,314.48016
2034-06-11,314.2709
2034-06-12,314.0616
2034-06-13,313.85233
2034-06-14,313.64304
2034-06-15,313.43375
2034-06-16,313.22446
2034-06-17,312.9959
2034-06-18,312.7674
2034-06-19,312.53885
2034-06-20,312.3103
2034-06-21,312.0818
2034-06-22,311.85324
2034-06-23,311.6247
2034-06-24,311.39615
2034-06-25,311.16763
2034-06-26,310.9391
2034-06-27,310.71054
2034-06-28,310.48203
2034-06-29,310.25348
2034-06-30,310.02493
2034-07-01,309.7964
2034-07-02,309.56787
2034-07-03,309.33932
2034-07-04,309.11078
2034-07-05,308.88226
2034-07-06,308.65372
2034-07-07,308.42517
2034-07-08,308.19666
2034-07-09,307.9681
2034-07-10,307.73956
2034-07-11,307.51105
2034-07-12,307.2825
2034-07-13,307.05396
2034-07-14,306.8254
2034-07-15,306.5969
2034-07-16,306.36835
2034-07-17,305.52582
2034-07-18,304.68326
2034-07-19,303.84073
2034-07-20,302.99817
2034-07-21,302.15564
2034-07-22,301.31308
2034-07-23,300.47055
2034-07-24,299.628
2034-07-25,298.78546
2034-07-26,297.9429
2034-07-27,297.10037
2034-07-28,296.2578
2034-07-29,295.41528
2034-07-30,294.57272
2034-07-31,293.7302
2034-08-01,292.88763
2034-08-02,292.0451
2034-08-03,291.20255
2034-08-04,290.36002
2034-08-05,289.51746
2034-08-06,288.67493
2034-08-07,287.83237
2034-08-08,286.98984
2034-08-09,286.14728
2034-08-10,285.30475
2034-08-11,284.4622
2034-08-12,283.61966
2034-08-13,282.7771
2034-08-14,281.93457
2034-08-15,281.092
2034-08-16,280.24948
2034-08-17,279.9615
2034-08-18,279.67346
2034-08-19,279.38547
2034-08-20,279.09744
2034-08-21,278.80945
2034-08-22,278.52142
2034-08-23,278.23343
2034-08-24,277.94543
2034-08-25,277.6574
2034-08-26,277.36942
2034-08-27,277.0814
2034-08-28,276.7934
2034-08-29,276.5054
2034-08-30,276.21738
2034-08-31,275.92938
2034-09-01,275.64136
2034-09-02,275.35336
2034-09-03,275.06534
2034-09-04,274.77734
2034-09-05,274.48935
2034-09-06,274.20132
2034-09-07,273.91333
2034-09-08,273.6253
2034-09-09,273.3373
2034-09-10,273.04932
2034-09-11,272.7613
2034-09-12,272.4733
2034-09-13,272.18527
2034-09-14,271.89728
2034-09-15,271.60925
2034-09-16,271.32126
2034-09-17,270.0128
2034-09-18,268.70428
2034-09-19,267.3958
2034-09-20,266.08734
2034-09-21,264.77884
2034-09-22,263.47037
2034-09-23,262.1619
2034-09-24,260.8534
2034-09-25,259.54492
2034-09-26,258.23645
2034-09-27,256.92798
2034-09-28,255.61948
2034-09-29,254.311
2034-09-30,253.00252
2034-10-01,251.69403
2034-10-02,250.38556
2034-10-03,249.07707
2034-10-04,247.7686
2034-10-05,246.46011
2034-10-06,245.15163
2034-10-07,243.84315
2034-10-08,242.53467
2034-10-09,241.22618
2034-10-10,239.91771
2034-10-11,238.60922
2034-10-12,237.30075
2034-10-13,235.99226
2034-10-14,234.68378
2034-10-15,233.3753
2034-10-16,232.06682
2034-10-17,230.924
2034-10-18,229.78116
2034-10-19,228.63834
2034-10-20,227.49551
2034-10-21,226.35268
2034-10-22,225.20985
2034-10-23,224.06703
2034-10-24,222.9242
2034-10-25,221.78137
2034-10-26,220.63853
2034-10-27,219.49571
2034-10-28,218.35289
2034-10-29,217.21005
2034-10-30,216.06723
2034-10-31,214.92441
2034-11-01,213.78157
2034-11-02,212.63875
2034-11-03,211.49593
2034-11-04,210.35309
2034-11-05,209.21027
2034-11-06,208.06744
2034-11-07,206.9246
2034-11-08,205.78178
2034-11-09,204.63895
2034-11-10,203.49612
2034-11-11,202.3533
2034-11-12,201.21046
2034-11-13,200.06764
2034-11-14,198.92482
2034-11-15,197.78198
2034-11-16,196.63916
2034-11-17,195.37395
2034-11-18,194.10873
2034-11-19,192.84352
2034-11-20,191.57831
2034-11-21,190.31311
2034-11-22,189.0479
2034-11-23,187.78268
2034-11-24,186.51747
2034-11-25,185.25226
2034-11-26,183.98705
2034-11-27,182.72183
2034-11-28,181.45662
2034-11-29,180.1914
2034-11-30,178.9262
2034-12-01,177.66098
2034-12-02,176.39578
2034-12-03,175.13057
2034-12-04,173.86536
2034-12-05,172.60014
2034-12-06,171.33493
2034-12-07,170.06972
2034-12-08,168.8045
2034-12-09,167.53929
2034-12-10,166.27408
2034-12-11,165.00888
2034-12-12,163.74367
2034-12-13,162.47845
2034-12-14,161.21324
2034-12-15,159.94803
2034-12-16,158.68282
2034-12-17,158.6672
2034-12-18,158.65161
2034-12-19,158.636
2034-12-20,158.62039
2034-12-21,158.60478
2034-12-22,158.58919
2034-12-23,158.57358
2034-12-24,158.55797
2034-12-25,158.54237
2034-12-26,158.52676
2034-12-27,158.51115
2034-12-28,158.49554
2034-12-29,158.47995
2034-12-30,158.46434
2034-12-31,158.44873
2035-01-01,158.43314
2035-01-02,158.41753
2035-01-03,158.40192
2035-01-04,158.38632
2035-01-05,158.37071
2035-01-06,158.3551
2035-01-07,158.3395
2035-01-08,158.3239
2035-01-09,158.30829
2035-01-10,158.29268
2035-01-11,158.27708
2035-01-12,158.26147
2035-01-13,158.24586
2035-01-14,158.23026
2035-01-15,158.21466
2035-01-16,158.19905
2035-01-17,159.50114
2035-01-18,160.80324
2035-01-19,162.10533
2035-01-20,163.40742
2035-01-21,164.70952
2035-01-22,166.01161
2035-01-23,167.3137
2035-01-24,168.61581
2035-01-25,169.91791
2035-01-26,171.22
2035-01-27,172.5221
2035-01-28,173.82419
2035-01-29,175.12628
2035-01-30,176.42838
2035-01-31,177.73047
2035-02-01,179.03256
2035-02-02,180.33466
2035-02-03,181.63675
2035-02-04,182.93884
2035-02-05,184.24094
2035-02-06,185.54303
2035-02-07,186.84512
2035-02-08,188.14723
2035-02-09,189.44933
2035-02-10,190.75142
2035-02-11,192.05351
2035-02-12,193.3556
2035-02-13,194.6577
2035-02-14,195.9598
2035-02-15,197.26189
2035-02-16,199.05832
2035-02-17,200.85475
2035-02-18,202.65118
2035-02-19,204.44762
2035-02-20,206.24405
2035-02-21,208.04048
2035-02-22,209.83691
2035-02-23,211.63333
2035-02-24,213.42976
2035-02-25,215.2262
2035-02-26,217.02263
2035-02-27,218.81906
2035-02-28,220.6155
2035-03-01,222.41193
2035-03-02,224.20836
2035-03-03,226.00479
2035-03-04,227.80122
2035-03-05,229.59766
2035-03-06,231.39409
2035-03-07,233.19052
2035-03-08,234.98695
2035-03-09,236.78337
2035-03-10,238.5798
2035-03-11,240.37624
2035-03-12,242.17267
2035-03-13,243.9691
2035-03-14,245.76553
2035-03-15,247.56197
2035-03-16,249.3584
2035-03-17,250.32166
2035-03-18,251.28493
2035-03-19,252.24818
2035-03-20,253.21144
2035-03-21,254.1747
2035-03-22,255.13797
2035-03-23,256.10123
2035-03-24,257.06448
2035-03-25,258.02774
2035-03-26,258.991
2035-03-27,259.95425
2035-03-28,260.91754
2035-03-29,261.8808
2035-03-30,262.84406
2035-03-31,263.8073
2035-04-01,264.77057
2035-04-02,265.73383
2035-04-03,266.69708
2035-04-04,267.66034
2035-04-05,268.62363
2035-04-06,269.58688
2035-04-07,270.55014
2035-04-08,271.5134
2035-04-09,272.47665
2035-04-10,273.4399
2035-04-11,274.40317
2035-04-12,275.36642
2035-04-13,276.3297
2035-04-14,277.29297
2035-04-15,278.25623
2035-04-16,279.21948
2035-04-17,279.70105
2035-04-18,280.1826
2035-04-19,280.66415
2035-04-20,281.14572
2035-04-21,281.62726
2035-04-22,282.10883
2035-04-23,282.59036
2035-04-24,283.07193
2035-04-25,283.5535
2035-04-26,284.03503
2035-04-27,284.5166
2035-04-28,284.99817
2035-04-29,285.4797
2035-04-30,285.96127
2035-05-01,286.4428
2035-05-02,286.92438
2035-05-03,287.40594
2035-05-04,287.88748
2035-05-05,288.36905
2035-05-06,288.85062
2035-05-07,289.33215
2035-05-08,289.81372
2035-05-09,290.2953
2035-05-10,290.77682
2035-05-11,291.2584
2035-05-12,291.73993
2035-05-13,292.2215
2035-05-14,292.70306
2035-05-15,293.1846
2035-05-16,293.66617
2035-05-17,293.82956
2035-05-18,293.99292
2035-05-19,294.1563
2035-05-20,294.31967
2035-05-21,294.48306
2035-05-22,294.64642
2035-05-23,294.8098
2035-05-24,294.97318
2035-05-25,295.13657
2035-05-26,295.29993
2035-05-27,295.46332
2035-05-28,295.62668
2035-05-29,295.79007
2035-05-30,295.95343
2035-05-31,296.11682
2035-06-01,296.28018
2035-06-02,296.44357
2035-06-03,296.60693
2035-06-04,296.77032
2035-06-05,296.9337
2035-06-06,297.09708
2035-06-07,297.26044
2035-06-08,297.42383
2035-06-09,297.5872
2035-06-10,297.75058
2035-06-11,297.91394
2035-06-12,298.07733
2035-06-13,298.2407
2035-06-14,298.40408
2035-06-15,298.56744
2035-06-16,298.73083
2035-06-17,298.2998
2035-06-18,297.86877
2035-06-19,297.43774
2035-06-20,297.0067
2035-06-21,296.57568
2035-06-22,296.14465
2035-06-23,295.71362
2035-06-24,295.2826
2035-06-25,294.85156
2035-06-26,294.42053
2035-06-27,293.9895
2035-06-28,293.55847
2035-06-29,293.12744
2035-06-30,292.6964
2035-07-01,292.26538
2035-07-02,291.83438
2035-07-03,291.40335
2035-07-04,290.97232
2035-07-05,290.5413
2035-07-06,290.11026
2035-07-07,289.67923
2035-07-08,289.2482
2035-07-09,288.81717
2035-07-10,288.38614
2035-07-11,287.9551
2035-07-12,287.52408
2035-07-13,287.09305
2035-07-14,286.66202
2035-07-15,286.231
2035-07-16,285.79996
2035-07-17,285.01706
2035-07-18,284.23416
2035-07-19,283.45126
2035-07-20,282.66837
2035-07-21,281.88547
2035-07-22,281.1026
2035-07-23,280.3197
2035-07-24,279.5368
2035-07-25,278.7539
2035-07-26,277.971
2035-07-27,277.1881
2035-07-28,276.4052
2035-07-29,275.6223
2035-07-30,274.83942
2035-07-31,274.05652
2035-08-01,273.27365
2035-08-02,272.49075
2035-08-03,271.70786
2035-08-04,270.92496
2035-08-05,270.14206
2035-08-06,269.35916
2035-08-07,268.57626
2035-08-08,267.79337
2035-08-09,267.01047
2035-08-10,266.22757
2035-08-11,265.4447
2035-08-12,264.6618
2035-08-13,263.8789
2035-08-14,263.096
2035-08-15,262.3131
2035-08-16,261.5302
2035-08-17,261.04575
2035-08-18,260.56128
2035-08-19,260.07684
2035-08-20,259.59238
2035-08-21,259.1079
2035-08-22,258.62344
2035-08-23,258.139
2035-08-24,257.65454
2035-08-25,257.17007
2035-08-26,256.6856
2035-08-27,256.20114
2035-08-28,255.71669
2035-08-29,255.23224
2035-08-30,254.74777
2035-08-31,254.26332
2035-09-01,253.77885
2035-09-02,253.2944
2035-09-03,252.80994
2035-09-04,252.32549
2035-09-05,251.84102
2035-09-06,251.35655
2035-09-07,250.8721
2035-09-08,250.38763
2035-09-09,249.90318
2035-09-10,249.41872
2035-09-11,248.93427
2035-09-12,248.4498
2035-09-13,247.96535
2035-09-14,247.48088
2035-09-15,246.99643
2035-09-16,246.51196
2035-09-17,245.18048
2035-09-18,243.84901
2035-09-19,242.51753
2035-09-20,241.18605
2035-09-21,239.85458
2035-09-22,238.5231
2035-09-23,237.19164
2035-09-24,235.86015
2035-09-25,234.52867
2035-09-26,233.1972
2035-09-27,231.86572
2035-09-28,230.53424
2035-09-29,229.20277
2035-09-30,227.87129
2035-10-01,226.53983
2035-10-02,225.20834
2035-10-03,223.87686
2035-10-04,222.5454
2035-10-05,221.21391
2035-10-06,219.88243
2035-10-07,218.55096
2035-10-08,217.21948
2035-10-09,215.888
2035-10-10,214.55653
2035-10-11,213.22505
2035-10-12,211.89359
2035-10-13,210.5621
2035-10-14,209.23062
2035-10-15,207.89915
2035-10-16,206.56767
2035-10-17,205.25865
2035-10-18,203.94963
2035-10-19,202.64061
2035-10-20,201.33159
2035-10-21,200.02257
2035-10-22,198.71355
2035-10-23,197.40453
2035-10-24,196.0955
2035-10-25,194.78648
2035-10-26,193.47746
2035-10-27,192.16844
2035-10-28,190.85942
2035-10-29,189.5504
2035-10-30,188.24138
2035-10-31,186.93236
2035-11-01,185.62332
2035-11-02,184.3143
2035-11-03,183.00528
2035-11-04,181.69626
2035-11-05,180.38724
2035-11-06,179.07822
2035-11-07,177.7692
2035-11-08,176.46017
2035-11-09,175.15115
2035-11-10,173.84213
2035-11-11,172.53311
2035-11-12,171.22409
2035-11-13,169.91507
2035-11-14,168.60605
2035-11-15,167.29703
2035-11-16,165.988
2035-11-17,165.78194
2035-11-18,165.57587
2035-11-19,165.36981
2035-11-20,165.16374
2035-11-21,164.95767
2035-11-22,164.7516
2035-11-23,164.54555
2035-11-24,164.33948
2035-11-25,164.1334
2035-11-26,163.92734
2035-11-27,163.72128
2035-11-28,163.51521
2035-11-29,163.30914
2035-11-30,163.10307
2035-12-01,162.897
2035-12-02,162.69095
2035-12-03,162.48488
2035-12-04,162.27881
2035-12-05,162.07274
2035-12-06,161.86668
2035-12-07,161.66061
2035-12-08,161.45454
2035-12-09,161.24847
2035-12-10,161.04242
2035-12-11,160.83635
2035-12-12,160.63028
2035-12-13,160.42421
2035-12-14,160.21815
2035-12-15,160.01208
2035-12-16,159.80602
2035-12-17,160.60071
2035-12-18,161.39542
2035-12-19,162.19011
2035-12-20,162.9848
2035-12-21,163.7795
2035-12-22,164.5742
2035-12-23,165.3689
2035-12-24,166.16359
2035-12-25,166.95828
2035-12-26,167.75299
2035-12-27,168.54768
2035-12-28,169.34238
2035-12-29,170.13707
2035-12-30,170.93178
2035-12-31,171.72647
2036-01-01,172.52116
2036-01-02,173.31586
2036-01-03,174.11057
2036-01-04,174.90526
2036-01-05,175.69995
2036-01-06,176.49464
2036-01-07,177.28935
2036-01-08,178.08405
2036-01-09,178.87874
2036-01-10,179.67343
2036-01-11,180.46814
2036-01-12,181.26283
2036-01-13,182.05753
2036-01-14,182.85222
2036-01-15,183.64693
2036-01-16,184.44162
2036-01-17,185.15468
2036-01-18,185.86775
2036-01-19,186.58081
2036-01-20,187.29387
2036-01-21,188.00694
2036-01-22,188.72
2036-01-23,189.43306
2036-01-24,190.14613
2036-01-25,190.85919
2036-01-26,191.57225
2036-01-27,192.28532
2036-01-28,192.99838
2036-01-29,193.71144
2036-01-30,194.42451
2036-01-31,195.13757
2036-02-01,195.85063
2036-02-02,196.5637
2036-02-03,197.27676
2036-02-04,197.98982
2036-02-05,198.7029
2036-02-06,199.41595
2036-02-07,200.12901
2036-02-08,200.84209
2036-02-09,201.55515
2036-02-10,202.2682
2036-02-11,202.98128
2036-02-12,203.69434
2036-02-13,204.4074
2036-02-14,205.12047
2036-02-15,205.83353
2036-02-16,206.65572
2036-02-17,207.4779
2036-02-18,208.3001
2036-02-19,209.1223
2036-02-20,209.94449
2036-02-21,210.76668
2036-02-22,211.58887
2036-02-23,212.41106
2036-02-24,213.23325
2036-02-25,214.05544
2036-02-26,214.87762
2036-02-27,215.69983
2036-02-28,216.52202
2036-02-29,217.34421
2036-03-01,218.1664
2036-03-02,218.98859
2036-03-03,219.81078
2036-03-04,220.63297
2036-03-05,221.45517
2036-03-06,222.27736
2036-03-07,223.09955
2036-03-08,223.92174
2036-03-09,224.74393
2036-03-10,225.56612
2036-03-11,226.3883
2036-03-12,227.2105
2036-03-13,228.0327
2036-03-14,228.85489
2036-03-15,229.67708
2036-03-16,230.49927
2036-03-17,232.53421
2036-03-18,234.56915
2036-03-19,236.60408
2036-03-20,238.63902
2036-03-21,240.67397
2036-03-22,242.70891
2036-03-23,244.74385
2036-03-24,246.77878
2036-03-25,248.81372
2036-03-26,250.84866
2036-03-27,252.8836
2036-03-28,254.91855
2036-03-29,256.9535
2036-03-30,258.98843
2036-03-31,261.02338
2036-04-01,263.0583
2036-04-02,265.09323
2036-04-03,267.12817
2036-04-04,269.16312
2036-04-05,271.19806
2036-04-06,273.233
2036-04-07,275.26794
2036-04-08,277.3029
2036-04-09,279.33783
2036-04-10,281.37277
2036-04-11,283.40768
2036-04-12,285.44263
2036-04-13,287.47757
2036-04-14,289.5125
2036-04-15,291.54745
2036-04-16,293.5824
2036-04-17,293.2251
2036-04-18,292.86777
2036-04-19,292.51047
2036-04-20,292.15314
2036-04-21,291.79584
2036-04-22,291.43854
2036-04-23,291.0812
2036-04-24,290.7239
2036-04-25,290.36658
2036-04-26,290.00928
2036-04-27,289.65198
2036-04-28,289.29465
2036-04-29,288.93735
2036-04-30,288.58002
2036-05-01,288.22272
2036-05-02,287.86542
2036-05-03,287.5081
2036-05-04,287.1508
2036-05-05,286.79346
2036-05-06,286.43616
2036-05-07,286.07886
2036-05-08,285.72153
2036-05-09,285.36423
2036-05-10,285.0069
2036-05-11,284.6496
2036-05-12,284.2923
2036-05-13,283.93497
2036-05-14,283.57767
2036-05-15,283.22034
2036-05-16,282.86304
2036-05-17,283.85727
2036-05-18,284.85147
2036-05-19,285.8457
2036-05-20,286.8399
2036-05-21,287.83414
2036-05-22,288.82837
2036-05-23,289.82257
2036-05-24,290.8168
2036-05-25,291.81104
2036-05-26,292.80524
2036-05-27,293.79947
2036-05-28,294.79367
2036-05-29,295.7879
2036-05-30,296.78214
2036-05-31,297.77634
2036-06-01,298.77057
2036-06-02,299.76477
2036-06-03,300.759
2036-06-04,301.75323
2036-06-05,302.74744
2036-06-06,303.74167
2036-06-07,304.73587
2036-06-08,305.7301
2036-06-09,306.72433
2036-06-10,307.71854
2036-06-11,308.71277
2036-06-12,309.707
2036-06-13,310.7012
2036-06-14,311.69543
2036-06-15,312.68964
2036-06-16,313.68387
2036-06-17,312.44647
2036-06-18,311.20908
2036-06-19,309.97165
2036-06-20,308.73425
2036-06-21,307.49686
2036-06-22,306.25946
2036-06-23,305.02203
2036-06-24,303.78464
2036-06-25,302.54724
2036-06-26,301.30984
2036-06-27,300.07242
2036-06-28,298.83502
2036-06-29,297.59763
2036-06-30,296.36023
2036-07-01,295.1228
2036-07-02,293.8854
2036-07-03,292.648
2036-07-04,291.4106
2036-07-05,290.17322
2036-07-06,288.9358
2036-07-07,287.6984
2036-07-08,286.461
2036-07-09,285.2236
2036-07-10,283.98618
2036-07-11,282.74878
2036-07-12,281.51138
2036-07-13,280.274
2036-07-14,279.03656
2036-07-15,277.79916
2036-07-16,276.56177
2036-07-17,276.65027
2036-07-18,276.73877
2036-07-19,276.82727
2036-07-20,276.9158
2036-07-21,277.0043
2036-07-22,277.0928
2036-07-23,277.1813
2036-07-24,277.2698
2036-07-25,277.3583
2036-07-26,277.4468
2036-07-27,277.5353
2036-07-28,277.62384
2036-07-29,277.71234
2036-07-30,277.80084
2036-07-31,277.88934
2036-08-01,277.97784
2036-08-02,278.06635
2036-08-03,278.15485
2036-08-04,278.24335
2036-08-05,278.33188
2036-08-06,278.42038
2036-08-07,278.50888
2036-08-08,278.59738
2036-08-09,278.68588
2036-08-10,278.77438
2036-08-11,278.86288
2036-08-12,278.9514
2036-08-13,279.03992
2036-08-14,279.12842
2036-08-15,279.21692
2036-08-16,279.30542
2036-08-17,277.3897
2036-08-18,275.47397
2036-08-19,273.55826
2036-08-20,271.64252
2036-08-21,269.7268
2036-08-22,267.8111
2036-08-23,265.89536
2036-08-24,263.97964
2036-08-25,262.06393
2036-08-26,260.1482
2036-08-27,258.23248
2036-08-28,256.31674
2036-08-29,254.40103
2036-08-30,252.4853
2036-08-31,250.56958
2036-09-01,248.65387
2036-09-02,246.73814
2036-09-03,244.82242
2036-09-04,242.9067
2036-09-05,240.99098
2036-09-06,239.07526
2036-09-07,237.15953
2036-09-08,235.2438
2036-09-09,233.32808
2036-09-10,231.41237
2036-09-11,229.49664
2036-09-12,227.58092
2036-09-13,225.66519
2036-09-14,223.74948
2036-09-15,221.83376
2036-09-16,219.91803
2036-09-17,220.09277
2036-09-18,220.2675
2036-09-19,220.44225
2036-09-20,220.61697
2036-09-21,220.79172
2036-09-22,220.96646
2036-09-23,221.14119
2036-09-24,221.31593
2036-09-25,221.49066
2036-09-26,221.6654
2036-09-27,221.84015
2036-09-28,222.01488
2036-09-29,222.18962
2036-09-30,222.36435
2036-10-01,222.5391
2036-10-02,222.71384
2036-10-03,222.88857
2036-10-04,223.06331
2036-10-05,223.23804
2036-10-06,223.41278
2036-10-07,223.58752
2036-10-08,223.76225
2036-10-09,223.937
2036-10-10,224.11172
2036-10-11,224.28647
2036-10-12,224.46121
2036-10-13,224.63594
2036-10-14,224.81068
2036-10-15,224.98541
2036-10-16,225.16016
2036-10-17,223.77878
2036-10-18,222.3974
2036-10-19,221.01602
2036-10-20,219.63464
2036-10-21,218.25327
2036-10-22,216.87189
2036-10-23,215.49051
2036-10-24,214.10913
2036-10-25,212.72775
2036-10-26,211.34637
2036-10-27,209.965
2036-10-28,208.58362
2036-10-29,207.20224
2036-10-30,205.82086
2036-10-31,204.43948
2036-11-01,203.05809
2036-11-02,201.67671
2036-11-03,200.29533
2036-11-04,198.91396
2036-11-05,197.53258
2036-11-06,196.1512
2036-11-07,194.76982
2036-11-08,193.38844
2036-11-09,192.00706
2036-11-10,190.62569
2036-11-11,189.24431
2036-11-12,187.86293
2036-11-13,186.48155
2036-11-14,185.10017
2036-11-15,183.7188
2036-11-16,182.33742
2036-11-17,181.86565
2036-11-18,181.39388
2036-11-19,180.92209
2036-11-20,180.45032
2036-11-21,179.97855
2036-11-22,179.50677
2036-11-23,179.035
2036-11-24,178.56322
2036-11-25,178.09145
2036-11-26,177.61967
2036-11-27,177.1479
2036-11-28,176.67613
2036-11-29,176.20435
2036-11-30,175.73257
2036-12-01,175.2608
2036-12-02,174.78903
2036-12-03,174.31726
2036-12-04,173.84547
2036-12-05,173.3737
2036-12-06,172.90193
2036-12-07,172.43016
2036-12-08,171.95839
2036-12-09,171.4866
2036-12-10,171.01483
2036-12-11,170.54306
2036-12-12,170.07129
2036-12-13,169.59952
2036-12-14,169.12773
2036-12-15,168.65596
2036-12-16,168.18419
2036-12-17,168.29802
2036-12-18,168.41185
2036-12-19,168.5257
2036-12-20,168.63953
2036-12-21,168.75336
2036-12-22,168.86719
2036-12-23,168.98103
2036-12-24,169.09486
2036-12-25,169.2087
2036-12-26,169.32253
2036-12-27,169.43636
2036-12-28,169.5502
2036-12-29,169.66403
2036-12-30,169.77786
2036-12-31,169.8917
2037-01-01,170.00554
2037-01-02,170.11937
2037-01-03,170.2332
2037-01-04,170.34703
2037-01-05,170.46088
2037-01-06,170.5747
2037-01-07,170.68854
2037-01-08,170.80237
2037-01-09,170.9162
2037-01-10,171.03004
2037-01-11,171.14388
2037-01-12,171.2577
2037-01-13,171.37154
2037-01-14,171.48538
2037-01-15,171.59921
2037-01-16,171.71304
2037-01-17,172.57773
2037-01-18,173.44241
2037-01-19,174.30711
2037-01-20,175.1718
2037-01-21,176.03648
2037-01-22,176.90117
2037-01-23,177.76587
2037-01-24,178.63055
2037-01-25,179.49524
2037-01-26,180.35992
2037-01-27,181.22462
2037-01-28,182.08931
2037-01-29,182.954
2037-01-30,183.81868
2037-01-31,184.68338
2037-02-01,185.54807
2037-02-02,186.41275
2037-02-03,187.27744
2037-02-04,188.14212
2037-02-05,189.00682
2037-02-06,189.8715
2037-02-07,190.73619
2037-02-08,191.60088
2037-02-09,192.46558
2037-02-10,193.33026
2037-02-11,194.19495
2037-02-12,195.05963
2037-02-13,195.92433
2037-02-14,196.78902
2037-02-15,197.6537
2037-02-16,199.54543
2037-02-17,201.43715
2037-02-18,203.32886
2037-02-19,205.22058
2037-02-20,207.1123
2037-02-21,209.00403
2037-02-22,210.89574
2037-02-23,212.78746
2037-02-24,214.67918
2037-02-25,216.5709
2037-02-26,218.46262
2037-02-27,220.35434
2037-02-28,222.24606
2037-03-01,224.13779
2037-03-02,226.0295
2037-03-03,227.92122
2037-03-04,229.81294
2037-03-05,231.70467
2037-03-06,233.59637
2037-03-07,235.4881
2037-03-08,237.37982
2037-03-09,239.27155
2037-03-10,241.16325
2037-03-11,243.05498
2037-03-12,244.9467
2037-03-13,246.83842
2037-03-14,248.73013
2037-03-15,250.62186
2037-03-16,252.51358
2037-03-17,253.8772
2037-03-18,255.24083
2037-03-19,256.60443
2037-03-20,257.96808
2037-03-21,259.3317
2037-03-22,260.6953
2037-03-23,262.05893
2037-03-24,263.42255
2037-03-25,264.78616
2037-03-26,266.14978
2037-03-27,267.5134
2037-03-28,268.87704
2037-03-29,270.24066
2037-03-30,271.60428
2037-03-31,272.9679
2037-04-01,274.3315
2037-04-02,275.69513
2037-04-03,277.05875
2037-04-04,278.42236
2037-04-05,279.786
2037-04-06,281.14963
2037-04-07,282.51324
2037-04-08,283.87686
2037-04-09,285.24048
2037-04-10,286.6041
2037-04-11,287.9677
2037-04-12,289.33133
2037-04-13,290.69498
2037-04-14,292.0586
2037-04-15,293.4222
2037-04-16,294.78583
2037-04-17,295.1811
2037-04-18,295.5764
2037-04-19,295.97165
2037-04-20,296.36694
2037-04-21,296.7622
2037-04-22,297.1575
2037-04-23,297.55276
2037-04-24,297.94806
2037-04-25,298.34332
2037-04-26,298.73862
2037-04-27,299.13388
2037-04-28,299.52917
2037-04-29,299.92444
2037-04-30,300.31973
2037-05-01,300.715
2037-05-02,301.11026
2037-05-03,301.50555
2037-05-04,301.90082
2037-05-05,302.2961
2037-05-06,302.69138
2037-05-07,303.08667
2037-05-08,303.48193
2037-05-09,303.87723
2037-05-10,304.2725
2037-05-11,304.6678
2037-05-12,305.06305
2037-05-13,305.45834
2037-05-14,305.8536
2037-05-15,306.2489
2037-05-16,306.64417
2037-05-17,306.4555
2037-05-18,306.2668
2037-05-19,306.07816
2037-05-20,305.8895
2037-05-21,305.70084
2037-05-22,305.51215
2037-05-23,305.3235
2037-05-24,305.13483
2037-05-25,304.94614
2037-05-26,304.75748
2037-05-27,304.56882
2037-05-28,304.38016
2037-05-29,304.19147
2037-05-30,304.0028
2037-05-31,303.81415
2037-06-01,303.62546
2037-06-02,303.4368
2037-06-03,303.24814
2037-06-04,303.05945
2037-06-05,302.8708
2037-06-06,302.68213
2037-06-07,302.49347
2037-06-08,302.30478
2037-06-09,302.11612
2037-06-10,301.92746
2037-06-11,301.73877
2037-06-12,301.5501
2037-06-13,301.36145
2037-06-14,301.1728
2037-06-15,300.9841
2037-06-16,300.79544
2037-06-17,301.0211
2037-06-18,301.24677
2037-06-19,301.4724
2037-06-20,301.69806
2037-06-21,301.92374
2037-06-22,302.14938
2037-06-23,302.37506
2037-06-24,302.6007
2037-06-25,302.82635
2037-06-26,303.05203
2037-06-27,303.27768
2037-06-28,303.50333
2037-06-29,303.729
2037-06-30,303.95465
2037-07-01,304.1803
2037-07-02,304.40598
2037-07-03,304.63162
2037-07-04,304.8573
2037-07-05,305.08295
2037-07-06,305.3086
2037-07-07,305.53427
2037-07-08,305.75992
2037-07-09,305.98557
2037-07-10,306.21124
2037-07-11,306.4369
2037-07-12,306.66257
2037-07-13,306.8882
2037-07-14,307.11386
2037-07-15,307.33954
2037-07-16,307.5652
2037-07-17,307.02817
2037-07-18,306.49112
2037-07-19,305.9541
2037-07-20,305.41708
2037-07-21,304.88007
2037-07-22,304.34302
2037-07-23,303.806
2037-07-24,303.26898
2037-07-25,302.73193
2037-07-26,302.19492
2037-07-27,301.6579
2037-07-28,301.12088
2037-07-29,300.58383
2037-07-30,300.0468
2037-07-31,299.5098
2037-08-01,298.97275
2037-08-02,298.43573
2037-08-03,297.8987
2037-08-04,297.36166
2037-08-05,296.82465
2037-08-06,296.28763
2037-08-07,295.7506
2037-08-08,295.21356
2037-08-09,294.67654
2037-08-10,294.13953
2037-08-11,293.60248
2037-08-12,293.06546
2037-08-13,292.52844
2037-08-14,291.99142
2037-08-15,291.45438
2037-08-16,290.91736
2037-08-17,289.7911
2037-08-18,288.66483
2037-08-19,287.53857
2037-08-20,286.41232
2037-08-21,285.28604
2037-08-22,284.1598
2037-08-23,283.03354
2037-08-24,281.90726
2037-08-25,280.781
2037-08-26,279.65475
2037-08-27,278.52847
2037-08-28,277.40222
2037-08-29,276.27597
2037-08-30,275.1497
2037-08-31,274.02344
2037-09-01,272.8972
2037-09-02,271.77094
2037-09-03,270.64465
2037-09-04,269.5184
2037-09-05,268.39215
2037-09-06,267.26587
2037-09-07,266.13962
2037-09-08,265.01337
2037-09-09,263.8871
2037-09-10,262.76083
2037-09-11,261.63458
2037-09-12,260.5083
2037-09-13,259.38205
2037-09-14,258.2558
2037-09-15,257.12952
2037-09-16,256.00327
2037-09-17,254.26828
2037-09-18,252.53328
2037-09-19,250.7983
2037-09-20,249.0633
2037-09-21,247.32831
2037-09-22,245.5933
2037-09-23,243.85832
2037-09-24,242.12332
2037-09-25,240.38834
2037-09-26,238.65334
2037-09-27,236.91835
2037-09-28,235.18335
2037-09-29,233.44836
2037-09-30,231.71336
2037-10-01,229.97838
2037-10-02,228.2434
2037-10-03,226.50839
2037-10-04,224.7734
2037-10-05,223.0384
2037-10-06,221.30342
2037-10-07,219.56842
2037-10-08,217.83344
2037-10-09,216.09843
2037-10-10,214.36345
2037-10-11,212.62845
2037-10-12,210.89346
2037-10-13,209.15846
2037-10-14,207.42348
2037-10-15,205.68848
2037-10-16,203.95349
2037-10-17,203.51306
2037-10-18,203.07265
2037-10-19,202.63222
2037-10-20,202.19179
2037-10-21,201.75136
2037-10-22,201.31094
2037-10-23,200.87051
2037-10-24,200.43008
2037-10-25,199.98967
2037-10-26,199.54924
2037-10-27,199.10881
2037-10-28,198.66838
2037-10-29,198.22797
2037-10-30,197.78754
2037-10-31,197.3471
2037-11-01,196.9067
2037-11-02,196.46626
2037-11-03,196.02583
2037-11-04,195.58542
2037-11-05,195.14499
2037-11-06,194.70456
2037-11-07,194.26413
2037-11-08,193.82372
2037-11-09,193.38329
2037-11-10,192.94286
2037-11-11,192.50244
2037-11-12,192.06201
2037-11-13,191.62158
2037-11-14,191.18115
2037-11-15,190.74074
2037-11-16,190.30031
2037-11-17,189.34753
2037-11-18,188.39478
2037-11-19,187.442
2037-11-20,186.48923
2037-11-21,185.53645
2037-11-22,184.5837
2037-11-23,183.63092
2037-11-24,182.67815
2037-11-25,181.72537
2037-11-26,180.77261
2037-11-27,179.81984
2037-11-28,178.86707
2037-11-29,177.91429
2037-11-30,176.96153
2037-12-01,176.00876
2037-12-02,175.05598
2037-12-03,174.10323
2037-12-04,173.15045
2037-12-05,172.19768
2037-12-06,171.2449
2037-12-07,170.29214
2037-12-08,169.33937
2037-12-09,168.3866
2037-12-10,167.43382
2037-12-11,166.48106
2037-12-12,165.52829
2037-12-13,164.57552
2037-12-14,163.62274
2037-12-15,162.66998
2037-12-16,161.71721
2037-12-17,162.19197
2037-12-18,162.66675
2037-12-19,163.14151
2037-12-20,163.61629
2037-12-21,164.09105
2037-12-22,164.56583
2037-12-23,165.04059
2037-12-24,165.51535
2037-12-25,165.99013
2037-12-26,166.46489
2037-12-27,166.93967
2037-12-28,167.41443
2037-12-29,167.88919
2037-12-30,168.36397
2037-12-31,168.83873
2038-01-01,169.3135
2038-01-02,169.78827
2038-01-03,170.26305
2038-01-04,170.73781
2038-01-05,171.21257
2038-01-06,171.68735
2038-01-07,172.16211
2038-01-08,172.63689
2038-01-09,173.11165
2038-01-10,173.58641
2038-01-11,174.06119
2038-01-12,174.53595
2038-01-13,175.01073
2038-01-14,175.48549
2038-01-15,175.96027
2038-01-16,176.43503
2038-01-17,177.2389
2038-01-18,178.04279
2038-01-19,178.84668
2038-01-20,179.65056
2038-01-21,180.45444
2038-01-22,181.25832
2038-01-23,182.06221
2038-01-24,182.86609
2038-01-25,183.66997
2038-01-26,184.47385
2038-01-27,185.27774
2038-01-28,186.08162
2038-01-29,186.8855
2038-01-30,187.68938
2038-01-31,188.49326
2038-02-01,189.29715
2038-02-02,190.10103
2038-02-03,190.9049
2038-02-04,191.70879
2038-02-05,192.51268
2038-02-06,193.31656
2038-02-07,194.12044
2038-02-08,194.92432
2038-02-09,195.72821
2038-02-10,196.53209
2038-02-11,197.33597
2038-02-12,198.13985
2038-02-13,198.94374
2038-02-14,199.74762
2038-02-15,200.5515
2038-02-16,201.97978
2038-02-17,203.40807
2038-02-18,204.83635
2038-02-19,206.26462
2038-02-20,207.6929
2038-02-21,209.12119
2038-02-22,210.54947
2038-02-23,211.97775
2038-02-24,213.40604
2038-02-25,214.83432
2038-02-26,216.26259
2038-02-27,217.69087
2038-02-28,219.11916
2038-03-01,220.54744
2038-03-02,221.97572
2038-03-03,223.404
2038-03-04,224.83229
2038-03-05,226.26057
2038-03-06,227.68884
2038-03-07,229.11713
2038-03-08,230.54541
2038-03-09,231.9737
2038-03-10,233.40198
2038-03-11,234.83026
2038-03-12,236.25854
2038-03-13,237.68681
2038-03-14,239.1151
2038-03-15,240.54338
2038-03-16,241.97166
2038-03-17,242.39058
2038-03-18,242.80948
2038-03-19,243.2284
2038-03-20,243.64731
2038-03-21,244.06622
2038-03-22,244.48512
2038-03-23,244.90404
2038-03-24,245.32295
2038-03-25,245.74187
2038-03-26,246.16077
2038-03-27,246.57968
2038-03-28,246.9986
2038-03-29,247.41751
2038-03-30,247.83641
2038-03-31,248.25533
2038-04-01,248.67424
2038-04-02,249.09315
2038-04-03,249.51205
2038-04-04,249.93097
2038-04-05,250.34988
2038-04-06,250.7688
2038-04-07,251.1877
2038-04-08,251.60661
2038-04-09,252.02553
2038-04-10,252.44444
2038-04-11,252.86334
2038-04-12,253.28226
2038-04-13,253.70117
2038-04-14,254.12009
2038-04-15,254.53899
2038-04-16,254.9579
2038-04-17,256.26788
2038-04-18,257.57785
2038-04-19,258.88785
2038-04-20,260.1978
2038-04-21,261.50778
2038-04-22,262.81778
2038-04-23,264.12775
2038-04-24,265.43774
2038-04-25,266.7477
2038-04-26,268.05768
2038-04-27,269.36768
2038-04-28,270.67764
2038-04-29,271.9876
2038-04-30,273.2976
2038-05-01,274.60757
2038-05-02,275.91757
2038-05-03,277.22754
2038-05-04,278.5375
2038-05-05,279.8475
2038-05-06,281.15747
2038-05-07,282.46747
2038-05-08,283.77744
2038-05-09,285.0874
2038-05-10,286.3974
2038-05-11,287.70737
2038-05-12,289.01733
2038-05-13,290.32733
2038-05-14,291.6373
2038-05-15,292.9473
2038-05-16,294.25726
2038-05-17,294.52618
2038-05-18,294.7951
2038-05-19,295.064
2038-05-20,295.33292
2038-05-21,295.60184
2038-05-22,295.87076
2038-05-23,296.13968
2038-05-24,296.40857
2038-05-25,296.6775
2038-05-26,296.9464
2038-05-27,297.21533
2038-05-28,297.48425
2038-05-29,297.75314
2038-05-30,298.02206
2038-05-31,298.291
2038-06-01,298.5599
2038-06-02,298.82883
2038-06-03,299.09775
2038-06-04,299.36664
2038-06-05,299.63556
2038-06-06,299.90448
2038-06-07,300.1734
2038-06-08,300.44232
2038-06-09,300.7112
2038-06-10,300.98013
2038-06-11,301.24905
2038-06-12,301.51797
2038-06-13,301.7869
2038-06-14,302.0558
2038-06-15,302.3247
2038-06-16,302.59363
2038-06-17,302.63095
2038-06-18,302.6683
2038-06-19,302.70563
2038-06-20,302.74298
2038-06-21,302.7803
2038-06-22,302.81763
2038-06-23,302.85498
2038-06-24,302.8923
2038-06-25,302.92966
2038-06-26,302.96698
2038-06-27,303.0043
2038-06-28,303.04166
2038-06-29,303.07898
2038-06-30,303.11633
2038-07-01,303.15366
2038-07-02,303.19098
2038-07-03,303.22833
2038-07-04,303.26566
2038-07-05,303.303
2038-07-06,303.34033
2038-07-07,303.37766
2038-07-08,303.415
2038-07-09,303.45233
2038-07-10,303.4897
2038-07-11,303.527
2038-07-12,303.56433
2038-07-13,303.60168
2038-07-14,303.639
2038-07-15,303.67636
2038-07-16,303.71368
2038-07-17,302.44135
2038-07-18,301.16898
2038-07-19,299.89664
2038-07-20,298.62427
2038-07-21,297.35193
2038-07-22,296.07956
2038-07-23,294.80722
2038-07-24,293.53488
2038-07-25,292.2625
2038-07-26,290.99017
2038-07-27,289.7178
2038-07-28,288.44547
2038-07-29,287.17313
2038-07-30,285.90076
2038-07-31,284.62842
2038-08-01,283.35605
2038-08-02,282.0837
2038-08-03,280.81134
2038-08-04,279.539
2038-08-05,278.26666
2038-08-06,276.9943
2038-08-07,275.72195
2038-08-08,274.4496
2038-08-09,273.17725
2038-08-10,271.9049
2038-08-11,270.63254
2038-08-12,269.3602
2038-08-13,268.08783
2038-08-14,266.8155
2038-08-15,265.54312
2038-08-16,264.27078
2038-08-17,263.06946
2038-08-18,261.86813
2038-08-19,260.6668
2038-08-20,259.4655
2038-08-21,258.2642
2038-08-22,257.06287
2038-08-23,255.86154
2038-08-24,254.66022
2038-08-25,253.45891
2038-08-26,252.25758
2038-08-27,251.05626
2038-08-28,249.85493
2038-08-29,248.65363
2038-08-30,247.4523
2038-08-31,246.25098
2038-09-01,245.04967
2038-09-02,243.84834
2038-09-03,242.64702
2038-09-04,241.44571
2038-09-05,240.24438
2038-09-06,239.04306
2038-09-07,237.84174
2038-09-08,236.64043
2038-09-09,235.4391
2038-09-10,234.23778
2038-09-11,233.03647
2038-09-12,231.83514
2038-09-13,230.63382
2038-09-14,229.4325
2038-09-15,228.23119
2038-09-16,227.02986
2038-09-17,224.71042
2038-09-18,222.39099
2038-09-19,220.07155
2038-09-20,217.75212
2038-09-21,215.43268
2038-09-22,213.11325
2038-09-23,210.79381
2038-09-24,208.47437
2038-09-25,206.15494
2038-09-26,203.8355
2038-09-27,201.51607
2038-09-28,199.19662
2038-09-29,196.8772
2038-09-30,194.55775
2038-10-01,192.23831
2038-10-02,189.91888
2038-10-03,187.59944
2038-10-04,185.28001
2038-10-05,182.96057
2038-10-06,180.64114
2038-10-07,178.3217
2038-10-08,176.00227
2038-10-09,173.68283
2038-10-10,171.36339
2038-10-11,169.04396
2038-10-12,166.72452
2038-10-13,164.40509
2038-10-14,162.08565
2038-10-15,159.76622
2038-10-16,157.44678
2038-10-17,158.16652
2038-10-18,158.88626
2038-10-19,159.606
2038-10-20,160.32574
2038-10-21,161.04549
2038-10-22,161.76521
2038-10-23,162.48495
2038-10-24,163.2047
2038-10-25,163.92444
2038-10-26,164.64418
2038-10-27,165.36392
2038-10-28,166.08366
2038-10-29,166.8034
2038-10-30,167.52315
2038-10-31,168.24289
2038-11-01,168.96262
2038-11-02,169.68236
2038-11-03,170.4021
2038-11-04,171.12184
2038-11-05,171.84158
2038-11-06,172.56133
2038-11-07,173.28107
2038-11-08,174.00081
2038-11-09,174.72055
2038-11-10,175.44029
2038-11-11,176.16002
2038-11-12,176.87976
2038-11-13,177.5995
2038-11-14,178.31924
2038-11-15,179.03899
2038-11-16,179.75873
2038-11-17,179.04216
2038-11-18,178.32558
2038-11-19,177.60901
2038-11-20,176.89243
2038-11-21,176.17586
2038-11-22,175.45929
2038-11-23,174.7427
2038-11-24,174.02614
2038-11-25,173.30956
2038-11-26,172.59299
2038-11-27,171.87642
2038-11-28,171.15984
2038-11-29,170.44327
2038-11-30,169.72668
2038-12-01,169.01012
2038-12-02,168.29355
2038-12-03,167.57697
2038-12-04,166.8604
2038-12-05,166.14381
2038-12-06,165.42725
2038-12-07,164.71068
2038-12-08,163.9941
2038-12-09,163.27753
2038-12-10,162.56094
2038-12-11,161.84438
2038-12-12,161.1278
2038-12-13,160.41122
2038-12-14,159.69466
2038-12-15,158.97807
2038-12-16,158.2615
2038-12-17,157.29869
2038-12-18,156.33588
2038-12-19,155.37305
2038-12-20,154.41023
2038-12-21,153.44742
2038-12-22,152.4846
2038-12-23,151.52179
2038-12-24,150.55896
2038-12-25,149.59615
2038-12-26,148.63333
2038-12-27,147.67052
2038-12-28,146.7077
2038-12-29,145.74487
2038-12-30,144.78206
2038-12-31,143.81924
2039-01-01,142.85643
2039-01-02,141.89362
2039-01-03,140.9308
2039-01-04,139.96797
2039-01-05,139.00516
2039-01-06,138.04234
2039-01-07,137.07953
2039-01-08,136.11671
2039-01-09,135.15388
2039-01-10,134.19107
2039-01-11,133.22826
2039-01-12,132.26544
2039-01-13,131.30263
2039-01-14,130.3398
2039-01-15,129.37698
2039-01-16,128.41417
2039-01-17,130.03862
2039-01-18,131.66307
2039-01-19,133.28754
2039-01-20,134.91199
2039-01-21,136.53644
2039-01-22,138.16089
2039-01-23,139.78535
2039-01-24,141.4098
2039-01-25,143.03426
2039-01-26,144.6587
2039-01-27,146.28317
2039-01-28,147.90762
2039-01-29,149.53207
2039-01-30,151.15652
2039-01-31,152.78098
2039-02-01,154.40544
2039-02-02,156.02989
2039-02-03,157.65434
2039-02-04,159.2788
2039-02-05,160.90326
2039-02-06,162.52771
2039-02-07,164.15216
2039-02-08,165.77661
2039-02-09,167.40108
2039-02-10,169.02553
2039-02-11,170.64998
2039-02-12,172.27443
2039-02-13,173.8989
2039-02-14,175.52335
2039-02-15,177.1478
2039-02-16,179.00578
2039-02-17,180.86375
2039-02-18,182.72174
2039-02-19,184.57971
2039-02-20,186.4377
2039-02-21,188.29568
2039-02-22,190.15366
2039-02-23,192.01164
2039-02-24,193.86963
2039-02-25,195.7276
2039-02-26,197.58559
2039-02-27,199.44356
2039-02-28,201.30154
2039-03-01,203.15953
2039-03-02,205.0175
2039-03-03,206.87549
2039-03-04,208.73347
2039-03-05,210.59145
2039-03-06,212.44943
2039-03-07,214.3074
2039-03-08,216.16539
2039-03-09,218.02338
2039-03-10,219.88135
2039-03-11,221.73933
2039-03-12,223.59732
2039-03-13,225.45529
2039-03-14,227.31328
2039-03-15,229.17125
2039-03-16,231.02924
2039-03-17,232.21483
2039-03-18,233.4004
2039-03-19,234.586
2039-03-20,235.77159
2039-03-21,236.95717
2039-03-22,238.14276
2039-03-23,239.32835
2039-03-24,240.51393
2039-03-25,241.69952
2039-03-26,242.8851
2039-03-27,244.0707
2039-03-28,245.25629
2039-03-29,246.44186
2039-03-30,247.62746
2039-03-31,248.81305
2039-04-01,249.99863
2039-04-02,251.18422
2039-04-03,252.36981
2039-04-04,253.55539
2039-04-05,254.74098
2039-04-06,255.92657
2039-04-07,257.11215
2039-04-08,258.29773
2039-04-09,259.48334
2039-04-10,260.6689
2039-04-11,261.8545
2039-04-12,263.0401
2039-04-13,264.22568
2039-04-14,265.41125
2039-04-15,266.59686
2039-04-16,267.78244
2039-04-17,268.7459
2039-04-18,269.70938
2039-04-19,270.67288
2039-04-20,271.63635
2039-04-21,272.59982
2039-04-22,273.5633
2039-04-23,274.5268
2039-04-24,275.49026
2039-04-25,276.45374
2039-04-26,277.4172
2039-04-27,278.3807
2039-04-28,279.34418
2039-04-29,280.30765
2039-04-30,281.27112
2039-05-01,282.23462
2039-05-02,283.1981
2039-05-03,284.16156
2039-05-04,285.12503
2039-05-05,286.0885
2039-05-06,287.052
2039-05-07,288.01547
2039-05-08,288.97894
2039-05-09,289.9424
2039-05-10,290.9059
2039-05-11,291.8694
2039-05-12,292.83286
2039-05-13,293.79633
2039-05-14,294.75983
2039-05-15,295.7233
2039-05-16,296.68677
2039-05-17,297.4182
2039-05-18,298.14966
2039-05-19,298.88113
2039-05-20,299.61258
2039-05-21,300.34402
2039-05-22,301.07547
2039-05-23,301.80692
2039-05-24,302.5384
2039-05-25,303.26984
2039-05-26,304.00128
2039-05-27,304.73273
2039-05-28,305.46417
2039-05-29,306.19565
2039-05-30,306.9271
2039-05-31,307.65854
2039-06-01,308.38998
2039-06-02,309.12143
2039-06-03,309.85287
2039-06-04,310.58435
2039-06-05,311.3158
2039-06-06,312.04724
2039-06-07,312.7787
2039-06-08,313.51013
2039-06-09,314.2416
2039-06-10,314.97305
2039-06-11,315.7045
2039-06-12,316.43594
2039-06-13,317.1674
2039-06-14,317.89886
2039-06-15,318.6303
2039-06-16,319.36176
2039-06-17,318.99713
2039-06-18,318.6325
2039-06-19,318.26788
2039-06-20,317.9033
2039-06-21,317.53867
2039-06-22,317.17404
2039-06-23,316.80942
2039-06-24,316.4448
2039-06-25,316.08017
2039-06-26,315.71555
2039-06-27,315.35092
2039-06-28,314.98633
2039-06-29,314.6217
2039-06-30,314.25708
2039-07-01,313.89246
2039-07-02,313.52783
2039-07-03,313.1632
2039-07-04,312.79858
2039-07-05,312.434
2039-07-06,312.06937
2039-07-07,311.70474
2039-07-08,311.34012
2039-07-09,310.9755
2039-07-10,310.61087
2039-07-11,310.24625
2039-07-12,309.88162
2039-07-13,309.51703
2039-07-14,309.1524
2039-07-15,308.78778
2039-07-16,308.42316
2039-07-17,306.49857
2039-07-18,304.574
2039-07-19,302.6494
2039-07-20,300.72485
2039-07-21,298.80026
2039-07-22,296.8757
2039-07-23,294.9511
2039-07-24,293.02655
2039-07-25,291.10196
2039-07-26,289.1774
2039-07-27,287.2528
2039-07-28,285.32825
2039-07-29,283.40366
2039-07-30,281.4791
2039-07-31,279.5545
2039-08-01,277.6299
2039-08-02,275.70535
2039-08-03,273.78076
2039-08-04,271.8562
2039-08-05,269.9316
2039-08-06,268.00705
2039-08-07,266.08246
2039-08-08,264.1579
2039-08-09,262.2333
2039-08-10,260.30875
2039-08-11,258.38416
2039-08-12,256.4596
2039-08-13,254.535
2039-08-14,252.61043
2039-08-15,250.68585
2039-08-16,248.76128
2039-08-17,249.30315
2039-08-18,249.845
2039-08-19,250.38687
2039-08-20,250.92873
2039-08-21,251.4706
2039-08-22,252.01245
2039-08-23,252.55432
2039-08-24,253.09619
2039-08-25,253.63805
2039-08-26,254.17992
2039-08-27,254.72177
2039-08-28,255.26364
2039-08-29,255.80551
2039-08-30,256.34738
2039-08-31,256.88922
2039-09-01,257.4311
2039-09-02,257.97296
2039-09-03,258.51483
2039-09-04,259.0567
2039-09-05,259.59854
2039-09-06,260.1404
2039-09-07,260.68228
2039-09-08,261.22415
2039-09-09,261.766
2039-09-10,262.30786
2039-09-11,262.84973
2039-09-12,263.3916
2039-09-13,263.93347
2039-09-14,264.4753
2039-09-15,265.01718
2039-09-16,265.55905
2039-09-17,263.29126
2039-09-18,261.02347
2039-09-19,258.75565
2039-09-20,256.48785
2039-09-21,254.22006
2039-09-22,251.95226
2039-09-23,249.68446
2039-09-24,247.41666
2039-09-25,245.14886
2039-09-26,242.88106
2039-09-27,240.61327
2039-09-28,238.34546
2039-09-29,236.07767
2039-09-30,233.80986
2039-10-01,231.54207
2039-10-02,229.27428
2039-10-03,227.00647
2039-10-04,224.73868
2039-10-05,222.47087
2039-10-06,220.20308
2039-10-07,217.93527
2039-10-08,215.66748
2039-10-09,213.39967
2039-10-10,211.13188
2039-10-11,208.86407
2039-10-12,206.59628
2039-10-13,204.32848
2039-10-14,202.06068
2039-10-15,199.79288
2039-10-16,197.52509
2039-10-17,197.23482
2039-10-18,196.94456
2039-10-19,196.6543
2039-10-20,196.36404
2039-10-21,196.07378
2039-10-22,195.78352
2039-10-23,195.49326
2039-10-24,195.203
2039-10-25,194.91273
2039-10-26,194.62248
2039-10-27,194.33221
2039-10-28,194.04195
2039-10-29,193.7517
2039-10-30,193.46143
2039-10-31,193.17117
2039-11-01,192.8809
2039-11-02,192.59065
2039-11-03,192.30038
2039-11-04,192.01013
2039-11-05,191.71986
2039-11-06,191.4296
2039-11-07,191.13934
2039-11-08,190.84908
2039-11-09,190.55882
2039-11-10,190.26855
2039-11-11,189.9783
2039-11-12,189.68803
2039-11-13,189.39778
2039-11-14,189.10751
2039-11-15,188.81726
2039-11-16,188.527
2039-11-17,187.37508
2039-11-18,186.22318
2039-11-19,185.07126
2039-11-20,183.91936
2039-11-21,182.76744
2039-11-22,181.61552
2039-11-23,180.46362
2039-11-24,179.3117
2039-11-25,178.1598
2039-11-26,177.00789
2039-11-27,175.85597
2039-11-28,174.70407
2039-11-29,173.55215
2039-11-30,172.40025
2039-12-01,171.24834
2039-12-02,170.09642
2039-12-03,168.94452
2039-12-04,167.7926
2039-12-05,166.6407
2039-12-06,165.48878
2039-12-07,164.33687
2039-12-08,163.18497
2039-12-09,162.03305
2039-12-10,160.88115
2039-12-11,159.72923
2039-12-12,158.57732
2039-12-13,157.42542
2039-12-14,156.2735
2039-12-15,155.1216
2039-12-16,153.96968
2039-12-17,154.52415
2039-12-18,155.07861
2039-12-19,155.63309
2039-12-20,156.18755
2039-12-21,156.74202
2039-12-22,157.29648
2039-12-23,157.85095
2039-12-24,158.40541
2039-12-25,158.95988
2039-12-26,159.51434
2039-12-27,160.06882
2039-12-28,160.62329
2039-12-29,161.17775
2039-12-30,161.73222
2039-12-31,162.28668
2040-01-01,162.84116
2040-01-02,163.39561
2040-01-03,163.95009
2040-01-04,164.50455
2040-01-05,165.05902
2040-01-06,165.6135
2040-01-07,166.16795
2040-01-08,166.72243
2040-01-09,167.27689
2040-01-10,167.83136
2040-01-11,168.38582
2040-01-12,168.94029
2040-01-13,169.49475
2040-01-14,170.04922
2040-01-15,170.60368
2040-01-16,171.15816
2040-01-17,172.39563
2040-01-18,173.6331
2040-01-19,174.87057
2040-01-20,176.10806
2040-01-21,177.34554
2040-01-22,178.58301
2040-01-23,179.82048
2040-01-24,181.05795
2040-01-25,182.29544
2040-01-26,183.53291
2040-01-27,184.77039
2040-01-28,186.00786
2040-01-29,187.24533
2040-01-30,188.4828
2040-01-31,189.72028
2040-02-01,190.95776
2040-02-02,192.19524
2040-02-03,193.43271
2040-02-04,194.67018
2040-02-05,195.90765
2040-02-06,197.14514
2040-02-07,198.38261
2040-02-08,199.62009
2040-02-09,200.85756
2040-02-10,202.09503
2040-02-11,203.3325
2040-02-12,204.56998
2040-02-13,205.80746
2040-02-14,207.04494
2040-02-15,208.28241
2040-02-16,209.50131
2040-02-17,210.72023
2040-02-18,211.93915
2040-02-19,213.15805
2040-02-20,214.37695
2040-02-21,215.59587
2040-02-22,216.81479
2040-02-23,218.03369
2040-02-24,219.2526
2040-02-25,220.47151
2040-02-26,221.69043
2040-02-27,222.90933
2040-02-28,224.12823
2040-02-29,225.34715
2040-03-01,226.56607
2040-03-02,227.78497
2040-03-03,229.00388
2040-03-04,230.2228
2040-03-05,231.44171
2040-03-06,232.66061
2040-03-07,233.87952
2040-03-08,235.09843
2040-03-09,236.31735
2040-03-10,237.53625
2040-03-11,238.75516
2040-03-12,239.97408
2040-03-13,241.193
2040-03-14,242.4119
2040-03-15,243.6308
2040-03-16,244.84972
2040-03-17,245.60875
2040-03-18,246.36778
2040-03-19,247.12682
2040-03-20,247.88585
2040-03-21,248.64488
2040-03-22,249.40393
2040-03-23,250.16296
2040-03-24,250.922
2040-03-25,251.68103
2040-03-26,252.44006
2040-03-27,253.1991
2040-03-28,253.95813
2040-03-29,254.71716
2040-03-30,255.4762
2040-03-31,256.23523
2040-04-01,256.99426
2040-04-02,257.7533
2040-04-03,258.51233
2040-04-04,259.27136
2040-04-05,260.0304
2040-04-06,260.78946
2040-04-07,261.5485
2040-04-08,262.30753
2040-04-09,263.06656
2040-04-10,263.8256
2040-04-11,264.58463
2040-04-12,265.34366
2040-04-13,266.1027
2040-04-14,266.86172
2040-04-15,267.62076
2040-04-16,268.3798
2040-04-17,269.27295
2040-04-18,270.1661
2040-04-19,271.05927
2040-04-20,271.95242
2040-04-21,272.84558
2040-04-22,273.73874
2040-04-23,274.6319
2040-04-24,275.52505
2040-04-25,276.4182
2040-04-26,277.31137
2040-04-27,278.20453
2040-04-28,279.0977
2040-04-29,279.99084
2040-04-30,280.884
2040-05-01,281.77716
2040-05-02,282.67032
2040-05-03,283.56348
2040-05-04,284.45663
2040-05-05,285.3498
2040-05-06,286.24295
2040-05-07,287.1361
2040-05-08,288.02927
2040-05-09,288.92242
2040-05-10,289.81558
2040-05-11,290.70874
2040-05-12,291.6019
2040-05-13,292.49506
2040-05-14,293.3882
2040-05-15,294.28137
2040-05-16,295.17453
2040-05-17,295.34283
2040-05-18,295.51117
2040-05-19,295.67947
2040-05-20,295.84778
2040-05-21,296.01608
2040-05-22,296.18442
2040-05-23,296.35272
2040-05-24,296.52103
2040-05-25,296.68933
2040-05-26,296.85767
2040-05-27,297.02597
2040-05-28,297.19427
2040-05-29,297.36258
2040-05-30,297.5309
2040-05-31,297.69922
2040-06-01,297.86752
2040-06-02,298.03583
2040-06-03,298.20416
2040-06-04,298.37247
2040-06-05,298.54077
2040-06-06,298.70908
2040-06-07,298.8774
2040-06-08,299.04572
2040-06-09,299.21402
2040-06-10,299.38232
2040-06-11,299.55066
2040-06-12,299.71896
2040-06-13,299.88727
2040-06-14,300.05557
2040-06-15,300.2239
2040-06-16,300.3922
2040-06-17,300.06998
2040-06-18,299.74774
2040-06-19,299.4255
2040-06-20,299.10327
2040-06-21,298.781
2040-06-22,298.45877
2040-06-23,298.13654
2040-06-24,297.8143
2040-06-25,297.49207
2040-06-26,297.16983
2040-06-27,296.8476
2040-06-28,296.52536
2040-06-29,296.20312
2040-06-30,295.8809
2040-07-01,295.55865
2040-07-02,295.2364
2040-07-03,294.91415
2040-07-04,294.59192
2040-07-05,294.26968
2040-07-06,293.94745
2040-07-07,293.6252
2040-07-08,293.30298
2040-07-09,292.98074
2040-07-10,292.6585
2040-07-11,292.33624
2040-07-12,292.014
2040-07-13,291.69177
2040-07-14,291.36954
2040-07-15,291.0473
2040-07-16,290.72507
2040-07-17,290.40128
2040-07-18,290.0775
2040-07-19,289.75372
2040-07-20,289.42996
2040-07-21,289.10617
2040-07-22,288.7824
2040-07-23,288.45862
2040-07-24,288.13483
2040-07-25,287.81107
2040-07-26,287.48727
2040-07-27,287.1635
2040-07-28,286.83972
2040-07-29,286.51593
2040-07-30,286.19217
2040-07-31,285.86838
2040-08-01,285.54462
2040-08-02,285.22083
2040-08-03,284.89706
2040-08-04,284.57327
2040-08-05,284.24948
2040-08-06,283.92572
2040-08-07,283.60193
2040-08-08,283.27817
2040-08-09,282.95438
2040-08-10,282.63058
2040-08-11,282.30682
2040-08-12,281.98303
2040-08-13,281.65927
2040-08-14,281.33548
2040-08-15,281.01172
2040-08-16,280.68793
2040-08-17,280.248
2040-08-18,279.80804
2040-08-19,279.3681
2040-08-20,278.92816
2040-08-21,278.48822
2040-08-22,278.04825
2040-08-23,277.6083
2040-08-24,277.16837
2040-08-25,276.72842
2040-08-26,276.28848
2040-08-27,275.84854
2040-08-28,275.4086
2040-08-29,274.96866
2040-08-30,274.52872
2040-08-31,274.08878
2040-09-01,273.6488
2040-09-02,273.20886
2040-09-03,272.76892
2040-09-04,272.32898
2040-09-05,271.88904
2040-09-06,271.4491
2040-09-07,271.00916
2040-09-08,270.5692
2040-09-09,270.12927
2040-09-10,269.68933
2040-09-11,269.24936
2040-09-12,268.80942
2040-09-13,268.36948
2040-09-14,267.92953
2040-09-15,267.4896
2040-09-16,267.04965
2040-09-17,265.32523
2040-09-18,263.6008
2040-09-19,261.8764
2040-09-20,260.15198
2040-09-21,258.42755
2040-09-22,256.70312
2040-09-23,254.97871
2040-09-24,253.25429
2040-09-25,251.52988
2040-09-26,249.80545
2040-09-27,248.08102
2040-09-28,246.35661
2040-09-29,244.63219
2040-09-30,242.90778
2040-10-01,241.18335
2040-10-02,239.45892
2040-10-03,237.73451
2040-10-04,236.01009
2040-10-05,234.28568
2040-10-06,232.56125
2040-10-07,230.83682
2040-10-08,229.11241
2040-10-09,227.38799
2040-10-10,225.66357
2040-10-11,223.93915
2040-10-12,222.21472
2040-10-13,220.49031
2040-10-14,218.76588
2040-10-15,217.04147
2040-10-16,215.31705
2040-10-17,214.30531
2040-10-18,213.29358
2040-10-19,212.28185
2040-10-20,211.27013
2040-10-21,210.25839
2040-10-22,209.24666
2040-10-23,208.23492
2040-10-24,207.22319
2040-10-25,206.21146
2040-10-26,205.19974
2040-10-27,204.188
2040-10-28,203.17627
2040-10-29,202.16454
2040-10-30,201.1528
2040-10-31,200.14107
2040-11-01,199.12935
2040-11-02,198.11761
2040-11-03,197.10588
2040-11-04,196.09415
2040-11-05,195.08241
2040-11-06,194.07068
2040-11-07,193.05896
2040-11-08,192.04723
2040-11-09,191.03549
2040-11-10,190.02376
2040-11-11,189.01202
2040-11-12,188.00029
2040-11-13,186.98857
2040-11-14,185.97684
2040-11-15,184.9651
2040-11-16,183.95337
2040-11-17,183.47221
2040-11-18,182.99104
2040-11-19,182.50989
2040-11-20,182.02872
2040-11-21,181.54756
2040-11-22,181.06639
2040-11-23,180.58524
2040-11-24,180.10408
2040-11-25,179.62291
2040-11-26,179.14175
2040-11-27,178.66058
2040-11-28,178.17943
2040-11-29,177.69826
2040-11-30,177.2171
2040-12-01,176.73593
2040-12-02,176.25478
2040-12-03,175.77362
2040-12-04,175.29245
2040-12-05,174.8113
2040-12-06,174.33012
2040-12-07,173.84897
2040-12-08,173.3678
2040-12-09,172.88664
2040-12-10,172.40549
2040-12-11,171.92432
2040-12-12,171.44316
2040-12-13,170.96199
2040-12-14,170.48083
2040-12-15,169.99966
2040-12-16,169.51851
2040-12-17,169.18279
2040-12-18,168.84706
2040-12-19,168.51134
2040-12-20,168.17561
2040-12-21,167.83989
2040-12-22,167.50418
2040-12-23,167.16846
2040-12-24,166.83273
2040-12-25,166.49701
2040-12-26,166.16129
2040-12-27,165.82556
2040-12-28,165.48984
2040-12-29,165.15411
2040-12-30,164.81839
2040-12-31,164.48267
2041-01-01,164.14696
2041-01-02,163.81123
2041-01-03,163.47551
2041-01-04,163.13979
2041-01-05,162.80406
2041-01-06,162.46834
2041-01-07,162.13261
2041-01-08,161.79689
2041-01-09,161.46117
2041-01-10,161.12544
2041-01-11,160.78973
2041-01-12,160.45401
2041-01-13,160.11829
2041-01-14,159.78256
2041-01-15,159.44684
2041-01-16,159.11111
2041-01-17,160.2942
2041-01-18,161.47731
2041-01-19,162.6604
2041-01-20,163.8435
2041-01-21,165.0266
2041-01-22,166.20969
2041-01-23,167.39279
2041-01-24,168.57588
2041-01-25,169.75899
2041-01-26,170.94208
2041-01-27,172.12517
2041-01-28,173.30827
2041-01-29,174.49136
2041-01-30,175.67447
2041-01-31,176.85756
2041-02-01,178.04065
2041-02-02,179.22375
2041-02-03,180.40685
2041-02-04,181.58995
2041-02-05,182.77304
2041-02-06,183.95613
2041-02-07,185.13924
2041-02-08,186.32233
2041-02-09,187.50543
2041-02-10,188.68852
2041-02-11,189.87161
2041-02-12,191.05472
2041-02-13,192.23781
2041-02-14,193.42091
2041-02-15,194.604
2041-02-16,196.78964
2041-02-17,198.97528
2041-02-18,201.1609
2041-02-19,203.34654
2041-02-20,205.53218
2041-02-21,207.71782
2041-02-22,209.90346
2041-02-23,212.08908
2041-02-24,214.27472
2041-02-25,216.46036
2041-02-26,218.646
2041-02-27,220.83163
2041-02-28,223.01726
2041-03-01,225.2029
2041-03-02,227.38853
2041-03-03,229.57417
2041-03-04,231.7598
2041-03-05,233.94543
2041-03-06,236.13107
2041-03-07,238.31671
2041-03-08,240.50235
2041-03-09,242.68797
2041-03-10,244.87361
2041-03-11,247.05925
2041-03-12,249.24489
2041-03-13,251.43053
2041-03-14,253.61615
2041-03-15,255.80179
2041-03-16,257.98743
2041-03-17,259.23944
2041-03-18,260.49146
2041-03-19,261.74347
2041-03-20,262.9955
2041-03-21,264.24753
2041-03-22,265.49954
2041-03-23,266.75156
2041-03-24,268.00357
2041-03-25,269.25558
2041-03-26,270.50763
2041-03-27,271.75964
2041-03-28,273.01166
2041-03-29,274.26367
2041-03-30,275.5157
2041-03-31,276.7677
2041-04-01,278.01974
2041-04-02,279.27176
2041-04-03,280.52377
2041-04-04,281.7758
2041-04-05,283.0278
2041-04-06,284.27982
2041-04-07,285.53186
2041-04-08,286.78387
2041-04-09,288.0359
2041-04-10,289.2879
2041-04-11,290.53992
2041-04-12,291.79193
2041-04-13,293.04398
2041-04-14,294.296
2041-04-15,295.548
2041-04-16,296.80002
2041-04-17,297.28845
2041-04-18,297.7769
2041-04-19,298.26532
2041-04-20,298.75375
2041-04-21,299.2422
2041-04-22,299.7306
2041-04-23,300.21902
2041-04-24,300.70746
2041-04-25,301.1959
2041-04-26,301.68433
2041-04-27,302.17276
2041-04-28,302.6612
2041-04-29,303.14963
2041-04-30,303.63806
2041-05-01,304.12646
2041-05-02,304.6149
2041-05-03,305.10333
2041-05-04,305.59177
2041-05-05,306.0802
2041-05-06,306.56863
2041-05-07,307.05707
2041-05-08,307.5455
2041-05-09,308.03394
2041-05-10,308.52237
2041-05-11,309.0108
2041-05-12,309.4992
2041-05-13,309.98764
2041-05-14,310.47607
2041-05-15,310.9645
2041-05-16,311.45294
2041-05-17,311.2859
2041-05-18,311.11884
2041-05-19,310.95178
2041-05-20,310.78473
2041-05-21,310.61768
2041-05-22,310.45062
2041-05-23,310.28357
2041-05-24,310.11652
2041-05-25,309.94946
2041-05-26,309.7824
2041-05-27,309.61536
2041-05-28,309.4483
2041-05-29,309.28125
2041-05-30,309.1142
2041-05-31,308.94714
2041-06-01,308.7801
2041-06-02,308.61304
2041-06-03,308.44598
2041-06-04,308.27893
2041-06-05,308.11188
2041-06-06,307.94482
2041-06-07,307.77777
2041-06-08,307.61072
2041-06-09,307.44366
2041-06-10,307.2766
2041-06-11,307.10956
2041-06-12,306.9425
2041-06-13,306.77545
2041-06-14,306.6084
2041-06-15,306.44135
2041-06-16,306.2743
2041-06-17,306.21982
2041-06-18,306.16534
2041-06-19,306.11087
2041-06-20,306.05643
2041-06-21,306.00195
2041-06-22,305.94748
2041-06-23,305.893
2041-06-24,305.83853
2041-06-25,305.78406
2041-06-26,305.72958
2041-06-27,305.6751
2041-06-28,305.62067
2041-06-29,305.5662
2041-06-30,305.51172
2041-07-01,305.45724
2041-07-02,305.40277
2041-07-03,305.3483
2041-07-04,305.29382
2041-07-05,305.23938
2041-07-06,305.1849
2041-07-07,305.13043
2041-07-08,305.07596
2041-07-09,305.02148
2041-07-10,304.967
2041-07-11,304.91254
2041-07-12,304.85806
2041-07-13,304.80362
2041-07-14,304.74915
2041-07-15,304.69467
2041-07-16,304.6402
2041-07-17,304.51343
2041-07-18,304.38666
2041-07-19,304.2599
2041-07-20,304.13312
2041-07-21,304.00635
2041-07-22,303.87958
2041-07-23,303.7528
2041-07-24,303.62604
2041-07-25,303.49927
2041-07-26,303.3725
2041-07-27,303.24573
2041-07-28,303.11896
2041-07-29,302.9922
2041-07-30,302.86542
2041-07-31,302.73865
2041-08-01,302.61188
2041-08-02,302.4851
2041-08-03,302.35834
2041-08-04,302.23157
2041-08-05,302.1048
2041-08-06,301.97803
2041-08-07,301.85126
2041-08-08,301.7245
2041-08-09,301.59772
2041-08-10,301.47095
2041-08-11,301.34418
2041-08-12,301.2174
2041-08-13,301.09064
2041-08-14,300.96387
2041-08-15,300.8371
2041-08-16,300.71033
2041-08-17,299.6939
2041-08-18,298.6775
2041-08-19,297.66107
2041-08-20,296.64465
2041-08-21,295.62823
2041-08-22,294.61182
2041-08-23,293.5954
2041-08-24,292.57898
2041-08-25,291.56256
2041-08-26,290.54614
2041-08-27,289.52972
2041-08-28,288.5133
2041-08-29,287.4969
2041-08-30,286.48047
2041-08-31,285.46405
2041-09-01,284.44763
2041-09-02,283.4312
2041-09-03,282.4148
2041-09-04,281.39838
2041-09-05,280.38196
2041-09-06,279.36554
2041-09-07,278.34912
2041-09-08,277.3327
2041-09-09,276.31628
2041-09-10,275.29987
2041-09-11,274.28345
2041-09-12,273.26703
2041-09-13,272.2506
2041-09-14,271.2342
2041-09-15,270.21777
2041-09-16,269.20135
2041-09-17,267.68686
2041-09-18,266.1724
2041-09-19,264.6579
2041-09-20,263.1434
2041-09-21,261.6289
2041-09-22,260.11444
2041-09-23,258.59995
2041-09-24,257.08545
2041-09-25,255.57097
2041-09-26,254.05647
2041-09-27,252.54199
2041-09-28,251.0275
2041-09-29,249.51302
2041-09-30,247.99852
2041-10-01,246.48404
2041-10-02,244.96956
2041-10-03,243.45506
2041-10-04,241.94058
2041-10-05,240.42609
2041-10-06,238.9116
2041-10-07,237.39711
2041-10-08,235.88263
2041-10-09,234.36813
2041-10-10,232.85365
2041-10-11,231.33916
2041-10-12,229.82468
2041-10-13,228.31018
2041-10-14,226.7957
2041-10-15,225.2812
2041-10-16,223.76672
2041-10-17,222.8947
2041-10-18,222.02267
2041-10-19,221.15065
2041-10-20,220.27863
2041-10-21,219.4066
2041-10-22,218.53458
2041-10-23,217.66255
2041-10-24,216.79053
2041-10-25,215.9185
2041-10-26,215.04648
2041-10-27,214.17445
2041-10-28,213.30243
2041-10-29,212.4304
2041-10-30,211.55838
2041-10-31,210.68636
2041-11-01,209.81435
2041-11-02,208.94232
2041-11-03,208.0703
2041-11-04,207.19827
2041-11-05,206.32625
2041-11-06,205.45422
2041-11-07,204.5822
2041-11-08,203.71017
2041-11-09,202.83815
2041-11-10,201.96613
2041-11-11,201.0941
2041-11-12,200.22208
2041-11-13,199.35005
2041-11-14,198.47803
2041-11-15,197.606
2041-11-16,196.73398
2041-11-17,195.78555
2041-11-18,194.83711
2041-11-19,193.88869
2041-11-20,192.94026
2041-11-21,191.99182
2041-11-22,191.0434
2041-11-23,190.09497
2041-11-24,189.14655
2041-11-25,188.1981
2041-11-26,187.24968
2041-11-27,186.30125
2041-11-28,185.35281
2041-11-29,184.40439
2041-11-30,183.45596
2041-12-01,182.50754
2041-12-02,181.5591
2041-12-03,180.61067
2041-12-04,179.66225
2041-12-05,178.7138
2041-12-06,177.76538
2041-12-07,176.81696
2041-12-08,175.86852
2041-12-09,174.92009
2041-12-10,173.97166
2041-12-11,173.02322
2041-12-12,172.0748
2041-12-13,171.12637
2041-12-14,170.17795
2041-12-15,169.2295
2041-12-16,168.28108
2041-12-17,168.51892
2041-12-18,168.75674
2041-12-19,168.99458
2041-12-20,169.2324
2041-12-21,169.47025
2041-12-22,169.70807
2041-12-23,169.9459
2041-12-24,170.18373
2041-12-25,170.42157
2041-12-26,170.6594
2041-12-27,170.89723
2041-12-28,171.13506
2041-12-29,171.3729
2041-12-30,171.61072
2041-12-31,171.84856
2042-01-01,172.08638
2042-01-02,172.32422
2042-01-03,172.56204
2042-01-04,172.79988
2042-01-05,173.0377
2042-01-06,173.27554
2042-01-07,173.51337
2042-01-08,173.7512
2042-01-09,173.98903
2042-01-10,174.22687
2042-01-11,174.46469
2042-01-12,174.70253
2042-01-13,174.94035
2042-01-14,175.17819
2042-01-15,175.41602
2042-01-16,175.65385
2042-01-17,176.98557
2042-01-18,178.31728
2042-01-19,179.64899
2042-01-20,180.9807
2042-01-21,182.31241
2042-01-22,183.6441
2042-01-23,184.97581
2042-01-24,186.30753
2042-01-25,187.63924
2042-01-26,188.97095
2042-01-27,190.30266
2042-01-28,191.63437
2042-01-29,192.96608
2042-01-30,194.29779
2042-01-31,195.62949
2042-02-01,196.9612
2042-02-02,198.29291
2042-02-03,199.62462
2042-02-04,200.95633
2042-02-05,202.28804
2042-02-06,203.61975
2042-02-07,204.95146
2042-02-08,206.28317
2042-02-09,207.61488
2042-02-10,208.9466
2042-02-11,210.27829
2042-02-12,211.61
2042-02-13,212.94171
2042-02-14,214.27342
2042-02-15,215.60513
2042-02-16,216.38136
2042-02-17,217.15761
2042-02-18,217.93384
2042-02-19,218.71007
2042-02-20,219.48631
2042-02-21,220.26254
2042-02-22,221.03877
2042-02-23,221.815
2042-02-24,222.59125
2042-02-25,223.36748
2042-02-26,224.1437
2042-02-27,224.91995
2042-02-28,225.69618
2042-03-01,226.47241
2042-03-02,227.24866
2042-03-03,228.02489
2042-03-04,228.80112
2042-03-05,229.57736
2042-03-06,230.35359
2042-03-07,231.12982
2042-03-08,231.90607
2042-03-09,232.6823
2042-03-10,233.45853
2042-03-11,234.23476
2042-03-12,235.011
2042-03-13,235.78723
2042-03-14,236.56346
2042-03-15,237.3397
2042-03-16,238.11594
2042-03-17,238.57687
2042-03-18,239.0378
2042-03-19,239.49873
2042-03-20,239.95966
2042-03-21,240.4206
2042-03-22,240.88152
2042-03-23,241.34245
2042-03-24,241.80339
2042-03-25,242.26431
2042-03-26,242.72525
2042-03-27,243.18617
2042-03-28,243.64711
2042-03-29,244.10805
2042-03-30,244.56897
2042-03-31,245.0299
2042-04-01,245.49083
2042-04-02,245.95177
2042-04-03,246.41269
2042-04-04,246.87363
2042-04-05,247.33456
2042-04-06,247.79549
2042-04-07,248.25642
2042-04-08,248.71735
2042-04-09,249.17828
2042-04-10,249.63922
2042-04-11,250.10014
2042-04-12,250.56108
2042-04-13,251.022
2042-04-14,251.48294
2042-04-15,251.94386
2042-04-16,252.4048
2042-04-17,253.74797
2042-04-18,255.09116
2042-04-19,256.43433
2042-04-20,257.7775
2042-04-21,259.1207
2042-04-22,260.46387
2042-04-23,261.80704
2042-04-24,263.1502
2042-04-25,264.49338
2042-04-26,265.83658
2042-04-27,267.17975
2042-04-28,268.52292
2042-04-29,269.8661
2042-04-30,271.2093
2042-05-01,272.55246
2042-05-02,273.89563
2042-05-03,275.2388
2042-05-04,276.58197
2042-05-05,277.92517
2042-05-06,279.26834
2042-05-07,280.6115
2042-05-08,281.95468
2042-05-09,283.29785
2042-05-10,284.64105
2042-05-11,285.98422
2042-05-12,287.3274
2042-05-13,288.67056
2042-05-14,290.01376
2042-05-15,291.35693
2042-05-16,292.7001
2042-05-17,293.20956
2042-05-18,293.71902
2042-05-19,294.22845
2042-05-20,294.7379
2042-05-21,295.24738
2042-05-22,295.75684
2042-05-23,296.2663
2042-05-24,296.77573
2042-05-25,297.2852
2042-05-26,297.79465
2042-05-27,298.3041
2042-05-28,298.81357
2042-05-29,299.323
2042-05-30,299.83246
2042-05-31,300.34192
2042-06-01,300.85138
2042-06-02,301.36084
2042-06-03,301.8703
2042-06-04,302.37973
2042-06-05,302.8892
2042-06-06,303.39865
2042-06-07,303.9081
2042-06-08,304.41757
2042-06-09,304.927
2042-06-10,305.43646
2042-06-11,305.94592
2042-06-12,306.45538
2042-06-13,306.96484
2042-06-14,307.47427
2042-06-15,307.98373
2042-06-16,308.4932
2042-06-17,307.6928
2042-06-18,306.89243
2042-06-19,306.09204
2042-06-20,305.29166
2042-06-21,304.49127
2042-06-22,303.6909
2042-06-23,302.8905
2042-06-24,302.09012
2042-06-25,301.28973
2042-06-26,300.48935
2042-06-27,299.68896
2042-06-28,298.88858
2042-06-29,298.0882
2042-06-30,297.2878
2042-07-01,296.48743
2042-07-02,295.687
2042-07-03,294.88663
2042-07-04,294.08624
2042-07-05,293.28586
2042-07-06,292.48547
2042-07-07,291.6851
2042-07-08,290.8847
2042-07-09,290.08432
2042-07-10,289.28394
2042-07-11,288.48355
2042-07-12,287.68317
2042-07-13,286.88278
2042-07-14,286.0824
2042-07-15,285.282
2042-07-16,284.48163
2042-07-17,284.74274
2042-07-18,285.00385
2042-07-19,285.26495
2042-07-20,285.52606
2042-07-21,285.78717
2042-07-22,286.04828
2042-07-23,286.3094
2042-07-24,286.5705
2042-07-25,286.8316
2042-07-26,287.0927
2042-07-27,287.35382
2042-07-28,287.61493
2042-07-29,287.87604
2042-07-30,288.13715
2042-07-31,288.39825
2042-08-01,288.65933
2042-08-02,288.92044
2042-08-03,289.18155
2042-08-04,289.44266
2042-08-05,289.70377
2042-08-06,289.96487
2042-08-07,290.22598
2042-08-08,290.4871
2042-08-09,290.7482
2042-08-10,291.0093
2042-08-11,291.27042
2042-08-12,291.53152
2042-08-13,291.79263
2042-08-14,292.05374
2042-08-15,292.31485
2042-08-16,292.57596
2042-08-17,291.93237
2042-08-18,291.2888
2042-08-19,290.6452
2042-08-20,290.00162
2042-08-21,289.35803
2042-08-22,288.71445
2042-08-23,288.07086
2042-08-24,287.4273
2042-08-25,286.78372
2042-08-26,286.14014
2042-08-27,285.49655
2042-08-28,284.85297
2042-08-29,284.20938
2042-08-30,283.5658
2042-08-31,282.9222
2042-09-01,282.27863
2042-09-02,281.63504
2042-09-03,280.99146
2042-09-04,280.34787
2042-09-05,279.70428
2042-09-06,279.0607
2042-09-07,278.4171
2042-09-08,277.77353
2042-09-09,277.12997
2042-09-10,276.4864
2042-09-11,275.8428
2042-09-12,275.19922
2042-09-13,274.55563
2042-09-14,273.91205
2042-09-15,273.26846
2042-09-16,272.62488
2042-09-17,271.38657
2042-09-18,270.14825
2042-09-19,268.90997
2042-09-20,267.67166
2042-09-21,266.43335
2042-09-22,265.19504
2042-09-23,263.95676
2042-09-24,262.71844
2042-09-25,261.48013
2042-09-26,260.24182
2042-09-27,259.0035
2042-09-28,257.76523
2042-09-29,256.52692
2042-09-30,255.2886
2042-10-01,254.0503
2042-10-02,252.812
2042-10-03,251.57368
2042-10-04,250.33539
2042-10-05,249.09708
2042-10-06,247.85878
2042-10-07,246.62047
2042-10-08,245.38217
2042-10-09,244.14386
2042-10-10,242.90555
2042-10-11,241.66725
2042-10-12,240.42894
2042-10-13,239.19064
2042-10-14,237.95233
2042-10-15,236.71404
2042-10-16,235.47572
2042-10-17,233.9752
2042-10-18,232.47469
2042-10-19,230.97415
2042-10-20,229.47363
2042-10-21,227.97311
2042-10-22,226.4726
2042-10-23,224.97206
2042-10-24,223.47154
2042-10-25,221.97102
2042-10-26,220.4705
2042-10-27,218.96999
2042-10-28,217.46945
2042-10-29,215.96893
2042-10-30,214.46841
2042-10-31,212.9679
2042-11-01,211.46736
2042-11-02,209.96684
2042-11-03,208.46632
2042-11-04,206.9658
2042-11-05,205.46527
2042-11-06,203.96475
2042-11-07,202.46423
2042-11-08,200.96371
2042-11-09,199.4632
2042-11-10,197.96266
2042-11-11,196.46214
2042-11-12,194.96162
2042-11-13,193.4611
2042-11-14,191.96057
2042-11-15,190.46005
2042-11-16,188.95953
2042-11-17,187.99611
2042-11-18,187.03268
2042-11-19,186.06924
2042-11-20,185.10582
2042-11-21,184.1424
2042-11-22,183.17897
2042-11-23,182.21555
2042-11-24,181.2521
2042-11-25,180.28868
2042-11-26,179.32526
2042-11-27,178.36183
2042-11-28,177.3984
2042-11-29,176.43497
2042-11-30,175.47154
2042-12-01,174.50812
2042-12-02,173.5447
2042-12-03,172.58127
2042-12-04,171.61783
2042-12-05,170.6544
2042-12-06,169.69098
2042-12-07,168.72755
2042-12-08,167.76413
2042-12-09,166.80069
2042-12-10,165.83727
2042-12-11,164.87384
2042-12-12,163.91042
2042-12-13,162.94699
2042-12-14,161.98355
2042-12-15,161.02013
2042-12-16,160.0567
2042-12-17,160.42007
2042-12-18,160.78345
2042-12-19,161.1468
2042-12-20,161.51018
2042-12-21,161.87355
2042-12-22,162.23692
2042-12-23,162.60028
2042-12-24,162.96365
2042-12-25,163.32703
2042-12-26,163.6904
2042-12-27,164.05377
2042-12-28,164.41713
2042-12-29,164.7805
2042-12-30,165.14388
2042-12-31,165.50725
2043-01-01,165.8706
2043-01-02,166.23398
2043-01-03,166.59735
2043-01-04,166.96072
2043-01-05,167.32408
2043-01-06,167.68745
2043-01-07,168.05083
2043-01-08,168.4142
2043-01-09,168.77757
2043-01-10,169.14093
2043-01-11,169.5043
2043-01-12,169.86768
2043-01-13,170.23105
2043-01-14,170.5944
2043-01-15,170.95778
2043-01-16,171.32115
2043-01-17,172.9103
2043-01-18,174.49944
2043-01-19,176.08858
2043-01-20,177.67772
2043-01-21,179.26686
2043-01-22,180.856
2043-01-23,182.44514
2043-01-24,184.03429
2043-01-25,185.62343
2043-01-26,187.21257
2043-01-27,188.80171
2043-01-28,190.39085
2043-01-29,191.98
2043-01-30,193.56914
2043-01-31,195.1583
2043-02-01,196.74744
2043-02-02,198.33658
2043-02-03,199.92572
2043-02-04,201.51486
2043-02-05,203.104
2043-02-06,204.69315
2043-02-07,206.28229
2043-02-08,207.87143
2043-02-09,209.46057
2043-02-10,211.04971
2043-02-11,212.63885
2043-02-12,214.228
2043-02-13,215.81714
2043-02-14,217.40628
2043-02-15,218.99542
2043-02-16,220.25247
2043-02-17,221.50952
2043-02-18,222.76657
2043-02-19,224.02362
2043-02-20,225.28067
2043-02-21,226.53772
2043-02-22,227.79477
2043-02-23,229.0518
2043-02-24,230.30885
2043-02-25,231.5659
2043-02-26,232.82295
2043-02-27,234.08
2043-02-28,235.33705
2043-03-01,236.5941
2043-03-02,237.85115
2043-03-03,239.1082
2043-03-04,240.36525
2043-03-05,241.6223
2043-03-06,242.87935
2043-03-07,244.1364
2043-03-08,245.39345
2043-03-09,246.65048
2043-03-10,247.90753
2043-03-11,249.16458
2043-03-12,250.42163
2043-03-13,251.67868
2043-03-14,252.93573
2043-03-15,254.19278
2043-03-16,255.44983
2043-03-17,256.85638
2043-03-18,258.26294
2043-03-19,259.66953
2043-03-20,261.07608
2043-03-21,262.48264
2043-03-22,263.8892
2043-03-23,265.29575
2043-03-24,266.70233
2043-03-25,268.1089
2043-03-26,269.51544
2043-03-27,270.922
2043-03-28,272.32855
2043-03-29,273.73514
2043-03-30,275.1417
2043-03-31,276.54825
2043-04-01,277.9548
2043-04-02,279.36136
2043-04-03,280.7679
2043-04-04,282.1745
2043-04-05,283.58105
2043-04-06,284.9876
2043-04-07,286.39417
2043-04-08,287.80072
2043-04-09,289.2073
2043-04-10,290.61386
2043-04-11,292.02042
2043-04-12,293.42697
2043-04-13,294.83353
2043-04-14,296.2401
2043-04-15,297.64667
2043-04-16,299.05322
2043-04-17,298.63528
2043-04-18,298.21732
2043-04-19,297.79938
2043-04-20,297.38144
2043-04-21,296.96347
2043-04-22,296.54553
2043-04-23,296.12756
2043-04-24,295.70963
2043-04-25,295.2917
2043-04-26,294.87372
2043-04-27,294.45578
2043-04-28,294.03784
2043-04-29,293.61987
2043-04-30,293.20193
2043-05-01,292.784
2043-05-02,292.36603
2043-05-03,291.9481
2043-05-04,291.53012
2043-05-05,291.11218
2043-05-06,290.69424
2043-05-07,290.27628
2043-05-08,289.85834
2043-05-09,289.4404
2043-05-10,289.02243
2043-05-11,288.6045
2043-05-12,288.18652
2043-05-13,287.7686
2043-05-14,287.35065
2043-05-15,286.93268
2043-05-16,286.51474
2043-05-17,287.02594
2043-05-18,287.5371
2043-05-19,288.0483
2043-05-20,288.55948
2043-05-21,289.07068
2043-05-22,289.58185
2043-05-23,290.09305
2043-05-24,290.60422
2043-05-25,291.11542
2043-05-26,291.6266
2043-05-27,292.1378
2043-05-28,292.649
2043-05-29,293.16016
2043-05-30,293.67136
2043-05-31,294.18253
2043-06-01,294.69373
2043-06-02,295.2049
2043-06-03,295.7161
2043-06-04,296.22726
2043-06-05,296.73846
2043-06-06,297.24966
2043-06-07,297.76083
2043-06-08,298.27203
2043-06-09,298.7832
2043-06-10,299.2944
2043-06-11,299.80557
2043-06-12,300.31677
2043-06-13,300.82794
2043-06-14,301.33914
2043-06-15,301.8503
2043-06-16,302.3615
2043-06-17,301.9747
2043-06-18,301.5879
2043-06-19,301.20108
2043-06-20,300.81427
2043-06-21,300.42743
2043-06-22,300.04062
2043-06-23,299.6538
2043-06-24,299.267
2043-06-25,298.8802
2043-06-26,298.49338
2043-06-27,298.10657
2043-06-28,297.71976
2043-06-29,297.33295
2043-06-30,296.94614
2043-07-01,296.55933
2043-07-02,296.1725
2043-07-03,295.78568
2043-07-04,295.39886
2043-07-05,295.01205
2043-07-06,294.62524
2043-07-07,294.23843
2043-07-08,293.85162
2043-07-09,293.4648
2043-07-10,293.078
2043-07-11,292.69116
2043-07-12,292.30435
2043-07-13,291.91754
2043-07-14,291.53073
2043-07-15,291.14392
2043-07-16,290.7571
2043-07-17,289.67313
2043-07-18,288.58914
2043-07-19,287.50516
2043-07-20,286.42117
2043-07-21,285.3372
2043-07-22,284.2532
2043-07-23,283.16922
2043-07-24,282.08527
2043-07-25,281.00128
2043-07-26,279.9173
2043-07-27,278.8333
2043-07-28,277.74933
2043-07-29,276.66534
2043-07-30,275.58136
2043-07-31,274.49738
2043-08-01,273.4134
2043-08-02,272.3294
2043-08-03,271.24542
2043-08-04,270.16144
2043-08-05,269.07745
2043-08-06,267.99347
2043-08-07,266.9095
2043-08-08,265.8255
2043-08-09,264.74155
2043-08-10,263.65756
2043-08-11,262.57358
2043-08-12,261.4896
2043-08-13,260.4056
2043-08-14,259.32162
2043-08-15,258.23764
2043-08-16,257.15366
2043-08-17,257.65668
2043-08-18,258.15967
2043-08-19,258.6627
2043-08-20,259.1657
2043-08-21,259.66873
2043-08-22,260.17172
2043-08-23,260.67474
2043-08-24,261.17776
2043-08-25,261.68076
2043-08-26,262.18378
2043-08-27,262.6868
2043-08-28,263.18982
2043-08-29,263.6928
2043-08-30,264.19583
2043-08-31,264.69885
2043-09-01,265.20184
2043-09-02,265.70486
2043-09-03,266.2079
2043-09-04,266.71088
2043-09-05,267.2139
2043-09-06,267.71692
2043-09-07,268.21994
2043-09-08,268.72293
2043-09-09,269.22595
2043-09-10,269.72897
2043-09-11,270.23196
2043-09-12,270.735
2043-09-13,271.238
2043-09-14,271.74103
2043-09-15,272.24402
2043-09-16,272.74704
2043-09-17,271.40878
2043-09-18,270.07053
2043-09-19,268.7323
2043-09-20,267.39404
2043-09-21,266.0558
2043-09-22,264.71753
2043-09-23,263.3793
2043-09-24,262.04105
2043-09-25,260.7028
2043-09-26,259.36453
2043-09-27,258.0263
2043-09-28,256.68805
2043-09-29,255.3498
2043-09-30,254.01155
2043-10-01,252.6733
2043-10-02,251.33504
2043-10-03,249.9968
2043-10-04,248.65854
2043-10-05,247.3203
2043-10-06,245.98204
2043-10-07,244.6438
2043-10-08,243.30554
2043-10-09,241.9673
2043-10-10,240.62904
2043-10-11,239.2908
2043-10-12,237.95255
2043-10-13,236.6143
2043-10-14,235.27605
2043-10-15,233.9378
2043-10-16,232.59955
2043-10-17,230.9857
2043-10-18,229.37186
2043-10-19,227.758
2043-10-20,226.14415
2043-10-21,224.5303
2043-10-22,222.91646
2043-10-23,221.30261
2043-10-24,219.68875
2043-10-25,218.0749
2043-10-26,216.46106
2043-10-27,214.84721
2043-10-28,213.23337
2043-10-29,211.6195
2043-10-30,210.00566
2043-10-31,208.39182
2043-11-01,206.77797
2043-11-02,205.16412
2043-11-03,203.55028
2043-11-04,201.93642
2043-11-05,200.32257
2043-11-06,198.70872
2043-11-07,197.09488
2043-11-08,195.48103
2043-11-09,193.86717
2043-11-10,192.25333
2043-11-11,190.63948
2043-11-12,189.02563
2043-11-13,187.41179
2043-11-14,185.79793
2043-11-15,184.18408
2043-11-16,182.57024
2043-11-17,181.3185
2043-11-18,180.06676
2043-11-19,178.81502
2043-11-20,177.56328
2043-11-21,176.31154
2043-11-22,175.0598
2043-11-23,173.80806
2043-11-24,172.55634
2043-11-25,171.3046
2043-11-26,170.05286
2043-11-27,168.80112
2043-11-28,167.54938
2043-11-29,166.29764
2043-11-30,165.0459
2043-12-01,163.79416
2043-12-02,162.54242
2043-12-03,161.29068
2043-12-04,160.03894
2043-12-05,158.7872
2043-12-06,157.53546
2043-12-07,156.28372
2043-12-08,155.03198
2043-12-09,153.78026
2043-12-10,152.52852
2043-12-11,151.27678
2043-12-12,150.02504
2043-12-13,148.7733
2043-12-14,147.52156
2043-12-15,146.26982
2043-12-16,145.01808
2043-12-17,145.53592
2043-12-18,146.05377
2043-12-19,146.57161
2043-12-20,147.08945
2043-12-21,147.6073
2043-12-22,148.12514
2043-12-23,148.64297
2043-12-24,149.16083
2043-12-25,149.67867
2043-12-26,150.19652
2043-12-27,150.71436
2043-12-28,151.2322
2043-12-29,151.75005
2043-12-30,152.26788
2043-12-31,152.78572
2044-01-01,153.30357
2044-01-02,153.82141
2044-01-03,154.33925
2044-01-04,154.8571
2044-01-05,155.37494
2044-01-06,155.89278
2044-01-07,156.41063
2044-01-08,156.92847
2044-01-09,157.44632
2044-01-10,157.96416
2044-01-11,158.482
2044-01-12,158.99985
2044-01-13,159.51768
2044-01-14,160.03552
2044-01-15,160.55338
2044-01-16,161.07121
2044-01-17,161.82158
2044-01-18,162.57193
2044-01-19,163.3223
2044-01-20,164.07266
2044-01-21,164.82301
2044-01-22,165.57338
2044-01-23,166.32373
2044-01-24,167.0741
2044-01-25,167.82446
2044-01-26,168.57481
2044-01-27,169.32518
2044-01-28,170.07555
2044-01-29,170.8259
2044-01-30,171.57626
2044-01-31,172.32663
2044-02-01,173.07698
2044-02-02,173.82735
2044-02-03,174.5777
2044-02-04,175.32806
2044-02-05,176.07843
2044-02-06,176.82878
2044-02-07,177.57915
2044-02-08,178.32951
2044-02-09,179.07986
2044-02-10,179.83023
2044-02-11,180.58058
2044-02-12,181.33095
2044-02-13,182.08131
2044-02-14,182.83167
2044-02-15,183.58203
2044-02-16,184.78122
2044-02-17,185.98041
2044-02-18,187.1796
2044-02-19,188.37878
2044-02-20,189.57797
2044-02-21,190.77718
2044-02-22,191.97636
2044-02-23,193.17555
2044-02-24,194.37474
2044-02-25,195.57393
2044-02-26,196.77312
2044-02-27,197.9723
2044-02-28,199.1715
2044-02-29,200.37068
2044-03-01,201.56989
2044-03-02,202.76907
2044-03-03,203.96826
2044-03-04,205.16745
2044-03-05,206.36664
2044-03-06,207.56583
2044-03-07,208.76501
2044-03-08,209.9642
2044-03-09,211.16339
2044-03-10,212.36258
2044-03-11,213.56177
2044-03-12,214.76097
2044-03-13,215.96016
2044-03-14,217.15935
2044-03-15,218.35854
2044-03-16,219.55772
2044-03-17,220.58958
2044-03-18,221.62144
2044-03-19,222.6533
2044-03-20,223.68515
2044-03-21,224.71701
2044-03-22,225.74887
2044-03-23,226.78073
2044-03-24,227.81259
2044-03-25,228.84445
2044-03-26,229.8763
2044-03-27,230.90816
2044-03-28,231.94002
2044-03-29,232.97188
2044-03-30,234.00374
2044-03-31,235.0356
2044-04-01,236.06744
2044-04-02,237.0993
2044-04-03,238.13116
2044-04-04,239.16302
2044-04-05,240.19489
2044-04-06,241.22675
2044-04-07,242.25859
2044-04-08,243.29045
2044-04-09,244.32231
2044-04-10,245.35417
2044-04-11,246.38603
2044-04-12,247.4179
2044-04-13,248.44974
2044-04-14,249.4816
2044-04-15,250.51346
2044-04-16,251.54532
2044-04-17,251.68237
2044-04-18,251.81941
2044-04-19,251.95647
2044-04-20,252.09352
2044-04-21,252.23056
2044-04-22,252.36761
2044-04-23,252.50465
2044-04-24,252.64171
2044-04-25,252.77876
2044-04-26,252.9158
2044-04-27,253.05286
2044-04-28,253.18991
2044-04-29,253.32695
2044-04-30,253.464
2044-05-01,253.60104
2044-05-02,253.7381
2044-05-03,253.87515
2044-05-04,254.01219
2044-05-05,254.14925
2044-05-06,254.2863
2044-05-07,254.42334
2044-05-08,254.5604
2044-05-09,254.69745
2044-05-10,254.83449
2044-05-11,254.97154
2044-05-12,255.10858
2044-05-13,255.24564
2044-05-14,255.38269
2044-05-15,255.51973
2044-05-16,255.65678
2044-05-17,256.99612
2044-05-18,258.33545
2044-05-19,259.67477
2044-05-20,261.01413
2044-05-21,262.35345
2044-05-22,263.69278
2044-05-23,265.0321
2044-05-24,266.37146
2044-05-25,267.7108
2044-05-26,269.0501
2044-05-27,270.38947
2044-05-28,271.7288
2044-05-29,273.0681
2044-05-30,274.40744
2044-05-31,275.7468
2044-06-01,277.08612
2044-06-02,278.42545
2044-06-03,279.76477
2044-06-04,281.10413
2044-06-05,282.44345
2044-06-06,283.78278
2044-06-07,285.12213
2044-06-08,286.46146
2044-06-09,287.80078
2044-06-10,289.1401
2044-06-11,290.47946
2044-06-12,291.8188
2044-06-13,293.1581
2044-06-14,294.49744
2044-06-15,295.8368
2044-06-16,297.17612
2044-06-17,296.20044
2044-06-18,295.22476
2044-06-19,294.24908
2044-06-20,293.2734
2044-06-21,292.29773
2044-06-22,291.32205
2044-06-23,290.34637
2044-06-24,289.3707
2044-06-25,288.39502
2044-06-26,287.41934
2044-06-27,286.44366
2044-06-28,285.468
2044-06-29,284.4923
2044-06-30,283.51663
2044-07-01,282.54095
2044-07-02,281.56525
2044-07-03,280.58957
2044-07-04,279.6139
2044-07-05,278.6382
2044-07-06,277.66254
2044-07-07,276.68686
2044-07-08,275.71118
2044-07-09,274.7355
2044-07-10,273.75983
2044-07-11,272.78415
2044-07-12,271.80847
2044-07-13,270.8328
2044-07-14,269.85712
2044-07-15,268.88144
2044-07-16,267.90576
2044-07-17,267.35043
2044-07-18,266.7951
2044-07-19,266.23978
2044-07-20,265.68445
2044-07-21,265.12912
2044-07-22,264.5738
2044-07-23,264.01846
2044-07-24,263.46313
2044-07-25,262.9078
2044-07-26,262.35248
2044-07-27,261.79715
2044-07-28,261.24182
2044-07-29,260.6865
2044-07-30,260.13116
2044-07-31,259.57584
2044-08-01,259.02054
2044-08-02,258.4652
2044-08-03,257.90988
2044-08-04,257.35455
2044-08-05,256.79922
2044-08-06,256.2439
2044-08-07,255.68855
2044-08-08,255.13322
2044-08-09,254.57791
2044-08-10,254.02258
2044-08-11,253.46725
2044-08-12,252.91193
2044-08-13,252.3566
2044-08-14,251.80127
2044-08-15,251.24594
2044-08-16,250.69061
2044-08-17,250.62251
2044-08-18,250.55441
2044-08-19,250.48631
2044-08-20,250.41823
2044-08-21,250.35013
2044-08-22,250.28203
2044-08-23,250.21393
2044-08-24,250.14583
2044-08-25,250.07773
2044-08-26,250.00963
2044-08-27,249.94153
2044-08-28,249.87344
2044-08-29,249.80534
2044-08-30,249.73724
2044-08-31,249.66914
2044-09-01,249.60104
2044-09-02,249.53294
2044-09-03,249.46484
2044-09-04,249.39674
2044-09-05,249.32866
2044-09-06,249.26056
2044-09-07,249.19246
2044-09-08,249.12436
2044-09-09,249.05626
2044-09-10,248.98816
2044-09-11,248.92006
2044-09-12,248.85196
2044-09-13,248.78387
2044-09-14,248.71577
2044-09-15,248.64767
2044-09-16,248.57957
2044-09-17,246.68507
2044-09-18,244.79059
2044-09-19,242.89609
2044-09-20,241.00159
2044-09-21,239.10709
2044-09-22,237.2126
2044-09-23,235.3181
2044-09-24,233.4236
2044-09-25,231.52911
2044-09-26,229.63461
2044-09-27,227.74011
2044-09-28,225.84563
2044-09-29,223.95113
2044-09-30,222.05663
2044-10-01,220.16214
2044-10-02,218.26764
2044-10-03,216.37314
2044-10-04,214.47864
2044-10-05,212.58415
2044-10-06,210.68965
2044-10-07,208.79515
2044-10-08,206.90067
2044-10-09,205.00616
2044-10-10,203.11166
2044-10-11,201.21716
2044-10-12,199.32268
2044-10-13,197.42818
2044-10-14,195.53368
2044-10-15,193.63919
2044-10-16,191.74469
2044-10-17,190.69887
2044-10-18,189.65305
2044-10-19,188.60724
2044-10-20,187.56142
2044-10-21,186.5156
2044-10-22,185.46977
2044-10-23,184.42397
2044-10-24,183.37814
2044-10-25,182.33232
2044-10-26,181.2865
2044-10-27,180.24068
2044-10-28,179.19487
2044-10-29,178.14905
2044-10-30,177.10323
2044-10-31,176.0574
2044-11-01,175.0116
2044-11-02,173.96577
2044-11-03,172.91995
2044-11-04,171.87413
2044-11-05,170.82832
2044-11-06,169.7825
2044-11-07,168.73668
2044-11-08,167.69086
2044-11-09,166.64503
2044-11-10,165.59923
2044-11-11,164.5534
2044-11-12,163.50758
2044-11-13,162.46176
2044-11-14,161.41595
2044-11-15,160.37013
2044-11-16,159.32431
2044-11-17,159.39465
2044-11-18,159.465
2044-11-19,159.53534
2044-11-20,159.60568
2044-11-21,159.67603
2044-11-22,159.74637
2044-11-23,159.81671
2044-11-24,159.88705
2044-11-25,159.9574
2044-11-26,160.02774
2044-11-27,160.09808
2044-11-28,160.16843
2044-11-29,160.23877
2044-11-30,160.30911
2044-12-01,160.37946
2044-12-02,160.44978
2044-12-03,160.52013
2044-12-04,160.59047
2044-12-05,160.66081
2044-12-06,160.73116
2044-12-07,160.8015
2044-12-08,160.87184
2044-12-09,160.94218
2044-12-10,161.01253
2044-12-11,161.08287
2044-12-12,161.15321
2044-12-13,161.22356
2044-12-14,161.2939
2044-12-15,161.36424
2044-12-16,161.43459
2044-12-17,162.09427
2044-12-18,162.75397
2044-12-19,163.41365
2044-12-20,164.07333
2044-12-21,164.73303
2044-12-22,165.39272
2044-12-23,166.0524
2044-12-24,166.7121
2044-12-25,167.37178
2044-12-26,168.03148
2044-12-27,168.69116
2044-12-28,169.35085
2044-12-29,170.01054
2044-12-30,170.67023
2044-12-31,171.32991
2045-01-01,171.98961
2045-01-02,172.64929
2045-01-03,173.30898
2045-01-04,173.96867
2045-01-05,174.62836
2045-01-06,175.28804
2045-01-07,175.94774
2045-01-08,176.60742
2045-01-09,177.26712
2045-01-10,177.9268
2045-01-11,178.58649
2045-01-12,179.24619
2045-01-13,179.90587
2045-01-14,180.56555
2045-01-15,181.22525
2045-01-16,181.88493
2045-01-17,182.11873
2045-01-18,182.35251
2045-01-19,182.5863
2045-01-20,182.8201
2045-01-21,183.0539
2045-01-22,183.28767
2045-01-23,183.52147
2045-01-24,183.75526
2045-01-25,183.98906
2045-01-26,184.22284
2045-01-27,184.45663
2045-01-28,184.69043
2045-01-29,184.92422
2045-01-30,185.158
2045-01-31,185.3918
2045-02-01,185.6256
2045-02-02,185.85938
2045-02-03,186.09317
2045-02-04,186.32697
2045-02-05,186.56076
2045-02-06,186.79454
2045-02-07,187.02834
2045-02-08,187.26213
2045-02-09,187.49593
2045-02-10,187.7297
2045-02-11,187.9635
2045-02-12,188.1973
2045-02-13,188.43109
2045-02-14,188.66487
2045-02-15,188.89867
2045-02-16,191.3168
2045-02-17,193.73494
2045-02-18,196.15309
2045-02-19,198.57123
2045-02-20,200.98936
2045-02-21,203.4075
2045-02-22,205.82564
2045-02-23,208.24379
2045-02-24,210.66193
2045-02-25,213.08006
2045-02-26,215.4982
2045-02-27,217.91634
2045-02-28,220.33449
2045-03-01,222.75262
2045-03-02,225.17076
2045-03-03,227.5889
2045-03-04,230.00705
2045-03-05,232.42519
2045-03-06,234.84332
2045-03-07,237.26146
2045-03-08,239.6796
2045-03-09,242.09775
2045-03-10,244.51588
2045-03-11,246.93402
2045-03-12,249.35216
2045-03-13,251.7703
2045-03-14,254.18845
2045-03-15,256.60657
2045-03-16,259.02472
2045-03-17,260.4548
2045-03-18,261.8849
2045-03-19,263.31497
2045-03-20,264.74506
2045-03-21,266.17514
2045-03-22,267.60522
2045-03-23,269.0353
2045-03-24,270.46536
2045-03-25,271.89545
2045-03-26,273.32553
2045-03-27,274.7556
2045-03-28,276.1857
2045-03-29,277.61578
2045-03-30,279.04587
2045-03-31,280.47595
2045-04-01,281.90604
2045-04-02,283.33612
2045-04-03,284.7662
2045-04-04,286.1963
2045-04-05,287.62637
2045-04-06,289.05646
2045-04-07,290.48654
2045-04-08,291.91663
2045-04-09,293.34668
2045-04-10,294.77676
2045-04-11,296.20685
2045-04-12,297.63693
2045-04-13,299.06702
2045-04-14,300.4971
2045-04-15,301.9272
2045-04-16,303.35727
2045-04-17,303.67114
2045-04-18,303.985
2045-04-19,304.29886
2045-04-20,304.61273
2045-04-21,304.92657
2045-04-22,305.24045
2045-04-23,305.5543
2045-04-24,305.86816
2045-04-25,306.18204
2045-04-26,306.49588
2045-04-27,306.80975
2045-04-28,307.12363
2045-04-29,307.43747
2045-04-30,307.75134
2045-05-01,308.0652
2045-05-02,308.37906
2045-05-03,308.69293
2045-05-04,309.00677
2045-05-05,309.32065
2045-05-06,309.63452
2045-05-07,309.94836
2045-05-08,310.26224
2045-05-09,310.5761
2045-05-10,310.88995
2045-05-11,311.20383
2045-05-12,311.51767
2045-05-13,311.83154
2045-05-14,312.14542
2045-05-15,312.45926
2045-05-16,312.77313
2045-05-17,313.10388
2045-05-18,313.43463
2045-05-19,313.76538
2045-05-20,314.09613
2045-05-21,314.42688
2045-05-22,314.75763
2045-05-23,315.08838
2045-05-24,315.41916
2045-05-25,315.7499
2045-05-26,316.08066
2045-05-27,316.4114
2045-05-28,316.74216
2045-05-29,317.0729
2045-05-30,317.40366
2045-05-31,317.7344
2045-06-01,318.06516
2045-06-02,318.3959
2045-06-03,318.72665
2045-06-04,319.0574
2045-06-05,319.38815
2045-06-06,319.7189
2045-06-07,320.04965
2045-06-08,320.3804
2045-06-09,320.71118
2045-06-10,321.04193
2045-06-11,321.37268
2045-06-12,321.70343
2045-06-13,322.03418
2045-06-14,322.36493
2045-06-15,322.69568
2045-06-16,323.02643
2045-06-17,322.54132
2045-06-18,322.05618
2045-06-19,321.57108
2045-06-20,321.08594
2045-06-21,320.60083
2045-06-22,320.1157
2045-06-23,319.63058
2045-06-24,319.14548
2045-06-25,318.66034
2045-06-26,318.17523
2045-06-27,317.6901
2045-06-28,317.205
2045-06-29,316.71985
2045-06-30,316.23474
2045-07-01,315.74963
2045-07-02,315.2645
2045-07-03,314.7794
2045-07-04,314.29425
2045-07-05,313.80914
2045-07-06,313.324
2045-07-07,312.8389
2045-07-08,312.35376
2045-07-09,311.86865
2045-07-10,311.38354
2045-07-11,310.8984
2045-07-12,310.4133
2045-07-13,309.92816
2045-07-14,309.44305
2045-07-15,308.95792
2045-07-16,308.4728
2045-07-17,307.76077
2045-07-18,307.0487
2045-07-19,306.33667
2045-07-20,305.62463
2045-07-21,304.91257
2045-07-22,304.20053
2045-07-23,303.4885
2045-07-24,302.77643
2045-07-25,302.0644
2045-07-26,301.35236
2045-07-27,300.6403
2045-07-28,299.92825
2045-07-29,299.21622
2045-07-30,298.50415
2045-07-31,297.7921
2045-08-01,297.08008
2045-08-02,296.36804
2045-08-03,295.65598
2045-08-04,294.94394
2045-08-05,294.2319
2045-08-06,293.51984
2045-08-07,292.8078
2045-08-08,292.09576
2045-08-09,291.3837
2045-08-10,290.67166
2045-08-11,289.95963
2045-08-12,289.24756
2045-08-13,288.53552
2045-08-14,287.8235
2045-08-15,287.11142
2045-08-16,286.39938
2045-08-17,285.85388
2045-08-18,285.3084
2045-08-19,284.7629
2045-08-20,284.21744
2045-08-21,283.67194
2045-08-22,283.12646
2045-08-23,282.58096
2045-08-24,282.0355
2045-08-25,281.49
2045-08-26,280.94452
2045-08-27,280.39902
2045-08-28,279.85355
2045-08-29,279.30804
2045-08-30,278.76257
2045-08-31,278.21707
2045-09-01,277.6716
2045-09-02,277.1261
2045-09-03,276.58063
2045-09-04,276.03513
2045-09-05,275.48965
2045-09-06,274.94415
2045-09-07,274.39868
2045-09-08,273.85318
2045-09-09,273.3077
2045-09-10,272.7622
2045-09-11,272.21674
2045-09-12,271.67123
2045-09-13,271.12576
2045-09-14,270.58026
2045-09-15,270.0348
2045-09-16,269.4893
2045-09-17,268.4402
2045-09-18,267.39105
2045-09-19,266.34195
2045-09-20,265.29282
2045-09-21,264.2437
2045-09-22,263.19458
2045-09-23,262.14548
2045-09-24,261.09634
2045-09-25,260.04724
2045-09-26,258.9981
2045-09-27,257.949
2045-09-28,256.8999
2045-09-29,255.85077
2045-09-30,254.80165
2045-10-01,253.75253
2045-10-02,252.70343
2045-10-03,251.65431
2045-10-04,250.6052
2045-10-05,249.55608
2045-10-06,248.50696
2045-10-07,247.45784
2045-10-08,246.40872
2045-10-09,245.3596
2045-10-10,244.31049
2045-10-11,243.26138
2045-10-12,242.21227
2045-10-13,241.16315
2045-10-14,240.11403
2045-10-15,239.06491
2045-10-16,238.0158
2045-10-17,236.5044
2045-10-18,234.993
2045-10-19,233.48158
2045-10-20,231.97018
2045-10-21,230.45879
2045-10-22,228.94739
2045-10-23,227.43597
2045-10-24,225.92458
2045-10-25,224.41318
2045-10-26,222.90178
2045-10-27,221.39038
2045-10-28,219.87897
2045-10-29,218.36757
2045-10-30,216.85617
2045-10-31,215.34477
2045-11-01,213.83336
2045-11-02,212.32196
2045-11-03,210.81056
2045-11-04,209.29916
2045-11-05,207.78775
2045-11-06,206.27635
2045-11-07,204.76495
2045-11-08,203.25356
2045-11-09,201.74216
2045-11-10,200.23074
2045-11-11,198.71935
2045-11-12,197.20795
2045-11-13,195.69655
2045-11-14,194.18513
2045-11-15,192.67374
2045-11-16,191.16234
2045-11-17,190.54935
2045-11-18,189.93634
2045-11-19,189.32335
2045-11-20,188.71034
2045-11-21,188.09735
2045-11-22,187.48436
2045-11-23,186.87135
2045-11-24,186.25836
2045-11-25,185.64536
2045-11-26,185.03236
2045-11-27,184.41937
2045-11-28,183.80637
2045-11-29,183.19337
2045-11-30,182.58037
2045-12-01,181.96738
2045-12-02,181.35439
2045-12-03,180.74138
2045-12-04,180.12839
2045-12-05,179.51538
2045-12-06,178.90239
2045-12-07,178.2894
2045-12-08,177.67639
2045-12-09,177.0634
2045-12-10,176.4504
2045-12-11,175.8374
2045-12-12,175.22441
2045-12-13,174.6114
2045-12-14,173.99841
2045-12-15,173.3854
2045-12-16,172.77242
2045-12-17,172.27507
2045-12-18,171.77774
2045-12-19,171.2804
2045-12-20,170.78307
2045-12-21,170.28572
2045-12-22,169.78839
2045-12-23,169.29105
2045-12-24,168.79372
2045-12-25,168.29637
2045-12-26,167.79904
2045-12-27,167.3017
2045-12-28,166.80437
2045-12-29,166.30702
2045-12-30,165.8097
2045-12-31,165.31235
2046-01-01,164.81502
2046-01-02,164.31767
2046-01-03,163.82034
2046-01-04,163.323
2046-01-05,162.82567
2046-01-06,162.32832
2046-01-07,161.831
2046-01-08,161.33365
2046-01-09,160.83632
2046-01-10,160.33897
2046-01-11,159.84164
2046-01-12,159.3443
2046-01-13,158.84697
2046-01-14,158.34962
2046-01-15,157.8523
2046-01-16,157.35495
2046-01-17,159.03566
2046-01-18,160.71637
2046-01-19,162.39708
2046-01-20,164.07779
2046-01-21,165.7585
2046-01-22,167.43921
2046-01-23,169.11992
2046-01-24,170.80063
2046-01-25,172.48134
2046-01-26,174.16205
2046-01-27,175.84276
2046-01-28,177.52347
2046-01-29,179.20418
2046-01-30,180.88489
2046-01-31,182.56561
2046-02-01,184.24632
2046-02-02,185.92703
2046-02-03,187.60774
2046-02-04,189.28845
2046-02-05,190.96916
2046-02-06,192.64987
2046-02-07,194.33058
2046-02-08,196.01129
2046-02-09,197.692
2046-02-10,199.37271
2046-02-11,201.05342
2046-02-12,202.73413
2046-02-13,204.41484
2046-02-14,206.09555
2046-02-15,207.77626
2046-02-16,209.2259
2046-02-17,210.67557
2046-02-18,212.12521
2046-02-19,213.57487
2046-02-20,215.02452
2046-02-21,216.47418
2046-02-22,217.92383
2046-02-23,219.37349
2046-02-24,220.82314
2046-02-25,222.27278
2046-02-26,223.72244
2046-02-27,225.17209
2046-02-28,226.62175
2046-03-01,228.0714
2046-03-02,229.52106
2046-03-03,230.9707
2046-03-04,232.42036
2046-03-05,233.87001
2046-03-06,235.31967
2046-03-07,236.76932
2046-03-08,238.21896
2046-03-09,239.66862
2046-03-10,241.11827
2046-03-11,242.56793
2046-03-12,244.01758
2046-03-13,245.46724
2046-03-14,246.91689
2046-03-15,248.36655
2046-03-16,249.8162
2046-03-17,250.91455
2046-03-18,252.01292
2046-03-19,253.11128
2046-03-20,254.20964
2046-03-21,255.30801
2046-03-22,256.40637
2046-03-23,257.50473
2046-03-24,258.6031
2046-03-25,259.70145
2046-03-26,260.79984
2046-03-27,261.8982
2046-03-28,262.99655
2046-03-29,264.0949
2046-03-30,265.19327
2046-03-31,266.29163
2046-04-01,267.39
2046-04-02,268.48837
2046-04-03,269.58673
2046-04-04,270.6851
2046-04-05,271.78345
2046-04-06,272.8818
2046-04-07,273.9802
2046-04-08,275.07855
2046-04-09,276.1769
2046-04-10,277.27527
2046-04-11,278.37363
2046-04-12,279.472
2046-04-13,280.57037
2046-04-14,281.66873
2046-04-15,282.7671
2046-04-16,283.86545
2046-04-17,284.4238
2046-04-18,284.98212
2046-04-19,285.54047
2046-04-20,286.09882
2046-04-21,286.65717
2046-04-22,287.21548
2046-04-23,287.77383
2046-04-24,288.33218
2046-04-25,288.8905
2046-04-26,289.44885
2046-04-27,290.0072
2046-04-28,290.56552
2046-04-29,291.12387
2046-04-30,291.68222
2046-05-01,292.24054
2046-05-02,292.7989
2046-05-03,293.35724
2046-05-04,293.9156
2046-05-05,294.4739
2046-05-06,295.03226
2046-05-07,295.5906
2046-05-08,296.14893
2046-05-09,296.70728
2046-05-10,297.26562
2046-05-11,297.82397
2046-05-12,298.3823
2046-05-13,298.94064
2046-05-14,299.499
2046-05-15,300.0573
2046-05-16,300.61566
2046-05-17,300.34152
2046-05-18,300.06738
2046-05-19,299.79324
2046-05-20,299.5191
2046-05-21,299.24496
2046-05-22,298.97083
2046-05-23,298.6967
2046-05-24,298.42258
2046-05-25,298.14844
2046-05-26,297.8743
2046-05-27,297.60016
2046-05-28,297.32602
2046-05-29,297.05188
2046-05-30,296.77774
2046-05-31,296.5036
2046-06-01,296.22946
2046-06-02,295.95532
2046-06-03,295.68118
2046-06-04,295.40704
2046-06-05,295.1329
2046-06-06,294.85876
2046-06-07,294.58463
2046-06-08,294.3105
2046-06-09,294.03638
2046-06-10,293.76224
2046-06-11,293.4881
2046-06-12,293.21396
2046-06-13,292.93982
2046-06-14,292.66568
2046-06-15,292.39154
2046-06-16,292.1174
2046-06-17,291.0281
2046-06-18,289.93884
2046-06-19,288.84955
2046-06-20,287.76025
2046-06-21,286.67096
2046-06-22,285.5817
2046-06-23,284.4924
2046-06-24,283.4031
2046-06-25,282.3138
2046-06-26,281.22455
2046-06-27,280.13525
2046-06-28,279.04596
2046-06-29,277.95667
2046-06-30,276.8674
2046-07-01,275.7781
2046-07-02,274.6888
2046-07-03,273.59955
2046-07-04,272.51025
2046-07-05,271.42096
2046-07-06,270.33167
2046-07-07,269.2424
2046-07-08,268.1531
2046-07-09,267.0638
2046-07-10,265.97452
2046-07-11,264.88525
2046-07-12,263.79596
2046-07-13,262.70667
2046-07-14,261.61737
2046-07-15,260.5281
2046-07-16,259.4388
2046-07-17,259.4325
2046-07-18,259.42618
2046-07-19,259.41986
2046-07-20,259.41354
2046-07-21,259.40723
2046-07-22,259.4009
2046-07-23,259.3946
2046-07-24,259.38828
2046-07-25,259.38196
2046-07-26,259.37564
2046-07-27,259.36932
2046-07-28,259.363
2046-07-29,259.3567
2046-07-30,259.35037
2046-07-31,259.34406
2046-08-01,259.33774
2046-08-02,259.33142
2046-08-03,259.3251
2046-08-04,259.3188
2046-08-05,259.31247
2046-08-06,259.30615
2046-08-07,259.29984
2046-08-08,259.29352
2046-08-09,259.2872
2046-08-10,259.28088
2046-08-11,259.27457
2046-08-12,259.26825
2046-08-13,259.26193
2046-08-14,259.2556
2046-08-15,259.2493
2046-08-16,259.24298
2046-08-17,257.28638
2046-08-18,255.32979
2046-08-19,253.37318
2046-08-20,251.41658
2046-08-21,249.45999
2046-08-22,247.50339
2046-08-23,245.54678
2046-08-24,243.5902
2046-08-25,241.63359
2046-08-26,239.67699
2046-08-27,237.7204
2046-08-28,235.7638
2046-08-29,233.80719
2046-08-30,231.8506
2046-08-31,229.894
2046-09-01,227.9374
2046-09-02,225.98079
2046-09-03,224.0242
2046-09-04,222.0676
2046-09-05,220.111
2046-09-06,218.1544
2046-09-07,216.1978
2046-09-08,214.2412
2046-09-09,212.2846
2046-09-10,210.328
2046-09-11,208.3714
2046-09-12,206.41481
2046-09-13,204.4582
2046-09-14,202.5016
2046-09-15,200.54501
2046-09-16,198.58841
2046-09-17,199.64772
2046-09-18,200.70703
2046-09-19,201.76636
2046-09-20,202.82567
2046-09-21,203.88498
2046-09-22,204.94429
2046-09-23,206.0036
2046-09-24,207.06293
2046-09-25,208.12224
2046-09-26,209.18155
2046-09-27,210.24086
2046-09-28,211.30017
2046-09-29,212.3595
2046-09-30,213.41881
2046-10-01,214.47812
2046-10-02,215.53743
2046-10-03,216.59674
2046-10-04,217.65607
2046-10-05,218.71538
2046-10-06,219.77469
2046-10-07,220.834
2046-10-08,221.89331
2046-10-09,222.95264
2046-10-10,224.01195
2046-10-11,225.07126
2046-10-12,226.13057
2046-10-13,227.18988
2046-10-14,228.2492
2046-10-15,229.30852
2046-10-16,230.36783
2046-10-17,228.99652
2046-10-18,227.62521
2046-10-19,226.2539
2046-10-20,224.8826
2046-10-21,223.51129
2046-10-22,222.13998
2046-10-23,220.76868
2046-10-24,219.39737
2046-10-25,218.02606
2046-10-26,216.65475
2046-10-27,215.28345
2046-10-28,213.91214
2046-10-29,212.54083
2046-10-30,211.16953
2046-10-31,209.79822
2046-11-01,208.42691
2046-11-02,207.0556
2046-11-03,205.6843
2046-11-04,204.31299
2046-11-05,202.94168
2046-11-06,201.57037
2046-11-07,200.19907
2046-11-08,198.82776
2046-11-09,197.45645
2046-11-10,196.08514
2046-11-11,194.71384
2046-11-12,193.34253
2046-11-13,191.97122
2046-11-14,190.59991
2046-11-15,189.2286
2046-11-16,187.8573
2046-11-17,187.19513
2046-11-18,186.53296
2046-11-19,185.87079
2046-11-20,185.20862
2046-11-21,184.54645
2046-11-22,183.88428
2046-11-23,183.2221
2046-11-24,182.55994
2046-11-25,181.89777
2046-11-26,181.2356
2046-11-27,180.57343
2046-11-28,179.91125
2046-11-29,179.24908
2046-11-30,178.58691
2046-12-01,177.92474
2046-12-02,177.26259
2046-12-03,176.60042
2046-12-04,175.93825
2046-12-05,175.27608
2046-12-06,174.6139
2046-12-07,173.95174
2046-12-08,173.28957
2046-12-09,172.6274
2046-12-10,171.96523
2046-12-11,171.30305
2046-12-12,170.64088
2046-12-13,169.97871
2046-12-14,169.31654
2046-12-15,168.65437
2046-12-16,167.9922
2046-12-17,167.92807
2046-12-18,167.86392
2046-12-19,167.79979
2046-12-20,167.73566
2046-12-21,167.67151
2046-12-22,167.60738
2046-12-23,167.54324
2046-12-24,167.4791
2046-12-25,167.41496
2046-12-26,167.35083
2046-12-27,167.28668
2046-12-28,167.22255
2046-12-29,167.15842
2046-12-30,167.09427
2046-12-31,167.03014
2047-01-01,166.966
2047-01-02,166.90187
2047-01-03,166.83772
2047-01-04,166.77359
2047-01-05,166.70946
2047-01-06,166.64531
2047-01-07,166.58118
2047-01-08,166.51704
2047-01-09,166.4529
2047-01-10,166.38876
2047-01-11,166.32463
2047-01-12,166.26048
2047-01-13,166.19635
2047-01-14,166.13222
2047-01-15,166.06807
2047-01-16,166.00394
2047-01-17,166.95285
2047-01-18,167.90176
2047-01-19,168.8507
2047-01-20,169.7996
2047-01-21,170.74852
2047-01-22,171.69743
2047-01-23,172.64636
2047-01-24,173.59528
2047-01-25,174.54419
2047-01-26,175.4931
2047-01-27,176.44203
2047-01-28,177.39095
2047-01-29,178.33986
2047-01-30,179.28877
2047-01-31,180.2377
2047-02-01,181.18661
2047-02-02,182.13553
2047-02-03,183.08444
2047-02-04,184.03336
2047-02-05,184.98228
2047-02-06,185.9312
2047-02-07,186.88011
2047-02-08,187.82903
2047-02-09,188.77795
2047-02-10,189.72687
2047-02-11,190.67578
2047-02-12,191.6247
2047-02-13,192.57362
2047-02-14,193.52254
2047-02-15,194.47145
2047-02-16,195.19566
2047-02-17,195.91988
2047-02-18,196.64409
2047-02-19,197.3683
2047-02-20,198.09251
2047-02-21,198.81673
2047-02-22,199.54094
2047-02-23,200.26514
2047-02-24,200.98935
2047-02-25,201.71356
2047-02-26,202.43777
2047-02-27,203.16199
2047-02-28,203.8862
2047-03-01,204.61041
2047-03-02,205.33463
2047-03-03,206.05884
2047-03-04,206.78305
2047-03-05,207.50726
2047-03-06,208.23148
2047-03-07,208.95569
2047-03-08,209.6799
2047-03-09,210.4041
2047-03-10,211.12831
2047-03-11,211.85252
2047-03-12,212.57674
2047-03-13,213.30095
2047-03-14,214.02516
2047-03-15,214.74937
2047-03-16,215.47359
2047-03-17,217.80655
2047-03-18,220.13951
2047-03-19,222.47247
2047-03-20,224.80544
2047-03-21,227.1384
2047-03-22,229.47136
2047-03-23,231.80432
2047-03-24,234.1373
2047-03-25,236.47026
2047-03-26,238.80322
2047-03-27,241.13618
2047-03-28,243.46915
2047-03-29,245.80211
2047-03-30,248.13507
2047-03-31,250.46803
2047-04-01,252.801
2047-04-02,255.13396
2047-04-03,257.46692
2047-04-04,259.7999
2047-04-05,262.13284
2047-04-06,264.46582
2047-04-07,266.79877
2047-04-08,269.13174
2047-04-09,271.4647
2047-04-10,273.79767
2047-04-11,276.1306
2047-04-12,278.4636
2047-04-13,280.79654
2047-04-14,283.12952
2047-04-15,285.46246
2047-04-16,287.79544
2047-04-17,287.9266
2047-04-18,288.05777
2047-04-19,288.18893
2047-04-20,288.3201
2047-04-21,288.45126
2047-04-22,288.58243
2047-04-23,288.7136
2047-04-24,288.84476
2047-04-25,288.97592
2047-04-26,289.1071
2047-04-27,289.23825
2047-04-28,289.36942
2047-04-29,289.50058
2047-04-30,289.63174
2047-05-01,289.7629
2047-05-02,289.89407
2047-05-03,290.02524
2047-05-04,290.1564
2047-05-05,290.28757
2047-05-06,290.41873
2047-05-07,290.5499
2047-05-08,290.68106
2047-05-09,290.81223
2047-05-10,290.9434
2047-05-11,291.07455
2047-05-12,291.20572
2047-05-13,291.33688
2047-05-14,291.46805
2047-05-15,291.5992
2047-05-16,291.73038
2047-05-17,292.17627
2047-05-18,292.6222
2047-05-19,293.06808
2047-05-20,293.514
2047-05-21,293.9599
2047-05-22,294.40582
2047-05-23,294.8517
2047-05-24,295.29764
2047-05-25,295.74353
2047-05-26,296.18945
2047-05-27,296.63535
2047-05-28,297.08124
2047-05-29,297.52716
2047-05-30,297.97305
2047-05-31,298.41898
2047-06-01,298.86487
2047-06-02,299.3108
2047-06-03,299.75668
2047-06-04,300.2026
2047-06-05,300.6485
2047-06-06,301.0944
2047-06-07,301.5403
2047-06-08,301.9862
2047-06-09,302.43213
2047-06-10,302.87802
2047-06-11,303.32394
2047-06-12,303.76984
2047-06-13,304.21576
2047-06-14,304.66165
2047-06-15,305.10757
2047-06-16,305.55347
2047-06-17,304.9278
2047-06-18,304.3021
2047-06-19,303.67642
2047-06-20,303.05075
2047-06-21,302.42505
2047-06-22,301.79938
2047-06-23,301.1737
2047-06-24,300.54803
2047-06-25,299.92233
2047-06-26,299.29666
2047-06-27,298.671
2047-06-28,298.0453
2047-06-29,297.41962
2047-06-30,296.79395
2047-07-01,296.16827
2047-07-02,295.54257
2047-07-03,294.9169
2047-07-04,294.29123
2047-07-05,293.66553
2047-07-06,293.03986
2047-07-07,292.41418
2047-07-08,291.78848
2047-07-09,291.1628
2047-07-10,290.53714
2047-07-11,289.91144
2047-07-12,289.28577
2047-07-13,288.6601
2047-07-14,288.03442
2047-07-15,287.40872
2047-07-16,286.78305
2047-07-17,285.46536
2047-07-18,284.14764
2047-07-19,282.82996
2047-07-20,281.51227
2047-07-21,280.19458
2047-07-22,278.87686
2047-07-23,277.55917
2047-07-24,276.2415
2047-07-25,274.9238
2047-07-26,273.60608
2047-07-27,272.2884
2047-07-28,270.9707
2047-07-29,269.65298
2047-07-30,268.3353
2047-07-31,267.0176
2047-08-01,265.69992
2047-08-02,264.3822
2047-08-03,263.0645
2047-08-04,261.74683
2047-08-05,260.42914
2047-08-06,259.11142
2047-08-07,257.79373
2047-08-08,256.47604
2047-08-09,255.15834
2047-08-10,253.84064
2047-08-11,252.52295
2047-08-12,251.20525
2047-08-13,249.88756
2047-08-14,248.56985
2047-08-15,247.25217
2047-08-16,245.93446
2047-08-17,245.81715
2047-08-18,245.69984
2047-08-19,245.58255
2047-08-20,245.46524
2047-08-21,245.34793
2047-08-22,245.23062
2047-08-23,245.11333
2047-08-24,244.99602
2047-08-25,244.87871
2047-08-26,244.7614
2047-08-27,244.64409
2047-08-28,244.5268
2047-08-29,244.40948
2047-08-30,244.29218
2047-08-31,244.17487
2047-09-01,244.05757
2047-09-02,243.94026
2047-09-03,243.82295
2047-09-04,243.70564
2047-09-05,243.58835
2047-09-06,243.47104
2047-09-07,243.35373
2047-09-08,243.23642
2047-09-09,243.11911
2047-09-10,243.00182
2047-09-11,242.8845
2047-09-12,242.7672
2047-09-13,242.64989
2047-09-14,242.5326
2047-09-15,242.41528
2047-09-16,242.29797
2047-09-17,240.68799
2047-09-18,239.078
2047-09-19,237.468
2047-09-20,235.85802
2047-09-21,234.24803
2047-09-22,232.63805
2047-09-23,231.02805
2047-09-24,229.41806
2047-09-25,227.80807
2047-09-26,226.19809
2047-09-27,224.58809
2047-09-28,222.9781
2047-09-29,221.36812
2047-09-30,219.75813
2047-10-01,218.14813
2047-10-02,216.53815
2047-10-03,214.92816
2047-10-04,213.31818
2047-10-05,211.70819
2047-10-06,210.09819
2047-10-07,208.4882
2047-10-08,206.87822
2047-10-09,205.26823
2047-10-10,203.65823
2047-10-11,202.04825
2047-10-12,200.43826
2047-10-13,198.82828
2047-10-14,197.21828
2047-10-15,195.60829
2047-10-16,193.9983
2047-10-17,193.84647
2047-10-18,193.69463
2047-10-19,193.54279
2047-10-20,193.39095
2047-10-21,193.2391
2047-10-22,193.08727
2047-10-23,192.93542
2047-10-24,192.78357
2047-10-25,192.63173
2047-10-26,192.47989
2047-10-27,192.32805
2047-10-28,192.17621
2047-10-29,192.02437
2047-10-30,191.87253
2047-10-31,191.72069
2047-11-01,191.56885
2047-11-02,191.417
2047-11-03,191.26517
2047-11-04,191.11333
2047-11-05,190.96149
2047-11-06,190.80965
2047-11-07,190.6578
2047-11-08,190.50597
2047-11-09,190.35411
2047-11-10,190.20227
2047-11-11,190.05043
2047-11-12,189.89859
2047-11-13,189.74675
2047-11-14,189.59491
2047-11-15,189.44307
2047-11-16,189.29123
2047-11-17,188.25351
2047-11-18,187.21577
2047-11-19,186.17805
2047-11-20,185.14032
2047-11-21,184.1026
2047-11-22,183.06487
2047-11-23,182.02715
2047-11-24,180.98943
2047-11-25,179.95169
2047-11-26,178.91397
2047-11-27,177.87624
2047-11-28,176.83852
2047-11-29,175.80078
2047-11-30,174.76306
2047-12-01,173.72534
2047-12-02,172.6876
2047-12-03,171.64989
2047-12-04,170.61215
2047-12-05,169.57443
2047-12-06,168.5367
2047-12-07,167.49898
2047-12-08,166.46124
2047-12-09,165.42352
2047-12-10,164.3858
2047-12-11,163.34807
2047-12-12,162.31035
2047-12-13,161.27261
2047-12-14,160.2349
2047-12-15,159.19716
2047-12-16,158.15944
2047-12-17,158.79741
2047-12-18,159.4354
2047-12-19,160.07336
2047-12-20,160.71133
2047-12-21,161.34932
2047-12-22,161.98729
2047-12-23,162.62526
2047-12-24,163.26324
2047-12-25,163.90121
2047-12-26,164.53918
2047-12-27,165.17717
2047-12-28,165.81514
2047-12-29,166.45311
2047-12-30,167.0911
2047-12-31,167.72906
2048-01-01,168.36703
2048-01-02,169.005
2048-01-03,169.64299
2048-01-04,170.28096
2048-01-05,170.91893
2048-01-06,171.55692
2048-01-07,172.19489
2048-01-08,172.83286
2048-01-09,173.47084
2048-01-10,174.10881
2048-01-11,174.74678
2048-01-12,175.38477
2048-01-13,176.02274
2048-01-14,176.6607
2048-01-15,177.29869
2048-01-16,177.93666
2048-01-17,178.42621
2048-01-18,178.91577
2048-01-19,179.40532
2048-01-20,179.89488
2048-01-21,180.38443
2048-01-22,180.874
2048-01-23,181.36354
2048-01-24,181.8531
2048-01-25,182.34265
2048-01-26,182.83221
2048-01-27,183.32176
2048-01-28,183.81133
2048-01-29,184.30087
2048-01-30,184.79044
2048-01-31,185.27998
2048-02-01,185.76953
2048-02-02,186.2591
2048-02-03,186.74864
2048-02-04,187.2382
2048-02-05,187.72775
2048-02-06,188.21732
2048-02-07,188.70686
2048-02-08,189.19643
2048-02-09,189.68597
2048-02-10,190.17554
2048-02-11,190.66508
2048-02-12,191.15465
2048-02-13,191.6442
2048-02-14,192.13376
2048-02-15,192.6233
2048-02-16,193.91734
2048-02-17,195.2114
2048-02-18,196.50543
2048-02-19,197.79948
2048-02-20,199.09352
2048-02-21,200.38757
2048-02-22,201.68161
2048-02-23,202.97565
2048-02-24,204.2697
2048-02-25,205.56374
2048-02-26,206.85779
2048-02-27,208.15182
2048-02-28,209.44588
2048-02-29,210.73991
2048-03-01,212.03397
2048-03-02,213.328
2048-03-03,214.62204
2048-03-04,215.91609
2048-03-05,217.21013
2048-03-06,218.50418
2048-03-07,219.79822
2048-03-08,221.09227
2048-03-09,222.3863
2048-03-10,223.68034
2048-03-11,224.9744
2048-03-12,226.26843
2048-03-13,227.56248
2048-03-14,228.85652
2048-03-15,230.15057
2048-03-16,231.44461
2048-03-17,233.28789
2048-03-18,235.13118
2048-03-19,236.97446
2048-03-20,238.81775
2048-03-21,240.66103
2048-03-22,242.50432
2048-03-23,244.3476
2048-03-24,246.19087
2048-03-25,248.03416
2048-03-26,249.87744
2048-03-27,251.72073
2048-03-28,253.56401
2048-03-29,255.40729
2048-03-30,257.25058
2048-03-31,259.09387
2048-04-01,260.93713
2048-04-02,262.78043
2048-04-03,264.62372
2048-04-04,266.46698
2048-04-05,268.31027
2048-04-06,270.15356
2048-04-07,271.99686
2048-04-08,273.84012
2048-04-09,275.6834
2048-04-10,277.5267
2048-04-11,279.36996
2048-04-12,281.21326
2048-04-13,283.05655
2048-04-14,284.89984
2048-04-15,286.7431
2048-04-16,288.5864
2048-04-17,289.30273
2048-04-18,290.01907
2048-04-19,290.73544
2048-04-20,291.45178
2048-04-21,292.16812
2048-04-22,292.88446
2048-04-23,293.6008
2048-04-24,294.31717
2048-04-25,295.0335
2048-04-26,295.74985
2048-04-27,296.4662
2048-04-28,297.18253
2048-04-29,297.8989
2048-04-30,298.61523
2048-05-01,299.33157
2048-05-02,300.0479
2048-05-03,300.76425
2048-05-04,301.48062
2048-05-05,302.19696
2048-05-06,302.9133
2048-05-07,303.62964
2048-05-08,304.34598
2048-05-09,305.06235
2048-05-10,305.7787
2048-05-11,306.49503
2048-05-12,307.21136
2048-05-13,307.9277
2048-05-14,308.64407
2048-05-15,309.3604
2048-05-16,310.07675
2048-05-17,309.80563
2048-05-18,309.53455
2048-05-19,309.26343
2048-05-20,308.9923
2048-05-21,308.72122
2048-05-22,308.4501
2048-05-23,308.179
2048-05-24,307.9079
2048-05-25,307.63678
2048-05-26,307.36566
2048-05-27,307.09457
2048-05-28,306.82346
2048-05-29,306.55234
2048-05-30,306.28125
2048-05-31,306.01013
2048-06-01,305.739
2048-06-02,305.4679
2048-06-03,305.1968
2048-06-04,304.9257
2048-06-05,304.65457
2048-06-06,304.38348
2048-06-07,304.11237
2048-06-08,303.84125
2048-06-09,303.57016
2048-06-10,303.29904
2048-06-11,303.02792
2048-06-12,302.75684
2048-06-13,302.48572
2048-06-14,302.2146
2048-06-15,301.9435
2048-06-16,301.6724
2048-06-17,301.13437
2048-06-18,300.59634
2048-06-19,300.05832
2048-06-20,299.52026
2048-06-21,298.98224
2048-06-22,298.4442
2048-06-23,297.9062
2048-06-24,297.36816
2048-06-25,296.83014
2048-06-26,296.2921
2048-06-27,295.7541
2048-06-28,295.21603
2048-06-29,294.678
2048-06-30,294.13998
2048-07-01,293.60196
2048-07-02,293.06393
2048-07-03,292.5259
2048-07-04,291.98788
2048-07-05,291.44983
2048-07-06,290.9118
2048-07-07,290.37378
2048-07-08,289.83575
2048-07-09,289.29773
2048-07-10,288.7597
2048-07-11,288.22168
2048-07-12,287.68365
2048-07-13,287.1456
2048-07-14,286.60757
2048-07-15,286.06955
2048-07-16,285.53152
2048-07-17,285.72064
2048-07-18,285.90976
2048-07-19,286.09885
2048-07-20,286.28796
2048-07-21,286.47708
2048-07-22,286.6662
2048-07-23,286.85532
2048-07-24,287.0444
2048-07-25,287.23352
2048-07-26,287.42264
2048-07-27,287.61176
2048-07-28,287.80087
2048-07-29,287.98996
2048-07-30,288.17908
2048-07-31,288.3682
2048-08-01,288.5573
2048-08-02,288.74643
2048-08-03,288.93555
2048-08-04,289.12463
2048-08-05,289.31375
2048-08-06,289.50287
2048-08-07,289.692
2048-08-08,289.8811
2048-08-09,290.0702
2048-08-10,290.2593
2048-08-11,290.44843
2048-08-12,290.63754
2048-08-13,290.82666
2048-08-14,291.01575
2048-08-15,291.20486
2048-08-16,291.39398
2048-08-17,290.70346
2048-08-18,290.01294
2048-08-19,289.32242
2048-08-20,288.63187
2048-08-21,287.94135
2048-08-22,287.25082
2048-08-23,286.5603
2048-08-24,285.86978
2048-08-25,285.17926
2048-08-26,284.4887
2048-08-27,283.7982
2048-08-28,283.10767
2048-08-29,282.41714
2048-08-30,281.72662
2048-08-31,281.0361
2048-09-01,280.34555
2048-09-02,279.65503
2048-09-03,278.9645
2048-09-04,278.274
2048-09-05,277.58347
2048-09-06,276.89294
2048-09-07,276.2024
2048-09-08,275.51187
2048-09-09,274.82135
2048-09-10,274.13083
2048-09-11,273.4403
2048-09-12,272.7498
2048-09-13,272.05923
2048-09-14,271.3687
2048-09-15,270.6782
2048-09-16,269.98767
2048-09-17,268.60513
2048-09-18,267.2226
2048-09-19,265.84006
2048-09-20,264.4575
2048-09-21,263.07495
2048-09-22,261.6924
2048-09-23,260.30988
2048-09-24,258.92734
2048-09-25,257.5448
2048-09-26,256.16226
2048-09-27,254.77971
2048-09-28,253.39717
2048-09-29,252.01463
2048-09-30,250.63208
2048-10-01,249.24954
2048-10-02,247.867
2048-10-03,246.48445
2048-10-04,245.10191
2048-10-05,243.71938
2048-10-06,242.33684
2048-10-07,240.95428
2048-10-08,239.57175
2048-10-09,238.18921
2048-10-10,236.80667
2048-10-11,235.42412
2048-10-12,234.04158
2048-10-13,232.65904
2048-10-14,231.2765
2048-10-15,229.89395
2048-10-16,228.51141
2048-10-17,227.29839
2048-10-18,226.08536
2048-10-19,224.87233
2048-10-20,223.6593
2048-10-21,222.44627
2048-10-22,221.23323
2048-10-23,220.0202
2048-10-24,218.80717
2048-10-25,217.59415
2048-10-26,216.38112
2048-10-27,215.16809
2048-10-28,213.95506
2048-10-29,212.74203
2048-10-30,211.529
2048-10-31,210.31598
2048-11-01,209.10294
2048-11-02,207.88991
2048-11-03,206.67688
2048-11-04,205.46385
2048-11-05,204.25082
2048-11-06,203.0378
2048-11-07,201.82477
2048-11-08,200.61174
2048-11-09,199.39871
2048-11-10,198.18568
2048-11-11,196.97264
2048-11-12,195.75961
2048-11-13,194.54659
2048-11-14,193.33356
2048-11-15,192.12053
2048-11-16,190.9075
2048-11-17,189.31602
2048-11-18,187.72456
2048-11-19,186.13309
2048-11-20,184.54163
2048-11-21,182.95015
2048-11-22,181.35869
2048-11-23,179.76721
2048-11-24,178.17575
2048-11-25,176.58427
2048-11-26,174.99281
2048-11-27,173.40134
2048-11-28,171.80988
2048-11-29,170.2184
2048-11-30,168.62694
2048-12-01,167.03546
2048-12-02,165.44398
2048-12-03,163.85252
2048-12-04,162.26105
2048-12-05,160.66959
2048-12-06,159.07811
2048-12-07,157.48665
2048-12-08,155.89517
2048-12-09,154.30371
2048-12-10,152.71223
2048-12-11,151.12077
2048-12-12,149.5293
2048-12-13,147.93784
2048-12-14,146.34636
2048-12-15,144.7549
2048-12-16,143.16342
2048-12-17,143.8485
2048-12-18,144.53357
2048-12-19,145.21863
2048-12-20,145.9037
2048-12-21,146.58878
2048-12-22,147.27385
2048-12-23,147.95891
2048-12-24,148.64398
2048-12-25,149.32906
2048-12-26,150.01413
2048-12-27,150.6992
2048-12-28,151.38426
2048-12-29,152.06934
2048-12-30,152.75441
2048-12-31,153.43948
2049-01-01,154.12454
2049-01-02,154.80962
2049-01-03,155.49469
2049-01-04,156.17976
2049-01-05,156.86482
2049-01-06,157.5499
2049-01-07,158.23497
2049-01-08,158.92004
2049-01-09,159.60512
2049-01-10,160.29018
2049-01-11,160.97525
2049-01-12,161.66032
2049-01-13,162.3454
2049-01-14,163.03046
2049-01-15,163.71553
2049-01-16,164.4006
2049-01-17,165.73143
2049-01-18,167.06226
2049-01-19,168.3931
2049-01-20,169.72392
2049-01-21,171.05475
2049-01-22,172.38557
2049-01-23,173.71642
2049-01-24,175.04724
2049-01-25,176.37807
2049-01-26,177.7089
2049-01-27,179.03973
2049-01-28,180.37056
2049-01-29,181.70139
2049-01-30,183.03221
2049-01-31,184.36304
2049-02-01,185.69388
2049-02-02,187.0247
2049-02-03,188.35553
2049-02-04,189.68636
2049-02-05,191.0172
2049-02-06,192.34802
2049-02-07,193.67885
2049-02-08,195.00967
2049-02-09,196.34052
2049-02-10,197.67134
2049-02-11,199.00217
2049-02-12,200.333
2049-02-13,201.66383
2049-02-14,202.99466
2049-02-15,204.32549
2049-02-16,205.2937
2049-02-17,206.26192
2049-02-18,207.23013
2049-02-19,208.19835
2049-02-20,209.16658
2049-02-21,210.1348
2049-02-22,211.10301
2049-02-23,212.07123
2049-02-24,213.03944
2049-02-25,214.00766
2049-02-26,214.97588
2049-02-27,215.94409
2049-02-28,216.91231
2049-03-01,217.88052
2049-03-02,218.84875
2049-03-03,219.81697
2049-03-04,220.78519
2049-03-05,221.7534
2049-03-06,222.72162
2049-03-07,223.68983
2049-03-08,224.65805
2049-03-09,225.62627
2049-03-10,226.59448
2049-03-11,227.5627
2049-03-12,228.53093
2049-03-13,229.49915
2049-03-14,230.46736
2049-03-15,231.43558
2049-03-16,232.4038
2049-03-17,233.67796
2049-03-18,234.95213
2049-03-19,236.2263
2049-03-20,237.50047
2049-03-21,238.77464
2049-03-22,240.04881
2049-03-23,241.32298
2049-03-24,242.59715
2049-03-25,243.87132
2049-03-26,245.1455
2049-03-27,246.41966
2049-03-28,247.69383
2049-03-29,248.968
2049-03-30,250.24217
2049-03-31,251.51634
2049-04-01,252.79053
2049-04-02,254.0647
2049-04-03,255.33887
2049-04-04,256.61304
2049-04-05,257.8872
2049-04-06,259.16138
2049-04-07,260.43555
2049-04-08,261.70972
2049-04-09,262.9839
2049-04-10,264.25806
2049-04-11,265.53223
2049-04-12,266.8064
2049-04-13,268.08057
2049-04-14,269.35474
2049-04-15,270.6289
2049-04-16,271.90308
2049-04-17,272.861
2049-04-18,273.81894
2049-04-19,274.77686
2049-04-20,275.7348
2049-04-21,276.69272
2049-04-22,277.65067
2049-04-23,278.60858
2049-04-24,279.5665
2049-04-25,280.52444
2049-04-26,281.48236
2049-04-27,282.4403
2049-04-28,283.39822
2049-04-29,284.35617
2049-04-30,285.3141
2049-05-01,286.27203
2049-05-02,287.22995
2049-05-03,288.18787
2049-05-04,289.1458
2049-05-05,290.10373
2049-05-06,291.06168
2049-05-07,292.0196
2049-05-08,292.97754
2049-05-09,293.93546
2049-05-10,294.89337
2049-05-11,295.85132
2049-05-12,296.80923
2049-05-13,297.76718
2049-05-14,298.7251
2049-05-15,299.68304
2049-05-16,300.64096
2049-05-17,301.19983
2049-05-18,301.7587
2049-05-19,302.31757
2049-05-20,302.87643
2049-05-21,303.4353
2049-05-22,303.99417
2049-05-23,304.55304
2049-05-24,305.1119
2049-05-25,305.67078
2049-05-26,306.22964
2049-05-27,306.7885
2049-05-28,307.34738
2049-05-29,307.90625
2049-05-30,308.46512
2049-05-31,309.024
2049-06-01,309.5829
2049-06-02,310.14175
2049-06-03,310.70062
2049-06-04,311.2595
2049-06-05,311.81836
2049-06-06,312.37723
2049-06-07,312.9361
2049-06-08,313.49496
2049-06-09,314.05383
2049-06-10,314.6127
2049-06-11,315.17157
2049-06-12,315.73044
2049-06-13,316.2893
2049-06-14,316.84818
2049-06-15,317.40704
2049-06-16,317.9659
2049-06-17,317.41135
2049-06-18,316.8568
2049-06-19,316.30225
2049-06-20,315.74768
2049-06-21,315.19315
2049-06-22,314.63858
2049-06-23,314.084
2049-06-24,313.52948
2049-06-25,312.9749
2049-06-26,312.42035
2049-06-27,311.8658
2049-06-28,311.31125
2049-06-29,310.75668
2049-06-30,310.20215
2049-07-01,309.64758
2049-07-02,309.09302
2049-07-03,308.53848
2049-07-04,307.98392
2049-07-05,307.42935
2049-07-06,306.87482
2049-07-07,306.32025
2049-07-08,305.7657
2049-07-09,305.21115
2049-07-10,304.6566
2049-07-11,304.10202
2049-07-12,303.5475
2049-07-13,302.99292
2049-07-14,302.43835
2049-07-15,301.88382
2049-07-16,301.32925
2049-07-17,300.12173
2049-07-18,298.9142
2049-07-19,297.7067
2049-07-20,296.49918
2049-07-21,295.29166
2049-07-22,294.08414
2049-07-23,292.87662
2049-07-24,291.66907
2049-07-25,290.46155
2049-07-26,289.25403
2049-07-27,288.0465
2049-07-28,286.839
2049-07-29,285.63147
2049-07-30,284.42395
2049-07-31,283.21643
2049-08-01,282.0089
2049-08-02,280.8014
2049-08-03,279.59387
2049-08-04,278.38635
2049-08-05,277.17883
2049-08-06,275.9713
2049-08-07,274.7638
2049-08-08,273.55627
2049-08-09,272.34872
2049-08-10,271.1412
2049-08-11,269.9337
2049-08-12,268.72617
2049-08-13,267.51865
2049-08-14,266.31113
2049-08-15,265.1036
2049-08-16,263.8961
2049-08-17,262.6055
2049-08-18,261.31488
2049-08-19,260.0243
2049-08-20,258.73367
2049-08-21,257.44308
2049-08-22,256.15247
2049-08-23,254.86186
2049-08-24,253.57127
2049-08-25,252.28067
2049-08-26,250.99007
2049-08-27,249.69946
2049-08-28,248.40886
2049-08-29,247.11826
2049-08-30,245.82765
2049-08-31,244.53705
2049-09-01,243.24644
2049-09-02,241.95584
2049-09-03,240.66524
2049-09-04,239.37463
2049-09-05,238.08403
2049-09-06,236.79343
2049-09-07,235.50282
2049-09-08,234.21222
2049-09-09,232.92163
2049-09-10,231.63103
2049-09-11,230.34042
2049-09-12,229.04982
2049-09-13,227.75922
2049-09-14,226.46861
2049-09-15,225.17801
2049-09-16,223.8874
2049-09-17,223.94522
2049-09-18,224.00304
2049-09-19,224.06085
2049-09-20,224.11865
2049-09-21,224.17647
2049-09-22,224.23428
2049-09-23,224.2921
2049-09-24,224.34991
2049-09-25,224.40773
2049-09-26,224.46555
2049-09-27,224.52336
2049-09-28,224.58116
2049-09-29,224.63898
2049-09-30,224.6968
2049-10-01,224.75461
2049-10-02,224.81242
2049-10-03,224.87024
2049-10-04,224.92805
2049-10-05,224.98586
2049-10-06,225.04367
2049-10-07,225.10149
2049-10-08,225.1593
2049-10-09,225.21712
2049-10-10,225.27493
2049-10-11,225.33275
2049-10-12,225.39056
2049-10-13,225.44836
2049-10-14,225.50618
2049-10-15,225.564
2049-10-16,225.62181
2049-10-17,224.08179
2049-10-18,222.54176
2049-10-19,221.00174
2049-10-20,219.46173
2049-10-21,217.9217
2049-10-22,216.38168
2049-10-23,214.84166
2049-10-24,213.30164
2049-10-25,211.76161
2049-10-26,210.22159
2049-10-27,208.68156
2049-10-28,207.14156
2049-10-29,205.60153
2049-10-30,204.06151
2049-10-31,202.52148
2049-11-01,200.98146
2049-11-02,199.44144
2049-11-03,197.90141
2049-11-04,196.36139
2049-11-05,194.82138
2049-11-06,193.28136
2049-11-07,191.74133
2049-11-08,190.20131
2049-11-09,188.66129
2049-11-10,187.12126
2049-11-11,185.58124
2049-11-12,184.04121
2049-11-13,182.5012
2049-11-14,180.96118
2049-11-15,179.42116
2049-11-16,177.88113
2049-11-17,176.73029
2049-11-18,175.57944
2049-11-19,174.42859
2049-11-20,173.27776
2049-11-21,172.1269
2049-11-22,170.97606
2049-11-23,169.82521
2049-11-24,168.67436
2049-11-25,167.52353
2049-11-26,166.37268
2049-11-27,165.22183
2049-11-28,164.07098
2049-11-29,162.92014
2049-11-30,161.76929
2049-12-01,160.61844
2049-12-02,159.4676
2049-12-03,158.31676
2049-12-04,157.16591
2049-12-05,156.01506
2049-12-06,154.86421
2049-12-07,153.71338
2049-12-08,152.56253
2049-12-09,151.41168
2049-12-10,150.26083
2049-12-11,149.10999
2049-12-12,147.95914
2049-12-13,146.80829
2049-12-14,145.65746
2049-12-15,144.5066
2049-12-16,143.35576
2049-12-17,144.54445
2049-12-18,145.73314
2049-12-19,146.92183
2049-12-20,148.11052
2049-12-21,149.29921
2049-12-22,150.4879
2049-12-23,151.67659
2049-12-24,152.86526
2049-12-25,154.05396
2049-12-26,155.24265
2049-12-27,156.43134
2049-12-28,157.62003
2049-12-29,158.80872
2049-12-30,159.9974
2049-12-31,161.1861
2050-01-01,162.37479
2050-01-02,163.56348
2050-01-03,164.75217
2050-01-04,165.94086
2050-01-05,167.12955
2050-01-06,168.31824
2050-01-07,169.50693
2050-01-08,170.69562
2050-01-09,171.8843
2050-01-10,173.07298
2050-01-11,174.26167
2050-01-12,175.45036
2050-01-13,176.63905
2050-01-14,177.82774
2050-01-15,179.01643
2050-01-16,180.20512
2050-01-17,180.43266
2050-01-18,180.6602
2050-01-19,180.88774
2050-01-20,181.11528
2050-01-21,181.34282
2050-01-22,181.57036
2050-01-23,181.7979
2050-01-24,182.02542
2050-01-25,182.25296
2050-01-26,182.4805
2050-01-27,182.70804
2050-01-28,182.93558
2050-01-29,183.16312
2050-01-30,183.39066
2050-01-31,183.6182
2050-02-01,183.84573
2050-02-02,184.07327
2050-02-03,184.30081
2050-02-04,184.52835
2050-02-05,184.75589
2050-02-06,184.98343
2050-02-07,185.21097
2050-02-08,185.43849
2050-02-09,185.66603
2050-02-10,185.89357
2050-02-11,186.12111
2050-02-12,186.34865
2050-02-13,186.57619
2050-02-14,186.80373
2050-02-15,187.03127
2050-02-16,188.85995
2050-02-17,190.68863
2050-02-18,192.51732
2050-02-19,194.346
2050-02-20,196.17468
2050-02-21,198.00336
2050-02-22,199.83205
2050-02-23,201.66072
2050-02-24,203.48941
2050-02-25,205.31808
2050-02-26,207.14677
2050-02-27,208.97545
2050-02-28,210.80414
2050-03-01,212.63281
2050-03-02,214.4615
2050-03-03,216.29018
2050-03-04,218.11887
2050-03-05,219.94754
2050-03-06,221.77623
2050-03-07,223.6049
2050-03-08,225.4336
2050-03-09,227.26227
2050-03-10,229.09096
2050-03-11,230.91963
2050-03-12,232.74832
2050-03-13,234.577
2050-03-14,236.40569
2050-03-15,238.23436
2050-03-16,240.06305
2050-03-17,241.01337
2050-03-18,241.96368
2050-03-19,242.91402
2050-03-20,243.86433
2050-03-21,244.81465
2050-03-22,245.76497
2050-03-23,246.71529
2050-03-24,247.66562
2050-03-25,248.61594
2050-03-26,249.56625
2050-03-27,250.51657
2050-03-28,251.46689
2050-03-29,252.41722
2050-03-30,253.36754
2050-03-31,254.31786
2050-04-01,255.26817
2050-04-02,256.2185
2050-04-03,257.16882
2050-04-04,258.11914
2050-04-05,259.06946
2050-04-06,260.01978
2050-04-07,260.9701
2050-04-08,261.9204
2050-04-09,262.87073
2050-04-10,263.82104
2050-04-11,264.7714
2050-04-12,265.7217
2050-04-13,266.67203
2050-04-14,267.62234
2050-04-15,268.57266
2050-04-16,269.52298
2050-04-17,269.77228
2050-04-18,270.0216
2050-04-19,270.2709
2050-04-20,270.5202
2050-04-21,270.76953
2050-04-22,271.01883
2050-04-23,271.26813
2050-04-24,271.51743
2050-04-25,271.76675
2050-04-26,272.01605
2050-04-27,272.26535
2050-04-28,272.51468
2050-04-29,272.76398
2050-04-30,273.01328
2050-05-01,273.26257
2050-05-02,273.5119
2050-05-03,273.7612
2050-05-04,274.0105
2050-05-05,274.25983
2050-05-06,274.50912
2050-05-07,274.75842
2050-05-08,275.00775
2050-05-09,275.25705
2050-05-10,275.50635
2050-05-11,275.75568
2050-05-12,276.00497
2050-05-13,276.25427
2050-05-14,276.50357
2050-05-15,276.7529
2050-05-16,277.0022
2050-05-17,277.81534
2050-05-18,278.6285
2050-05-19,279.44165
2050-05-20,280.2548
2050-05-21,281.06796
2050-05-22,281.8811
2050-05-23,282.69424
2050-05-24,283.50742
2050-05-25,284.32056
2050-05-26,285.1337
2050-05-27,285.94687
2050-05-28,286.76
2050-05-29,287.57315
2050-05-30,288.38632
2050-05-31,289.19946
2050-06-01,290.0126
2050-06-02,290.82574
2050-06-03,291.63892
2050-06-04,292.45206
2050-06-05,293.2652
2050-06-06,294.07837
2050-06-07,294.8915
2050-06-08,295.70465
2050-06-09,296.51782
2050-06-10,297.33096
2050-06-11,298.1441
2050-06-12,298.95728
2050-06-13,299.77042
2050-06-14,300.58356
2050-06-15,301.39673
2050-06-16,302.20987
2050-06-17,302.38516
2050-06-18,302.5605
2050-06-19,302.73578
2050-06-20,302.9111
2050-06-21,303.0864
2050-06-22,303.2617
2050-06-23,303.437
2050-06-24,303.6123
2050-06-25,303.78763
2050-06-26,303.96292
2050-06-27,304.1382
2050-06-28,304.31354
2050-06-29,304.48883
2050-06-30,304.66415
2050-07-01,304.83945
2050-07-02,305.01474
2050-07-03,305.19006
2050-07-04,305.36536
2050-07-05,305.54068
2050-07-06,305.71597
2050-07-07,305.89127
2050-07-08,306.0666
2050-07-09,306.24188
2050-07-10,306.4172
2050-07-11,306.5925
2050-07-12,306.7678
2050-07-13,306.9431
2050-07-14,307.1184
2050-07-15,307.29373
2050-07-16,307.46902
2050-07-17,306.85028
2050-07-18,306.23154
2050-07-19,305.61282
2050-07-20,304.99408
2050-07-21,304.37534
2050-07-22,303.7566
2050-07-23,303.13785
2050-07-24,302.51913
2050-07-25,301.9004
2050-07-26,301.28165
2050-07-27,300.6629
2050-07-28,300.04416
2050-07-29,299.42545
2050-07-30,298.8067
2050-07-31,298.18796
2050-08-01,297.5692
2050-08-02,296.95047
2050-08-03,296.33173
2050-08-04,295.713
2050-08-05,295.09427
2050-08-06,294.47552
2050-08-07,293.85678
2050-08-08,293.23804
2050-08-09,292.61932
2050-08-10,292.00058
2050-08-11,291.38184
2050-08-12,290.7631
2050-08-13,290.14435
2050-08-14,289.52563
2050-08-15,288.9069
2050-08-16,288.28815
2050-08-17,287.36856
2050-08-18,286.449
2050-08-19,285.52942
2050-08-20,284.60986
2050-08-21,283.69028
2050-08-22,282.7707
2050-08-23,281.85114
2050-08-24,280.93155
2050-08-25,280.01196
2050-08-26,279.0924
2050-08-27,278.17282
2050-08-28,277.25327
2050-08-29,276.33368
2050-08-30,275.4141
2050-08-31,274.49454
2050-09-01,273.57495
2050-09-02,272.6554
2050-09-03,271.7358
2050-09-04,270.81622
2050-09-05,269.89667
2050-09-06,268.97708
2050-09-07,268.05753
2050-09-08,267.13794
2050-09-09,266.21835
2050-09-10,265.2988
2050-09-11,264.3792
2050-09-12,263.45963
2050-09-13,262.54007
2050-09-14,261.62048
2050-09-15,260.70093
2050-09-16,259.78134
2050-09-17,258.71667
2050-09-18,257.652
2050-09-19,256.58734
2050-09-20,255.52269
2050-09-21,254.45804
2050-09-22,253.39337
2050-09-23,252.3287
2050-09-24,251.26405
2050-09-25,250.19939
2050-09-26,249.13472
2050-09-27,248.07007
2050-09-28,247.0054
2050-09-29,245.94073
2050-09-30,244.87608
2050-10-01,243.81142
2050-10-02,242.74675
2050-10-03,241.6821
2050-10-04,240.61743
2050-10-05,239.55276
2050-10-06,238.48811
2050-10-07,237.42345
2050-10-08,236.35878
2050-10-09,235.29413
2050-10-10,234.22946
2050-10-11,233.1648
2050-10-12,232.10014
2050-10-13,231.03548
2050-10-14,229.97081
2050-10-15,228.90616
2050-10-16,227.84149
2050-10-17,226.05377
2050-10-18,224.26605
2050-10-19,222.47833
2050-10-20,220.6906
2050-10-21,218.90288
2050-10-22,217.11516
2050-10-23,215.32744
2050-10-24,213.53972
2050-10-25,211.752
2050-10-26,209.96428
2050-10-27,208.17656
2050-10-28,206.38882
2050-10-29,204.6011
2050-10-30,202.81339
2050-10-31,201.02567
2050-11-01,199.23795
2050-11-02,197.45023
2050-11-03,195.6625
2050-11-04,193.87479
2050-11-05,192.08705
2050-11-06,190.29933
2050-11-07,188.51161
2050-11-08,186.72389
2050-11-09,184.93617
2050-11-10,183.14845
2050-11-11,181.36073
2050-11-12,179.57301
2050-11-13,177.78528
2050-11-14,175.99756
2050-11-15,174.20984
2050-11-16,172.42212
2050-11-17,171.68045
2050-11-18,170.9388
2050-11-19,170.19713
2050-11-20,169.45547
2050-11-21,168.7138
2050-11-22,167.97214
2050-11-23,167.23048
2050-11-24,166.48882
2050-11-25,165.74716
2050-11-26,165.0055
2050-11-27,164.26382
2050-11-28,163.52217
2050-11-29,162.7805
2050-11-30,162.03885
2050-12-01,161.29718
2050-12-02,160.55551
2050-12-03,159.81386
2050-12-04,159.07219
2050-12-05,158.33054
2050-12-06,157.58887
2050-12-07,156.8472
2050-12-08,156.10555
2050-12-09,155.36388
2050-12-10,154.62222
2050-12-11,153.88055
2050-12-12,153.13889
2050-12-13,152.39723
2050-12-14,151.65556
2050-12-15,150.91391
2050-12-16,150.17224
2050-12-17,150.84726
2050-12-18,151.52228
2050-12-19,152.1973
2050-12-20,152.87233
2050-12-21,153.54735
2050-12-22,154.22237
2050-12-23,154.89738
2050-12-24,155.5724
2050-12-25,156.24742
2050-12-26,156.92244
2050-12-27,157.59746
2050-12-28,158.27249
2050-12-29,158.94751
2050-12-30,159.62253
2050-12-31,160.29755
2051-01-01,160.97256
2051-01-02,161.64758
2051-01-03,162.3226
2051-01-04,162.99762
2051-01-05,163.67265
2051-01-06,164.34767
2051-01-07,165.02269
2051-01-08,165.69771
2051-01-09,166.37273
2051-01-10,167.04774
2051-01-11,167.72276
2051-01-12,168.39778
2051-01-13,169.07281
2051-01-14,169.74783
2051-01-15,170.42285
2051-01-16,171.09787
2051-01-17,172.32164
2051-01-18,173.54541
2051-01-19,174.76918
2051-01-20,175.99295
2051-01-21,177.21672
2051-01-22,178.44049
2051-01-23,179.66426
2051-01-24,180.88803
2051-01-25,182.1118
2051-01-26,183.33557
2051-01-27,184.55934
2051-01-28,185.78311
2051-01-29,187.00688
2051-01-30,188.23065
2051-01-31,189.4544
2051-02-01,190.67818
2051-02-02,191.90195
2051-02-03,193.12572
2051-02-04,194.34949
2051-02-05,195.57326
2051-02-06,196.79703
2051-02-07,198.0208
2051-02-08,199.24457
2051-02-09,200.46834
2051-02-10,201.69211
2051-02-11,202.91588
2051-02-12,204.13965
2051-02-13,205.36342
2051-02-14,206.58719
2051-02-15,207.81096
2051-02-16,209.07338
2051-02-17,210.33582
2051-02-18,211.59824
2051-02-19,212.86066
2051-02-20,214.1231
2051-02-21,215.38551
2051-02-22,216.64793
2051-02-23,217.91037
2051-02-24,219.17279
2051-02-25,220.43521
2051-02-26,221.69765
2051-02-27,222.96007
2051-02-28,224.22249
2051-03-01,225.48492
2051-03-02,226.74734
2051-03-03,228.00978
2051-03-04,229.2722
2051-03-05,230.53462
2051-03-06,231.79706
2051-03-07,233.05948
2051-03-08,234.3219
2051-03-09,235.58434
2051-03-10,236.84676
2051-03-11,238.10918
2051-03-12,239.37161
2051-03-13,240.63403
2051-03-14,241.89645
2051-03-15,243.15889
2051-03-16,244.42131
2051-03-17,245.45369
2051-03-18,246.48607
2051-03-19,247.51845
2051-03-20,248.55083
2051-03-21,249.5832
2051-03-22,250.61557
2051-03-23,251.64795
2051-03-24,252.68033
2051-03-25,253.7127
2051-03-26,254.74509
2051-03-27,255.77747
2051-03-28,256.80984
2051-03-29,257.84222
2051-03-30,258.8746
2051-03-31,259.90698
2051-04-01,260.93936
2051-04-02,261.97174
2051-04-03,263.00412
2051-04-04,264.0365
2051-04-05,265.06888
2051-04-06,266.10123
2051-04-07,267.1336
2051-04-08,268.166
2051-04-09,269.19836
2051-04-10,270.23074
2051-04-11,271.26312
2051-04-12,272.2955
2051-04-13,273.32788
2051-04-14,274.36026
2051-04-15,275.39264
2051-04-16,276.42502
2051-04-17,276.90445
2051-04-18,277.3839
2051-04-19,277.86334
2051-04-20,278.3428
2051-04-21,278.82224
2051-04-22,279.30167
2051-04-23,279.78113
2051-04-24,280.26056
2051-04-25,280.74002
2051-04-26,281.21945
2051-04-27,281.69888
2051-04-28,282.17834
2051-04-29,282.65778
2051-04-30,283.13724
2051-05-01,283.61667
2051-05-02,284.0961
2051-05-03,284.57556
2051-05-04,285.055
2051-05-05,285.53445
2051-05-06,286.0139
2051-05-07,286.49332
2051-05-08,286.97278
2051-05-09,287.4522
2051-05-10,287.93167
2051-05-11,288.4111
2051-05-12,288.89053
2051-05-13,289.37
2051-05-14,289.84943
2051-05-15,290.3289
2051-05-16,290.80832
2051-05-17,291.61945
2051-05-18,292.43057
2051-05-19,293.2417
2051-05-20,294.05286
2051-05-21,294.86398
2051-05-22,295.6751
2051-05-23,296.48624
2051-05-24,297.29736
2051-05-25,298.1085
2051-05-26,298.91965
2051-05-27,299.73077
2051-05-28,300.5419
2051-05-29,301.35303
2051-05-30,302.16415
2051-05-31,302.97528
2051-06-01,303.78644
2051-06-02,304.59756
2051-06-03,305.4087
2051-06-04,306.21982
2051-06-05,307.03094
2051-06-06,307.84207
2051-06-07,308.65323
2051-06-08,309.46436
2051-06-09,310.27548
2051-06-10,311.0866
2051-06-11,311.89774
2051-06-12,312.70886
2051-06-13,313.52002
2051-06-14,314.33115
2051-06-15,315.14227
2051-06-16,315.9534
2051-06-17,315.62595
2051-06-18,315.29852
2051-06-19,314.97107
2051-06-20,314.64362
2051-06-21,314.31616
2051-06-22,313.98874
2051-06-23,313.6613
2051-06-24,313.33383
2051-06-25,313.0064
2051-06-26,312.67896
2051-06-27,312.3515
2051-06-28,312.02408
2051-06-29,311.69662
2051-06-30,311.36917
2051-07-01,311.04175
2051-07-02,310.7143
2051-07-03,310.38684
2051-07-04,310.0594
2051-07-05,309.73196
2051-07-06,309.4045
2051-07-07,309.07706
2051-07-08,308.74963
2051-07-09,308.42218
2051-07-10,308.09473
2051-07-11,307.76727
2051-07-12,307.43985
2051-07-13,307.1124
2051-07-14,306.78494
2051-07-15,306.45752
2051-07-16,306.13007
2051-07-17,305.23785
2051-07-18,304.34564
2051-07-19,303.45343
2051-07-20,302.56125
2051-07-21,301.66904
2051-07-22,300.77682
2051-07-23,299.8846
2051-07-24,298.9924
2051-07-25,298.1002
2051-07-26,297.208
2051-07-27,296.3158
2051-07-28,295.42358
2051-07-29,294.53137
2051-07-30,293.63916
2051-07-31,292.74695
2051-08-01,291.85477
2051-08-02,290.96255
2051-08-03,290.07034
2051-08-04,289.17813
2051-08-05,288.28592
2051-08-06,287.3937
2051-08-07,286.50153
2051-08-08,285.6093
2051-08-09,284.7171
2051-08-10,283.8249
2051-08-11,282.93268
2051-08-12,282.04047
2051-08-13,281.1483
2051-08-14,280.25607
2051-08-15,279.36386
2051-08-16,278.47165
2051-08-17,278.01514
2051-08-18,277.55862
2051-08-19,277.10208
2051-08-20,276.64557
2051-08-21,276.18906
2051-08-22,275.73254
2051-08-23,275.276
2051-08-24,274.8195
2051-08-25,274.36298
2051-08-26,273.90646
2051-08-27,273.44995
2051-08-28,272.9934
2051-08-29,272.5369
2051-08-30,272.08038
2051-08-31,271.62387
2051-09-01,271.16733
2051-09-02,270.71082
2051-09-03,270.2543
2051-09-04,269.7978
2051-09-05,269.34125
2051-09-06,268.88474
2051-09-07,268.42822
2051-09-08,267.9717
2051-09-09,267.5152
2051-09-10,267.05865
2051-09-11,266.60214
2051-09-12,266.14563
2051-09-13,265.68912
2051-09-14,265.23257
2051-09-15,264.77606
2051-09-16,264.31955
2051-09-17,262.38156
2051-09-18,260.44357
2051-09-19,258.50558
2051-09-20,256.5676
2051-09-21,254.6296
2051-09-22,252.6916
2051-09-23,250.75362
2051-09-24,248.81563
2051-09-25,246.87764
2051-09-26,244.93965
2051-09-27,243.00166
2051-09-28,241.06366
2051-09-29,239.12567
2051-09-30,237.18768
2051-10-01,235.2497
2051-10-02,233.3117
2051-10-03,231.37372
2051-10-04,229.43573
2051-10-05,227.49773
2051-10-06,225.55974
2051-10-07,223.62175
2051-10-08,221.68376
2051-10-09,219.74577
2051-10-10,217.80779
2051-10-11,215.8698
2051-10-12,213.93181
2051-10-13,211.9938
2051-10-14,210.05582
2051-10-15,208.11783
2051-10-16,206.17984
2051-10-17,205.64078
2051-10-18,205.10172
2051-10-19,204.56265
2051-10-20,204.02359
2051-10-21,203.48453
2051-10-22,202.94547
2051-10-23,202.4064
2051-10-24,201.86732
2051-10-25,201.32826
2051-10-26,200.7892
2051-10-27,200.25014
2051-10-28,199.71107
2051-10-29,199.17201
2051-10-30,198.63295
2051-10-31,198.09389
2051-11-01,197.55482
2051-11-02,197.01576
2051-11-03,196.4767
2051-11-04,195.93764
2051-11-05,195.39857
2051-11-06,194.85951
2051-11-07,194.32045
2051-11-08,193.78139
2051-11-09,193.24231
2051-11-10,192.70325
2051-11-11,192.16418
2051-11-12,191.62512
2051-11-13,191.08606
2051-11-14,190.547
2051-11-15,190.00793
2051-11-16,189.46887
2051-11-17,188.68095
2051-11-18,187.89304
2051-11-19,187.10512
2051-11-20,186.31718
2051-11-21,185.52927
2051-11-22,184.74135
2051-11-23,183.95343
2051-11-24,183.16551
2051-11-25,182.3776
2051-11-26,181.58968
2051-11-27,180.80176
2051-11-28,180.01382
2051-11-29,179.2259
2051-11-30,178.43799
2051-12-01,177.65007
2051-12-02,176.86215
2051-12-03,176.07423
2051-12-04,175.28632
2051-12-05,174.49838
2051-12-06,173.71046
2051-12-07,172.92255
2051-12-08,172.13463
2051-12-09,171.34671
2051-12-10,170.55879
2051-12-11,169.77087
2051-12-12,168.98296
2051-12-13,168.19502
2051-12-14,167.4071
2051-12-15,166.61919
2051-12-16,165.83127
2051-12-17,165.97769
2051-12-18,166.12411
2051-12-19,166.27052
2051-12-20,166.41695
2051-12-21,166.56337
2051-12-22,166.7098
2051-12-23,166.8562
2051-12-24,167.00262
2051-12-25,167.14905
2051-12-26,167.29547
2051-12-27,167.4419
2051-12-28,167.5883
2051-12-29,167.73473
2051-12-30,167.88115
2051-12-31,168.02757
2052-01-01,168.17398
2052-01-02,168.3204
2052-01-03,168.46683
2052-01-04,168.61325
2052-01-05,168.75966
2052-01-06,168.90608
2052-01-07,169.0525
2052-01-08,169.19893
2052-01-09,169.34535
2052-01-10,169.49176
2052-01-11,169.63818
2052-01-12,169.7846
2052-01-13,169.93103
2052-01-14,170.07744
2052-01-15,170.22386
2052-01-16,170.37029
2052-01-17,171.65454
2052-01-18,172.93878
2052-01-19,174.22302
2052-01-20,175.50728
2052-01-21,176.79153
2052-01-22,178.07578
2052-01-23,179.36002
2052-01-24,180.64427
2052-01-25,181.92853
2052-01-26,183.21277
2052-01-27,184.49701
2052-01-28,185.78127
2052-01-29,187.06552
2052-01-30,188.34976
2052-01-31,189.634
2052-02-01,190.91826
2052-02-02,192.20251
2052-02-03,193.48676
2052-02-04,194.771
2052-02-05,196.05525
2052-02-06,197.33951
2052-02-07,198.62375
2052-02-08,199.90799
2052-02-09,201.19225
2052-02-10,202.4765
2052-02-11,203.76074
2052-02-12,205.04498
2052-02-13,206.32924
2052-02-14,207.6135
2052-02-15,208.89774
2052-02-16,209.9823
2052-02-17,211.06688
2052-02-18,212.15144
2052-02-19,213.23601
2052-02-20,214.32059
2052-02-21,215.40515
2052-02-22,216.48973
2052-02-23,217.5743
2052-02-24,218.65886
2052-02-25,219.74344
2052-02-26,220.828
2052-02-27,221.91257
2052-02-28,222.99715
2052-02-29,224.08171
2052-03-01,225.16629
2052-03-02,226.25085
2052-03-03,227.33542
2052-03-04,228.42
2052-03-05,229.50456
2052-03-06,230.58913
2052-03-07,231.6737
2052-03-08,232.75827
2052-03-09,233.84283
2052-03-10,234.92741
2052-03-11,236.01198
2052-03-12,237.09656
2052-03-13,238.18112
2052-03-14,239.26569
2052-03-15,240.35027
2052-03-16,241.43483
2052-03-17,242.56572
2052-03-18,243.69662
2052-03-19,244.82751
2052-03-20,245.9584
2052-03-21,247.0893
2052-03-22,248.2202
2052-03-23,249.35109
2052-03-24,250.48198
2052-03-25,251.61288
2052-03-26,252.74377
2052-03-27,253.87466
2052-03-28,255.00555
2052-03-29,256.13644
2052-03-30,257.26736
2052-03-31,258.39825
2052-04-01,259.52914
2052-04-02,260.66003
2052-04-03,261.79092
2052-04-04,262.9218
2052-04-05,264.0527
2052-04-06,265.18362
2052-04-07,266.3145
2052-04-08,267.4454
2052-04-09,268.5763
2052-04-10,269.70718
2052-04-11,270.83807
2052-04-12,271.96896
2052-04-13,273.09988
2052-04-14,274.23077
2052-04-15,275.36166
2052-04-16,276.49255
2052-04-17,277.829
2052-04-18,279.1655
2052-04-19,280.50195
2052-04-20,281.83844
2052-04-21,283.1749
2052-04-22,284.51138
2052-04-23,285.84784
2052-04-24,287.18433
2052-04-25,288.52078
2052-04-26,289.85727
2052-04-27,291.19373
2052-04-28,292.5302
2052-04-29,293.86667
2052-04-30,295.20316
2052-05-01,296.5396
2052-05-02,297.87607
2052-05-03,299.21255
2052-05-04,300.549
2052-05-05,301.8855
2052-05-06,303.22195
2052-05-07,304.55844
2052-05-08,305.8949
2052-05-09,307.23138
2052-05-10,308.56784
2052-05-11,309.90433
2052-05-12,311.24078
2052-05-13,312.57727
2052-05-14,313.91373
2052-05-15,315.2502
2052-05-16,316.58667
2052-05-17,316.03104
2052-05-18,315.47543
2052-05-19,314.9198
2052-05-20,314.3642
2052-05-21,313.80856
2052-05-22,313.25296
2052-05-23,312.69733
2052-05-24,312.14172
2052-05-25,311.5861
2052-05-26,311.0305
2052-05-27,310.47485
2052-05-28,309.91925
2052-05-29,309.36362
2052-05-30,308.808
2052-05-31,308.25238
2052-06-01,307.69678
2052-06-02,307.14114
2052-06-03,306.58554
2052-06-04,306.0299
2052-06-05,305.4743
2052-06-06,304.91867
2052-06-07,304.36307
2052-06-08,303.80743
2052-06-09,303.25183
2052-06-10,302.6962
2052-06-11,302.1406
2052-06-12,301.58496
2052-06-13,301.02936
2052-06-14,300.47372
2052-06-15,299.91812
2052-06-16,299.3625
2052-06-17,299.49292
2052-06-18,299.62338
2052-06-19,299.7538
2052-06-20,299.88425
2052-06-21,300.0147
2052-06-22,300.14514
2052-06-23,300.27557
2052-06-24,300.406
2052-06-25,300.53647
2052-06-26,300.6669
2052-06-27,300.79733
2052-06-28,300.9278
2052-06-29,301.05823
2052-06-30,301.18866
2052-07-01,301.3191
2052-07-02,301.44955
2052-07-03,301.58
2052-07-04,301.71042
2052-07-05,301.84088
2052-07-06,301.9713
2052-07-07,302.10175
2052-07-08,302.2322
2052-07-09,302.36264
2052-07-10,302.49307
2052-07-11,302.62354
2052-07-12,302.75397
2052-07-13,302.8844
2052-07-14,303.01483
2052-07-15,303.1453
2052-07-16,303.27573
2052-07-17,302.95328
2052-07-18,302.63083
2052-07-19,302.30838
2052-07-20,301.9859
2052-07-21,301.66345
2052-07-22,301.341
2052-07-23,301.01855
2052-07-24,300.6961
2052-07-25,300.37366
2052-07-26,300.05118
2052-07-27,299.72873
2052-07-28,299.40628
2052-07-29,299.08383
2052-07-30,298.76138
2052-07-31,298.43893
2052-08-01,298.11646
2052-08-02,297.794
2052-08-03,297.47156
2052-08-04,297.1491
2052-08-05,296.82666
2052-08-06,296.5042
2052-08-07,296.18173
2052-08-08,295.85928
2052-08-09,295.53683
2052-08-10,295.2144
2052-08-11,294.89194
2052-08-12,294.5695
2052-08-13,294.247
2052-08-14,293.92456
2052-08-15,293.6021
2052-08-16,293.27966
2052-08-17,292.45758
2052-08-18,291.63553
2052-08-19,290.81345
2052-08-20,289.99136
2052-08-21,289.1693
2052-08-22,288.34723
2052-08-23,287.52515
2052-08-24,286.7031
2052-08-25,285.881
2052-08-26,285.05893
2052-08-27,284.23688
2052-08-28,283.4148
2052-08-29,282.5927
2052-08-30,281.77066
2052-08-31,280.94858
2052-09-01,280.1265
2052-09-02,279.3044
2052-09-03,278.48236
2052-09-04,277.66028
2052-09-05,276.8382
2052-09-06,276.01614
2052-09-07,275.19406
2052-09-08,274.37198
2052-09-09,273.54993
2052-09-10,272.72784
2052-09-11,271.90576
2052-09-12,271.0837
2052-09-13,270.26163
2052-09-14,269.43954
2052-09-15,268.6175
2052-09-16,267.7954
2052-09-17,266.7909
2052-09-18,265.78635
2052-09-19,264.78183
2052-09-20,263.7773
2052-09-21,262.77277
2052-09-22,261.76825
2052-09-23,260.76373
2052-09-24,259.7592
2052-09-25,258.75467
2052-09-26,257.75015
2052-09-27,256.7456
2052-09-28,255.74109
2052-09-29,254.73656
2052-09-30,253.73204
2052-10-01,252.72751
2052-10-02,251.72298
2052-10-03,250.71846
2052-10-04,249.71393
2052-10-05,248.7094
2052-10-06,247.70488
2052-10-07,246.70035
2052-10-08,245.69582
2052-10-09,244.6913
2052-10-10,243.68677
2052-10-11,242.68224
2052-10-12,241.67772
2052-10-13,240.67319
2052-10-14,239.66866
2052-10-15,238.66414
2052-10-16,237.6596
2052-10-17,235.99368
2052-10-18,234.32776
2052-10-19,232.66183
2052-10-20,230.99593
2052-10-21,229.33
2052-10-22,227.66408
2052-10-23,225.99815
2052-10-24,224.33223
2052-10-25,222.6663
2052-10-26,221.0004
2052-10-27,219.33447
2052-10-28,217.66855
2052-10-29,216.00262
2052-10-30,214.3367
2052-10-31,212.67078
2052-11-01,211.00487
2052-11-02,209.33894
2052-11-03,207.67302
2052-11-04,206.0071
2052-11-05,204.34117
2052-11-06,202.67525
2052-11-07,201.00934
2052-11-08,199.34341
2052-11-09,197.67749
2052-11-10,196.01157
2052-11-11,194.34564
2052-11-12,192.67972
2052-11-13,191.01381
2052-11-14,189.34789
2052-11-15,187.68196
2052-11-16,186.01604
2052-11-17,185.43881
2052-11-18,184.86157
2052-11-19,184.28435
2052-11-20,183.70712
2052-11-21,183.12988
2052-11-22,182.55266
2052-11-23,181.97542
2052-11-24,181.3982
2052-11-25,180.82097
2052-11-26,180.24373
2052-11-27,179.6665
2052-11-28,179.08928
2052-11-29,178.51204
2052-11-30,177.93481
2052-12-01,177.35757
2052-12-02,176.78035
2052-12-03,176.20312
2052-12-04,175.62589
2052-12-05,175.04866
2052-12-06,174.47144
2052-12-07,173.8942
2052-12-08,173.31697
2052-12-09,172.73975
2052-12-10,172.1625
2052-12-11,171.58528
2052-12-12,171.00804
2052-12-13,170.43082
2052-12-14,169.85359
2052-12-15,169.27635
2052-12-16,168.69913
2052-12-17,169.00687
2052-12-18,169.31459
2052-12-19,169.62233
2052-12-20,169.93007
2052-12-21,170.23781
2052-12-22,170.54553
2052-12-23,170.85327
2052-12-24,171.16101
2052-12-25,171.46873
2052-12-26,171.77647
2052-12-27,172.08421
2052-12-28,172.39195
2052-12-29,172.69968
2052-12-30,173.00742
2052-12-31,173.31516
2053-01-01,173.62288
2053-01-02,173.93062
2053-01-03,174.23836
2053-01-04,174.54608
2053-01-05,174.85382
2053-01-06,175.16156
2053-01-07,175.4693
2053-01-08,175.77702
2053-01-09,176.08476
2053-01-10,176.3925
2053-01-11,176.70023
2053-01-12,177.00797
2053-01-13,177.3157
2053-01-14,177.62344
2053-01-15,177.93117
2053-01-16,178.2389
2053-01-17,179.4788
2053-01-18,180.71869
2053-01-19,181.95859
2053-01-20,183.19849
2053-01-21,184.43837
2053-01-22,185.67827
2053-01-23,186.91815
2053-01-24,188.15805
2053-01-25,189.39795
2053-01-26,190.63783
2053-01-27,191.87773
2053-01-28,193.11763
2053-01-29,194.35751
2053-01-30,195.59741
2053-01-31,196.83731
2053-02-01,198.0772
2053-02-02,199.3171
2053-02-03,200.55698
2053-02-04,201.79688
2053-02-05,203.03677
2053-02-06,204.27666
2053-02-07,205.51656
2053-02-08,206.75645
2053-02-09,207.99634
2053-02-10,209.23624
2053-02-11,210.47612
2053-02-12,211.71602
2053-02-13,212.95592
2053-02-14,214.1958
2053-02-15,215.4357
2053-02-16,216.37518
2053-02-17,217.31467
2053-02-18,218.25417
2053-02-19,219.19365
2053-02-20,220.13313
2053-02-21,221.07262
2053-02-22,222.0121
2053-02-23,222.9516
2053-02-24,223.89108
2053-02-25,224.83057
2053-02-26,225.77005
2053-02-27,226.70953
2053-02-28,227.64903
2053-03-01,228.58852
2053-03-02,229.528
2053-03-03,230.46748
2053-03-04,231.40698
2053-03-05,232.34647
2053-03-06,233.28595
2053-03-07,234.22543
2053-03-08,235.16492
2053-03-09,236.10442
2053-03-10,237.0439
2053-03-11,237.98338
2053-03-12,238.92287
2053-03-13,239.86235
2053-03-14,240.80185
2053-03-15,241.74133
2053-03-16,242.68082
2053-03-17,242.00864
2053-03-18,241.33644
2053-03-19,240.66426
2053-03-20,239.99208
2053-03-21,239.31989
2053-03-22,238.6477
2053-03-23,237.97552
2053-03-24,237.30333
2053-03-25,236.63115
2053-03-26,235.95895
2053-03-27,235.28677
2053-03-28,234.6146
2053-03-29,233.9424
2053-03-30,233.27022
2053-03-31,232.59804
2053-04-01,231.92584
2053-04-02,231.25366
2053-04-03,230.58148
2053-04-04,229.90929
2053-04-05,229.2371
2053-04-06,228.56493
2053-04-07,227.89273
2053-04-08,227.22055
2053-04-09,226.54836
2053-04-10,225.87617
2053-04-11,225.204
2053-04-12,224.5318
2053-04-13,223.85962
2053-04-14,223.18744
2053-04-15,222.51524
2053-04-16,221.84306
2053-04-17,224.81882
2053-04-18,227.79457
2053-04-19,230.77032
2053-04-20,233.7461
2053-04-21,236.72185
2053-04-22,239.6976
2053-04-23,242.67336
2053-04-24,245.64911
2053-04-25,248.62488
2053-04-26,251.60063
2053-04-27,254.57639
2053-04-28,257.55212
2053-04-29,260.5279
2053-04-30,263.50366
2053-05-01,266.4794
2053-05-02,269.45517
2053-05-03,272.4309
2053-05-04,275.40668
2053-05-05,278.38245
2053-05-06,281.3582
2053-05-07,284.33395
2053-05-08,287.3097
2053-05-09,290.28546
2053-05-10,293.26123
2053-05-11,296.23697
2053-05-12,299.21274
2053-05-13,302.18848
2053-05-14,305.16425
2053-05-15,308.13998
2053-05-16,311.11575
2053-05-17,310.22794
2053-05-18,309.3401
2053-05-19,308.45227
2053-05-20,307.56445
2053-05-21,306.6766
2053-05-22,305.7888
2053-05-23,304.90097
2053-05-24,304.01312
2053-05-25,303.1253
2053-05-26,302.2375
2053-05-27,301.34964
2053-05-28,300.46182
2053-05-29,299.574
2053-05-30,298.68616
2053-05-31,297.79834
2053-06-01,296.91052
2053-06-02,296.0227
2053-06-03,295.13486
2053-06-04,294.24704
2053-06-05,293.35922
2053-06-06,292.47137
2053-06-07,291.58356
2053-06-08,290.69574
2053-06-09,289.8079
2053-06-10,288.92007
2053-06-11,288.03226
2053-06-12,287.1444
2053-06-13,286.2566
2053-06-14,285.36877
2053-06-15,284.48093
2053-06-16,283.5931
2053-06-17,283.60794
2053-06-18,283.62274
2053-06-19,283.63757
2053-06-20,283.65237
2053-06-21,283.6672
2053-06-22,283.68204
2053-06-23,283.69684
2053-06-24,283.71167
2053-06-25,283.72647
2053-06-26,283.7413
2053-06-27,283.75613
2053-06-28,283.77094
2053-06-29,283.78577
2053-06-30,283.80057
2053-07-01,283.8154
2053-07-02,283.83023
2053-07-03,283.84503
2053-07-04,283.85986
2053-07-05,283.87466
2053-07-06,283.8895
2053-07-07,283.90433
2053-07-08,283.91913
2053-07-09,283.93396
2053-07-10,283.94876
2053-07-11,283.9636
2053-07-12,283.97842
2053-07-13,283.99323
2053-07-14,284.00806
2053-07-15,284.02286
2053-07-16,284.0377
2053-07-17,284.3045
2053-07-18,284.5713
2053-07-19,284.8381
2053-07-20,285.10492
2053-07-21,285.37173
2053-07-22,285.63852
2053-07-23,285.90533
2053-07-24,286.17215
2053-07-25,286.43893
2053-07-26,286.70575
2053-07-27,286.97256
2053-07-28,287.23938
2053-07-29,287.50616
2053-07-30,287.77298
2053-07-31,288.0398
2053-08-01,288.30658
2053-08-02,288.5734
2053-08-03,288.8402
2053-08-04,289.107
2053-08-05,289.3738
2053-08-06,289.64062
2053-08-07,289.90744
2053-08-08,290.17422
2053-08-09,290.44104
2053-08-10,290.70786
2053-08-11,290.97464
2053-08-12,291.24146
2053-08-13,291.50827
2053-08-14,291.7751
2053-08-15,292.04187
2053-08-16,292.3087
2053-08-17,290.95172
2053-08-18,289.5948
2053-08-19,288.23785
2053-08-20,286.8809
2053-08-21,285.52393
2053-08-22,284.167
2053-08-23,282.81006
2053-08-24,281.4531
2053-08-25,280.09613
2053-08-26,278.7392
2053-08-27,277.38226
2053-08-28,276.0253
2053-08-29,274.66833
2053-08-30,273.3114
2053-08-31,271.95447
2053-09-01,270.5975
2053-09-02,269.24054
2053-09-03,267.8836
2053-09-04,266.52667
2053-09-05,265.1697
2053-09-06,263.81274
2053-09-07,262.4558
2053-09-08,261.09888
2053-09-09,259.7419
2053-09-10,258.38495
2053-09-11,257.028
2053-09-12,255.67107
2053-09-13,254.31412
2053-09-14,252.95717
2053-09-15,251.60022
2053-09-16,250.24327
2053-09-17,248.86476
2053-09-18,247.48625
2053-09-19,246.10774
2053-09-20,244.72923
2053-09-21,243.35072
2053-09-22,241.97221
2053-09-23,240.5937
2053-09-24,239.21521
2053-09-25,237.8367
2053-09-26,236.45819
2053-09-27,235.07968
2053-09-28,233.70117
2053-09-29,232.32266
2053-09-30,230.94415
2053-10-01,229.56564
2053-10-02,228.18713
2053-10-03,226.80862
2053-10-04,225.43011
2053-10-05,224.0516
2053-10-06,222.6731
2053-10-07,221.29459
2053-10-08,219.91608
2053-10-09,218.53758
2053-10-10,217.15907
2053-10-11,215.78056
2053-10-12,214.40205
2053-10-13,213.02354
2053-10-14,211.64503
2053-10-15,210.26653
2053-10-16,208.88802
2053-10-17,208.2571
2053-10-18,207.62616
2053-10-19,206.99524
2053-10-20,206.3643
2053-10-21,205.73338
2053-10-22,205.10245
2053-10-23,204.47153
2053-10-24,203.84059
2053-10-25,203.20967
2053-10-26,202.57874
2053-10-27,201.94781
2053-10-28,201.31688
2053-10-29,200.68596
2053-10-30,200.05502
2053-10-31,199.4241
2053-11-01,198.79317
2053-11-02,198.16225
2053-11-03,197.53131
2053-11-04,196.90039
2053-11-05,196.26945
2053-11-06,195.63853
2053-11-07,195.0076
2053-11-08,194.37668
2053-11-09,193.74574
2053-11-10,193.11482
2053-11-11,192.48389
2053-11-12,191.85297
2053-11-13,191.22203
2053-11-14,190.59111
2053-11-15,189.96017
2053-11-16,189.32925
2053-11-17,188.046
2053-11-18,186.76276
2053-11-19,185.47952
2053-11-20,184.19627
2053-11-21,182.91302
2053-11-22,181.62978
2053-11-23,180.34654
2053-11-24,179.0633
2053-11-25,177.78004
2053-11-26,176.4968
2053-11-27,175.21356
2053-11-28,173.93031
2053-11-29,172.64706
2053-11-30,171.36382
2053-12-01,170.08057
2053-12-02,168.79733
2053-12-03,167.51408
2053-12-04,166.23083
2053-12-05,164.94759
2053-12-06,163.66435
2053-12-07,162.3811
2053-12-08,161.09785
2053-12-09,159.8146
2053-12-10,158.53137
2053-12-11,157.24812
2053-12-12,155.96487
2053-12-13,154.68163
2053-12-14,153.39839
2053-12-15,152.11514
2053-12-16,150.8319
2053-12-17,151.69469
2053-12-18,152.55748
2053-12-19,153.42027
2053-12-20,154.28308
2053-12-21,155.14587
2053-12-22,156.00867
2053-12-23,156.87146
2053-12-24,157.73425
2053-12-25,158.59705
2053-12-26,159.45985
2053-12-27,160.32265
2053-12-28,161.18544
2053-12-29,162.04823
2053-12-30,162.91103
2053-12-31,163.77382
2054-01-01,164.63663
2054-01-02,165.49942
2054-01-03,166.36221
2054-01-04,167.225
2054-01-05,168.0878
2054-01-06,168.95059
2054-01-07,169.8134
2054-01-08,170.6762
2054-01-09,171.53899
2054-01-10,172.40178
2054-01-11,173.26457
2054-01-12,174.12737
2054-01-13,174.99017
2054-01-14,175.85297
2054-01-15,176.71576
2054-01-16,177.57855
2054-01-17,178.10966
2054-01-18,178.64076
2054-01-19,179.17188
2054-01-20,179.70297
2054-01-21,180.23409
2054-01-22,180.76518
2054-01-23,181.2963
2054-01-24,181.82741
2054-01-25,182.3585
2054-01-26,182.88962
2054-01-27,183.42072
2054-01-28,183.95183
2054-01-29,184.48293
2054-01-30,185.01404
2054-01-31,185.54514
2054-02-01,186.07625
2054-02-02,186.60736
2054-02-03,187.13846
2054-02-04,187.66957
2054-02-05,188.20067
2054-02-06,188.73178
2054-02-07,189.26288
2054-02-08,189.79399
2054-02-09,190.3251
2054-02-10,190.8562
2054-02-11,191.38731
2054-02-12,191.91841
2054-02-13,192.44952
2054-02-14,192.98062
2054-02-15,193.51173
2054-02-16,195.41643
2054-02-17,197.3211
2054-02-18,199.2258
2054-02-19,201.1305
2054-02-20,203.03519
2054-02-21,204.93987
2054-02-22,206.84456
2054-02-23,208.74925
2054-02-24,210.65395
2054-02-25,212.55862
2054-02-26,214.46332
2054-02-27,216.36801
2054-02-28,218.27269
2054-03-01,220.17738
2054-03-02,222.08208
2054-03-03,223.98677
2054-03-04,225.89145
2054-03-05,227.79614
2054-03-06,229.70084
2054-03-07,231.60551
2054-03-08,233.51021
2054-03-09,235.4149
2054-03-10,237.3196
2054-03-11,239.22427
2054-03-12,241.12897
2054-03-13,243.03366
2054-03-14,244.93835
2054-03-15,246.84303
2054-03-16,248.74773
2054-03-17,250.06464
2054-03-18,251.38153
2054-03-19,252.69844
2054-03-20,254.01535
2054-03-21,255.33226
2054-03-22,256.64917
2054-03-23,257.96606
2054-03-24,259.28296
2054-03-25,260.59988
2054-03-26,261.91678
2054-03-27,263.2337
2054-03-28,264.5506
2054-03-29,265.8675
2054-03-30,267.18442
2054-03-31,268.5013
2054-04-01,269.8182
2054-04-02,271.13513
2054-04-03,272.45203
2054-04-04,273.76895
2054-04-05,275.08585
2054-04-06,276.40274
2054-04-07,277.71967
2054-04-08,279.03656
2054-04-09,280.35345
2054-04-10,281.67038
2054-04-11,282.98727
2054-04-12,284.3042
2054-04-13,285.6211
2054-04-14,286.938
2054-04-15,288.2549
2054-04-16,289.5718
2054-04-17,290.1574
2054-04-18,290.743
2054-04-19,291.32858
2054-04-20,291.91418
2054-04-21,292.4998
2054-04-22,293.0854
2054-04-23,293.671
2054-04-24,294.25656
2054-04-25,294.84216
2054-04-26,295.42776
2054-04-27,296.01337
2054-04-28,296.59897
2054-04-29,297.18454
2054-04-30,297.77014
2054-05-01,298.35574
2054-05-02,298.94135
2054-05-03,299.52695
2054-05-04,300.11252
2054-05-05,300.69812
2054-05-06,301.28372
2054-05-07,301.86932
2054-05-08,302.45493
2054-05-09,303.0405
2054-05-10,303.6261
2054-05-11,304.2117
2054-05-12,304.7973
2054-05-13,305.3829
2054-05-14,305.96848
2054-05-15,306.55408
2054-05-16,307.13968
2054-05-17,307.13446
2054-05-18,307.1292
2054-05-19,307.124
2054-05-20,307.11874
2054-05-21,307.11353
2054-05-22,307.10828
2054-05-23,307.10306
2054-05-24,307.0978
2054-05-25,307.0926
2054-05-26,307.08734
2054-05-27,307.08212
2054-05-28,307.0769
2054-05-29,307.07166
2054-05-30,307.06644
2054-05-31,307.0612
2054-06-01,307.05597
2054-06-02,307.05072
2054-06-03,307.0455
2054-06-04,307.04025
2054-06-05,307.03503
2054-06-06,307.02982
2054-06-07,307.02457
2054-06-08,307.01935
2054-06-09,307.0141
2054-06-10,307.00888
2054-06-11,307.00363
2054-06-12,306.9984
2054-06-13,306.99316
2054-06-14,306.98795
2054-06-15,306.9827
2054-06-16,306.97748
2054-06-17,306.59802
2054-06-18,306.21857
2054-06-19,305.8391
2054-06-20,305.4597
2054-06-21,305.08023
2054-06-22,304.70078
2054-06-23,304.32132
2054-06-24,303.94186
2054-06-25,303.5624
2054-06-26,303.18295
2054-06-27,302.8035
2054-06-28,302.42407
2054-06-29,302.04462
2054-06-30,301.66516
2054-07-01,301.2857
2054-07-02,300.90625
2054-07-03,300.5268
2054-07-04,300.14734
2054-07-05,299.7679
2054-07-06,299.38846
2054-07-07,299.009
2054-07-08,298.62955
2054-07-09,298.2501
2054-07-10,297.87064
2054-07-11,297.49118
2054-07-12,297.11172
2054-07-13,296.7323
2054-07-14,296.35284
2054-07-15,295.9734
2054-07-16,295.59393
2054-07-17,295.14258
2054-07-18,294.69122
2054-07-19,294.23987
2054-07-20,293.78854
2054-07-21,293.3372
2054-07-22,292.88583
2054-07-23,292.43448
2054-07-24,291.98312
2054-07-25,291.53177
2054-07-26,291.08044
2054-07-27,290.6291
2054-07-28,290.17773
2054-07-29,289.72638
2054-07-30,289.27502
2054-07-31,288.82367
2054-08-01,288.37234
2054-08-02,287.921
2054-08-03,287.46964
2054-08-04,287.01828
2054-08-05,286.56693
2054-08-06,286.11557
2054-08-07,285.66425
2054-08-08,285.2129
2054-08-09,284.76154
2054-08-10,284.31018
2054-08-11,283.85883
2054-08-12,283.40747
2054-08-13,282.95615
2054-08-14,282.5048
2054-08-15,282.05344
2054-08-16,281.60208
2054-08-17,280.5659
2054-08-18,279.52966
2054-08-19,278.49347
2054-08-20,277.45728
2054-08-21,276.42105
2054-08-22,275.38486
2054-08-23,274.34866
2054-08-24,273.31244
2054-08-25,272.27625
2054-08-26,271.24005
2054-08-27,270.20383
2054-08-28,269.16763
2054-08-29,268.13144
2054-08-30,267.0952
2054-08-31,266.05902
2054-09-01,265.02283
2054-09-02,263.98663
2054-09-03,262.9504
2054-09-04,261.9142
2054-09-05,260.87802
2054-09-06,259.8418
2054-09-07,258.8056
2054-09-08,257.7694
2054-09-09,256.7332
2054-09-10,255.69699
2054-09-11,254.66078
2054-09-12,253.62459
2054-09-13,252.58838
2054-09-14,251.55217
2054-09-15,250.51598
2054-09-16,249.47977
2054-09-17,248.65388
2054-09-18,247.82799
2054-09-19,247.0021
2054-09-20,246.17622
2054-09-21,245.35033
2054-09-22,244.52444
2054-09-23,243.69855
2054-09-24,242.87267
2054-09-25,242.04678
2054-09-26,241.22089
2054-09-27,240.395
2054-09-28,239.56912
2054-09-29,238.74323
2054-09-30,237.91734
2054-10-01,237.09146
2054-10-02,236.26556
2054-10-03,235.43968
2054-10-04,234.61378
2054-10-05,233.7879
2054-10-06,232.96202
2054-10-07,232.13612
2054-10-08,231.31024
2054-10-09,230.48436
2054-10-10,229.65846
2054-10-11,228.83258
2054-10-12,228.00668
2054-10-13,227.1808
2054-10-14,226.35492
2054-10-15,225.52902
2054-10-16,224.70314
2054-10-17,223.56985
2054-10-18,222.43658
2054-10-19,221.3033
2054-10-20,220.17001
2054-10-21,219.03673
2054-10-22,217.90346
2054-10-23,216.77017
2054-10-24,215.63689
2054-10-25,214.5036
2054-10-26,213.37033
2054-10-27,212.23705
2054-10-28,211.10376
2054-10-29,209.97047
2054-10-30,208.8372
2054-10-31,207.70392
2054-11-01,206.57063
2054-11-02,205.43735
2054-11-03,204.30408
2054-11-04,203.17079
2054-11-05,202.0375
2054-11-06,200.90422
2054-11-07,199.77095
2054-11-08,198.63766
2054-11-09,197.50438
2054-11-10,196.3711
2054-11-11,195.23782
2054-11-12,194.10454
2054-11-13,192.97125
2054-11-14,191.83797
2054-11-15,190.7047
2054-11-16,189.57141
2054-11-17,188.71367
2054-11-18,187.85593
2054-11-19,186.99817
2054-11-20,186.14043
2054-11-21,185.28268
2054-11-22,184.42494
2054-11-23,183.56718
2054-11-24,182.70944
2054-11-25,181.8517
2054-11-26,180.99396
2054-11-27,180.1362
2054-11-28,179.27846
2054-11-29,178.42072
2054-11-30,177.56297
2054-12-01,176.70523
2054-12-02,175.84747
2054-12-03,174.98973
2054-12-04,174.13199
2054-12-05,173.27425
2054-12-06,172.41649
2054-12-07,171.55875
2054-12-08,170.701
2054-12-09,169.84326
2054-12-10,168.9855
2054-12-11,168.12776
2054-12-12,167.27002
2054-12-13,166.41228
2054-12-14,165.55452
2054-12-15,164.69678
2054-12-16,163.83904
2054-12-17,163.84358
2054-12-18,163.84813
2054-12-19,163.85268
2054-12-20,163.85722
2054-12-21,163.86177
2054-12-22,163.86632
2054-12-23,163.87086
2054-12-24,163.87541
2054-12-25,163.87996
2054-12-26,163.8845
2054-12-27,163.88905
2054-12-28,163.8936
2054-12-29,163.89815
2054-12-30,163.9027
2054-12-31,163.90724
2055-01-01,163.9118
2055-01-02,163.91635
2055-01-03,163.9209
2055-01-04,163.92545
2055-01-05,163.93
2055-01-06,163.93454
2055-01-07,163.93909
2055-01-08,163.94363
2055-01-09,163.94818
2055-01-10,163.95273
2055-01-11,163.95728
2055-01-12,163.96182
2055-01-13,163.96637
2055-01-14,163.97092
2055-01-15,163.97546
2055-01-16,163.98001
2055-01-17,165.45033
2055-01-18,166.92067
2055-01-19,168.39099
2055-01-20,169.86131
2055-01-21,171.33163
2055-01-22,172.80197
2055-01-23,174.2723
2055-01-24,175.74261
2055-01-25,177.21295
2055-01-26,178.68327
2055-01-27,180.1536
2055-01-28,181.62393
2055-01-29,183.09425
2055-01-30,184.56458
2055-01-31,186.03491
2055-02-01,187.50523
2055-02-02,188.97556
2055-02-03,190.44588
2055-02-04,191.91621
2055-02-05,193.38654
2055-02-06,194.85686
2055-02-07,196.3272
2055-02-08,197.79752
2055-02-09,199.26784
2055-02-10,200.73816
2055-02-11,202.2085
2055-02-12,203.67882
2055-02-13,205.14914
2055-02-14,206.61948
2055-02-15,208.0898
2055-02-16,209.19579
2055-02-17,210.30179
2055-02-18,211.40778
2055-02-19,212.51378
2055-02-20,213.61977
2055-02-21,214.72577
2055-02-22,215.83176
2055-02-23,216.93776
2055-02-24,218.04375
2055-02-25,219.14973
2055-02-26,220.25574
2055-02-27,221.36172
2055-02-28,222.46773
2055-03-01,223.57372
2055-03-02,224.67972
2055-03-03,225.7857
2055-03-04,226.89171
2055-03-05,227.9977
2055-03-06,229.1037
2055-03-07,230.20969
2055-03-08,231.31567
2055-03-09,232.42168
2055-03-10,233.52766
2055-03-11,234.63367
2055-03-12,235.73965
2055-03-13,236.84566
2055-03-14,237.95164
2055-03-15,239.05765
2055-03-16,240.16364
2055-03-17,241.71849
2055-03-18,243.27335
2055-03-19,244.8282
2055-03-20,246.38306
2055-03-21,247.93791
2055-03-22,249.49277
2055-03-23,251.04762
2055-03-24,252.60248
2055-03-25,254.15733
2055-03-26,255.71219
2055-03-27,257.26706
2055-03-28,258.8219
2055-03-29,260.37677
2055-03-30,261.9316
2055-03-31,263.48648
2055-04-01,265.04132
2055-04-02,266.5962
2055-04-03,268.15103
2055-04-04,269.7059
2055-04-05,271.26074
2055-04-06,272.8156
2055-04-07,274.37045
2055-04-08,275.92532
2055-04-09,277.48016
2055-04-10,279.03503
2055-04-11,280.58987
2055-04-12,282.14474
2055-04-13,283.6996
2055-04-14,285.25446
2055-04-15,286.8093
2055-04-16,288.36417
2055-04-17,288.41653
2055-04-18,288.4689
2055-04-19,288.52127
2055-04-20,288.57364
2055-04-21,288.626
2055-04-22,288.67838
2055-04-23,288.73074
2055-04-24,288.78314
2055-04-25,288.8355
2055-04-26,288.88788
2055-04-27,288.94025
2055-04-28,288.9926
2055-04-29,289.04498
2055-04-30,289.09735
2055-05-01,289.14972
2055-05-02,289.2021
2055-05-03,289.25446
2055-05-04,289.30682
2055-05-05,289.3592
2055-05-06,289.41156
2055-05-07,289.46393
2055-05-08,289.5163
2055-05-09,289.5687
2055-05-10,289.62106
2055-05-11,289.67343
2055-05-12,289.7258
2055-05-13,289.77817
2055-05-14,289.83054
2055-05-15,289.8829
2055-05-16,289.93527
2055-05-17,290.50497
2055-05-18,291.07465
2055-05-19,291.64435
2055-05-20,292.21402
2055-05-21,292.78372
2055-05-22,293.3534
2055-05-23,293.9231
2055-05-24,294.49277
2055-05-25,295.06247
2055-05-26,295.63214
2055-05-27,296.20184
2055-05-28,296.7715
2055-05-29,297.34122
2055-05-30,297.9109
2055-05-31,298.4806
2055-06-01,299.05026
2055-06-02,299.61996
2055-06-03,300.18964
2055-06-04,300.75934
2055-06-05,301.329
2055-06-06,301.8987
2055-06-07,302.46838
2055-06-08,303.0381
2055-06-09,303.60776
2055-06-10,304.17746
2055-06-11,304.74713
2055-06-12,305.31683
2055-06-13,305.8865
2055-06-14,306.4562
2055-06-15,307.02588
2055-06-16,307.59558
2055-06-17,307.16162
2055-06-18,306.7277
2055-06-19,306.29373
2055-06-20,305.8598
2055-06-21,305.42584
2055-06-22,304.9919
2055-06-23,304.55795
2055-06-24,304.12402
2055-06-25,303.69006
2055-06-26,303.25613
2055-06-27,302.82217
2055-06-28,302.38824
2055-06-29,301.95428
2055-06-30,301.52036
2055-07-01,301.0864
2055-07-02,300.65244
2055-07-03,300.2185
2055-07-04,299.78455
2055-07-05,299.35062
2055-07-06,298.91666
2055-07-07,298.48273
2055-07-08,298.04877
2055-07-09,297.61484
2055-07-10,297.18088
2055-07-11,296.74695
2055-07-12,296.313
2055-07-13,295.87906
2055-07-14,295.4451
2055-07-15,295.01117
2055-07-16,294.5772
2055-07-17,293.82114
2055-07-18,293.06503
2055-07-19,292.30896
2055-07-20,291.55286
2055-07-21,290.79678
2055-07-22,290.04068
2055-07-23,289.2846
2055-07-24,288.5285
2055-07-25,287.77243
2055-07-26,287.01633
2055-07-27,286.26025
2055-07-28,285.50418
2055-07-29,284.74808
2055-07-30,283.992
2055-07-31,283.2359
2055-08-01,282.47983
2055-08-02,281.72372
2055-08-03,280.96765
2055-08-04,280.21155
2055-08-05,279.45547
2055-08-06,278.6994
2055-08-07,277.9433
2055-08-08,277.18723
2055-08-09,276.43112
2055-08-10,275.67505
2055-08-11,274.91895
2055-08-12,274.16287
2055-08-13,273.40677
2055-08-14,272.6507
2055-08-15,271.8946
2055-08-16,271.13852
2055-08-17,270.57193
2055-08-18,270.0053
2055-08-19,269.43872
2055-08-20,268.87213
2055-08-21,268.30554
2055-08-22,267.73892
2055-08-23,267.17233
2055-08-24,266.60574
2055-08-25,266.03915
2055-08-26,265.47253
2055-08-27,264.90594
2055-08-28,264.33936
2055-08-29,263.77277
2055-08-30,263.20615
2055-08-31,262.63956
2055-09-01,262.07297
2055-09-02,261.50638
2055-09-03,260.93976
2055-09-04,260.37317
2055-09-05,259.80658
2055-09-06,259.24
2055-09-07,258.67337
2055-09-08,258.10678
2055-09-09,257.5402
2055-09-10,256.9736
2055-09-11,256.40698
2055-09-12,255.8404
2055-09-13,255.2738
2055-09-14,254.7072
2055-09-15,254.14061
2055-09-16,253.574
2055-09-17,252.77527
2055-09-18,251.97653
2055-09-19,251.17778
2055-09-20,250.37904
2055-09-21,249.5803
2055-09-22,248.78157
2055-09-23,247.98282
2055-09-24,247.18408
2055-09-25,246.38535
2055-09-26,245.58661
2055-09-27,244.78786
2055-09-28,243.98912
2055-09-29,243.19038
2055-09-30,242.39165
2055-10-01,241.5929
2055-10-02,240.79416
2055-10-03,239.99542
2055-10-04,239.19669
2055-10-05,238.39795
2055-10-06,237.5992
2055-10-07,236.80046
2055-10-08,236.00172
2055-10-09,235.20299
2055-10-10,234.40424
2055-10-11,233.6055
2055-10-12,232.80676
2055-10-13,232.00803
2055-10-14,231.20927
2055-10-15,230.41054
2055-10-16,229.6118
2055-10-17,227.26115
2055-10-18,224.9105
2055-10-19,222.55986
2055-10-20,220.2092
2055-10-21,217.85855
2055-10-22,215.5079
2055-10-23,213.15726
2055-10-24,210.80661
2055-10-25,208.45596
2055-10-26,206.1053
2055-10-27,203.75465
2055-10-28,201.404
2055-10-29,199.05336
2055-10-30,196.70271
2055-10-31,194.35207
2055-11-01,192.0014
2055-11-02,189.65076
2055-11-03,187.30011
2055-11-04,184.94946
2055-11-05,182.59882
2055-11-06,180.24817
2055-11-07,177.8975
2055-11-08,175.54686
2055-11-09,173.19621
2055-11-10,170.84557
2055-11-11,168.49492
2055-11-12,166.14427
2055-11-13,163.79361
2055-11-14,161.44296
2055-11-15,159.09232
2055-11-16,156.74167
2055-11-17,156.67302
2055-11-18,156.60437
2055-11-19,156.53572
2055-11-20,156.46707
2055-11-21,156.39842
2055-11-22,156.32977
2055-11-23,156.26112
2055-11-24,156.19247
2055-11-25,156.12383
2055-11-26,156.05518
2055-11-27,155.98653
2055-11-28,155.91788
2055-11-29,155.84923
2055-11-30,155.78058
2055-12-01,155.71194
2055-12-02,155.6433
2055-12-03,155.57465
2055-12-04,155.506
2055-12-05,155.43735
2055-12-06,155.3687
2055-12-07,155.30005
2055-12-08,155.2314
2055-12-09,155.16275
2055-12-10,155.0941
2055-12-11,155.02545
2055-12-12,154.9568
2055-12-13,154.88815
2055-12-14,154.8195
2055-12-15,154.75085
2055-12-16,154.6822
2055-12-17,155.24226
2055-12-18,155.80232
2055-12-19,156.36238
2055-12-20,156.92244
2055-12-21,157.4825
2055-12-22,158.04256
2055-12-23,158.60262
2055-12-24,159.16267
2055-12-25,159.72273
2055-12-26,160.28279
2055-12-27,160.84285
2055-12-28,161.40291
2055-12-29,161.96297
2055-12-30,162.52303
2055-12-31,163.08308
2056-01-01,163.64313
2056-01-02,164.20319
2056-01-03,164.76324
2056-01-04,165.3233
2056-01-05,165.88336
2056-01-06,166.44342
2056-01-07,167.00348
2056-01-08,167.56354
2056-01-09,168.1236
2056-01-10,168.68365
2056-01-11,169.24371
2056-01-12,169.80377
2056-01-13,170.36383
2056-01-14,170.92389
2056-01-15,171.48395
2056-01-16,172.044
2056-01-17,172.96695
2056-01-18,173.88991
2056-01-19,174.81285
2056-01-20,175.7358
2056-01-21,176.65875
2056-01-22,177.5817
2056-01-23,178.50464
2056-01-24,179.42758
2056-01-25,180.35054
2056-01-26,181.27348
2056-01-27,182.19643
2056-01-28,183.11938
2056-01-29,184.04233
2056-01-30,184.96527
2056-01-31,185.88821
2056-02-01,186.81117
2056-02-02,187.73412
2056-02-03,188.65706
2056-02-04,189.58002
2056-02-05,190.50296
2056-02-06,191.4259
2056-02-07,192.34886
2056-02-08,193.2718
2056-02-09,194.19475
2056-02-10,195.1177
2056-02-11,196.04065
2056-02-12,196.9636
2056-02-13,197.88654
2056-02-14,198.8095
2056-02-15,199.73244
2056-02-16,200.4527
2056-02-17,201.17294
2056-02-18,201.8932
2056-02-19,202.61345
2056-02-20,203.33371
2056-02-21,204.05397
2056-02-22,204.77422
2056-02-23,205.49448
2056-02-24,206.21472
2056-02-25,206.93498
2056-02-26,207.65524
2056-02-27,208.37549
2056-02-28,209.09575
2056-02-29,209.816
2056-03-01,210.53625
2056-03-02,211.25652
2056-03-03,211.97676
2056-03-04,212.69702
2056-03-05,213.41727
2056-03-06,214.13753
2056-03-07,214.85779
2056-03-08,215.57803
2056-03-09,216.2983
2056-03-10,217.01854
2056-03-11,217.7388
2056-03-12,218.45906
2056-03-13,219.1793
2056-03-14,219.89957
2056-03-15,220.61981
2056-03-16,221.34007
2056-03-17,222.45807
2056-03-18,223.57607
2056-03-19,224.69408
2056-03-20,225.81207
2056-03-21,226.93007
2056-03-22,228.04807
2056-03-23,229.16606
2056-03-24,230.28407
2056-03-25,231.40207
2056-03-26,232.52007
2056-03-27,233.63806
2056-03-28,234.75606
2056-03-29,235.87407
2056-03-30,236.99207
2056-03-31,238.11006
2056-04-01,239.22806
2056-04-02,240.34605
2056-04-03,241.46405
2056-04-04,242.58206
2056-04-05,243.70006
2056-04-06,244.81805
2056-04-07,245.93605
2056-04-08,247.05405
2056-04-09,248.17206
2056-04-10,249.29005
2056-04-11,250.40805
2056-04-12,251.52605
2056-04-13,252.64404
2056-04-14,253.76205
2056-04-15,254.88005
2056-04-16,255.99805
2056-04-17,257.469
2056-04-18,258.93994
2056-04-19,260.4109
2056-04-20,261.88187
2056-04-21,263.3528
2056-04-22,264.82376
2056-04-23,266.2947
2056-04-24,267.76566
2056-04-25,269.23663
2056-04-26,270.70758
2056-04-27,272.17853
2056-04-28,273.64948
2056-04-29,275.12042
2056-04-30,276.59137
2056-05-01,278.06232
2056-05-02,279.5333
2056-05-03,281.00424
2056-05-04,282.4752
2056-05-05,283.94614
2056-05-06,285.41708
2056-05-07,286.88806
2056-05-08,288.359
2056-05-09,289.82996
2056-05-10,291.3009
2056-05-11,292.77185
2056-05-12,294.2428
2056-05-13,295.71375
2056-05-14,297.18472
2056-05-15,298.65567
2056-05-16,300.12662
2056-05-17,300.28027
2056-05-18,300.4339
2056-05-19,300.58755
2056-05-20,300.74118
2056-05-21,300.89484
2056-05-22,301.04846
2056-05-23,301.20212
2056-05-24,301.35577
2056-05-25,301.5094
2056-05-26,301.66306
2056-05-27,301.81668
2056-05-28,301.97034
2056-05-29,302.124
2056-05-30,302.27762
2056-05-31,302.43127
2056-06-01,302.5849
2056-06-02,302.73856
2056-06-03,302.89218
2056-06-04,303.04584
2056-06-05,303.1995
2056-06-06,303.35312
2056-06-07,303.50677
2056-06-08,303.6604
2056-06-09,303.81406
2056-06-10,303.9677
2056-06-11,304.12134
2056-06-12,304.275
2056-06-13,304.42862
2056-06-14,304.58228
2056-06-15,304.7359
2056-06-16,304.88956
2056-06-17,304.69238
2056-06-18,304.49524
2056-06-19,304.29807
2056-06-20,304.10092
2056-06-21,303.90375
2056-06-22,303.70657
2056-06-23,303.50943
2056-06-24,303.31226
2056-06-25,303.1151
2056-06-26,302.91794
2056-06-27,302.72076
2056-06-28,302.52362
2056-06-29,302.32645
2056-06-30,302.1293
2056-07-01,301.93213
2056-07-02,301.73495
2056-07-03,301.5378
2056-07-04,301.34064
2056-07-05,301.1435
2056-07-06,300.94632
2056-07-07,300.74915
2056-07-08,300.552
2056-07-09,300.35483
2056-07-10,300.15768
2056-07-11,299.9605
2056-07-12,299.76334
2056-07-13,299.5662
2056-07-14,299.36902
2056-07-15,299.17188
2056-07-16,298.9747
2056-07-17,298.59024
2056-07-18,298.20578
2056-07-19,297.82132
2056-07-20,297.43686
2056-07-21,297.0524
2056-07-22,296.66794
2056-07-23,296.28348
2056-07-24,295.89902
2056-07-25,295.51456
2056-07-26,295.1301
2056-07-27,294.74564
2056-07-28,294.36118
2056-07-29,293.9767
2056-07-30,293.59225
2056-07-31,293.2078
2056-08-01,292.82336
2056-08-02,292.4389
2056-08-03,292.05444
2056-08-04,291.66998
2056-08-05,291.28552
2056-08-06,290.90106
2056-08-07,290.5166
2056-08-08,290.13214
2056-08-09,289.74768
2056-08-10,289.36322
2056-08-11,288.97876
2056-08-12,288.5943
2056-08-13,288.20984
2056-08-14,287.82538
2056-08-15,287.44092
2056-08-16,287.05646
2056-08-17,284.9877
2056-08-18,282.91895
2056-08-19,280.8502
2056-08-20,278.7814
2056-08-21,276.71265
2056-08-22,274.6439
2056-08-23,272.57513
2056-08-24,270.50638
2056-08-25,268.43762
2056-08-26,266.36887
2056-08-27,264.30008
2056-08-28,262.23132
2056-08-29,260.16257
2056-08-30,258.0938
2056-08-31,256.02505
2056-09-01,253.95628
2056-09-02,251.88753
2056-09-03,249.81877
2056-09-04,247.75
2056-09-05,245.68124
2056-09-06,243.61249
2056-09-07,241.54373
2056-09-08,239.47496
2056-09-09,237.4062
2056-09-10,235.33745
2056-09-11,233.26868
2056-09-12,231.19992
2056-09-13,229.13116
2056-09-14,227.06241
2056-09-15,224.99364
2056-09-16,222.92488
2056-09-17,222.7644
2056-09-18,222.60394
2056-09-19,222.44347
2056-09-20,222.28299
2056-09-21,222.12253
2056-09-22,221.96205
2056-09-23,221.80157
2056-09-24,221.6411
2056-09-25,221.48064
2056-09-26,221.32016
2056-09-27,221.15968
2056-09-28,220.99922
2056-09-29,220.83875
2056-09-30,220.67827
2056-10-01,220.51779
2056-10-02,220.35733
2056-10-03,220.19685
2056-10-04,220.03638
2056-10-05,219.87592
2056-10-06,219.71544
2056-10-07,219.55496
2056-10-08,219.3945
2056-10-09,219.23402
2056-10-10,219.07355
2056-10-11,218.91309
2056-10-12,218.75261
2056-10-13,218.59213
2056-10-14,218.43166
2056-10-15,218.2712
2056-10-16,218.11072
2056-10-17,217.04314
2056-10-18,215.97557
2056-10-19,214.90799
2056-10-20,213.84042
2056-10-21,212.77284
2056-10-22,211.70528
2056-10-23,210.6377
2056-10-24,209.57013
2056-10-25,208.50255
2056-10-26,207.43498
2056-10-27,206.3674
2056-10-28,205.29984
2056-10-29,204.23225
2056-10-30,203.16469
2056-10-31,202.0971
2056-11-01,201.02954
2056-11-02,199.96196
2056-11-03,198.8944
2056-11-04,197.82681
2056-11-05,196.75925
2056-11-06,195.69167
2056-11-07,194.6241
2056-11-08,193.55652
2056-11-09,192.48895
2056-11-10,191.42137
2056-11-11,190.3538
2056-11-12,189.28622
2056-11-13,188.21866
2056-11-14,187.15108
2056-11-15,186.08351
2056-11-16,185.01593
2056-11-17,184.3557
2056-11-18,183.69545
2056-11-19,183.03522
2056-11-20,182.37497
2056-11-21,181.71474
2056-11-22,181.05449
2056-11-23,180.39426
2056-11-24,179.73401
2056-11-25,179.07378
2056-11-26,178.41353
2056-11-27,177.7533
2056-11-28,177.09305
2056-11-29,176.43282
2056-11-30,175.77257
2056-12-01,175.11234
2056-12-02,174.4521
2056-12-03,173.79185
2056-12-04,173.13162
2056-12-05,172.47137
2056-12-06,171.81114
2056-12-07,171.1509
2056-12-08,170.49066
2056-12-09,169.83041
2056-12-10,169.17018
2056-12-11,168.50993
2056-12-12,167.8497
2056-12-13,167.18945
2056-12-14,166.52922
2056-12-15,165.86897
2056-12-16,165.20874
2056-12-17,165.13841
2056-12-18,165.0681
2056-12-19,164.99777
2056-12-20,164.92746
2056-12-21,164.85713
2056-12-22,164.7868
2056-12-23,164.71649
2056-12-24,164.64616
2056-12-25,164.57584
2056-12-26,164.50552
2056-12-27,164.4352
2056-12-28,164.36488
2056-12-29,164.29456
2056-12-30,164.22423
2056-12-31,164.15392
2057-01-01,164.08359
2057-01-02,164.01328
2057-01-03,163.94295
2057-01-04,163.87262
2057-01-05,163.8023
2057-01-06,163.73198
2057-01-07,163.66167
2057-01-08,163.59134
2057-01-09,163.52101
2057-01-10,163.4507
2057-01-11,163.38037
2057-01-12,163.31004
2057-01-13,163.23973
2057-01-14,163.1694
2057-01-15,163.09909
2057-01-16,163.02876
2057-01-17,164.37997
2057-01-18,165.73119
2057-01-19,167.08238
2057-01-20,168.4336
2057-01-21,169.7848
2057-01-22,171.13602
2057-01-23,172.48723
2057-01-24,173.83842
2057-01-25,175.18964
2057-01-26,176.54085
2057-01-27,177.89206
2057-01-28,179.24327
2057-01-29,180.59447
2057-01-30,181.94568
2057-01-31,183.29689
2057-02-01,184.6481
2057-02-02,185.99931
2057-02-03,187.35051
2057-02-04,188.70172
2057-02-05,190.05293
2057-02-06,191.40414
2057-02-07,192.75536
2057-02-08,194.10655
2057-02-09,195.45776
2057-02-10,196.80898
2057-02-11,198.16019
2057-02-12,199.5114
2057-02-13,200.8626
2057-02-14,202.2138
2057-02-15,203.56502
2057-02-16,204.52315
2057-02-17,205.48128
2057-02-18,206.43939
2057-02-19,207.39752
2057-02-20,208.35565
2057-02-21,209.31378
2057-02-22,210.27191
2057-02-23,211.23003
2057-02-24,212.18816
2057-02-25,213.14629
2057-02-26,214.10442
2057-02-27,215.06255
2057-02-28,216.02066
2057-03-01,216.97879
2057-03-02,217.93692
2057-03-03,218.89505
2057-03-04,219.85316
2057-03-05,220.8113
2057-03-06,221.76942
2057-03-07,222.72755
2057-03-08,223.68568
2057-03-09,224.6438
2057-03-10,225.60193
2057-03-11,226.56006
2057-03-12,227.51819
2057-03-13,228.47632
2057-03-14,229.43443
2057-03-15,230.39256
2057-03-16,231.3507
2057-03-17,233.21393
2057-03-18,235.07716
2057-03-19,236.9404
2057-03-20,238.80362
2057-03-21,240.66685
2057-03-22,242.53009
2057-03-23,244.39333
2057-03-24,246.25656
2057-03-25,248.1198
2057-03-26,249.98303
2057-03-27,251.84627
2057-03-28,253.70949
2057-03-29,255.57272
2057-03-30,257.43597
2057-03-31,259.2992
2057-04-01,261.1624
2057-04-02,263.02567
2057-04-03,264.8889
2057-04-04,266.75214
2057-04-05,268.61536
2057-04-06,270.4786
2057-04-07,272.34183
2057-04-08,274.20508
2057-04-09,276.0683
2057-04-10,277.93152
2057-04-11,279.79477
2057-04-12,281.658
2057-04-13,283.52124
2057-04-14,285.38446
2057-04-15,287.2477
2057-04-16,289.11093
2057-04-17,289.3451
2057-04-18,289.57925
2057-04-19,289.81342
2057-04-20,290.04755
2057-04-21,290.2817
2057-04-22,290.51587
2057-04-23,290.75003
2057-04-24,290.9842
2057-04-25,291.21832
2057-04-26,291.45248
2057-04-27,291.68665
2057-04-28,291.9208
2057-04-29,292.15497
2057-04-30,292.38913
2057-05-01,292.6233
2057-05-02,292.85742
2057-05-03,293.09158
2057-05-04,293.32574
2057-05-05,293.5599
2057-05-06,293.79407
2057-05-07,294.0282
2057-05-08,294.26236
2057-05-09,294.49652
2057-05-10,294.73068
2057-05-11,294.96484
2057-05-12,295.199
2057-05-13,295.43317
2057-05-14,295.6673
2057-05-15,295.90146
2057-05-16,296.13562
2057-05-17,296.62643
2057-05-18,297.11725
2057-05-19,297.60806
2057-05-20,298.09885
2057-05-21,298.58966
2057-05-22,299.08047
2057-05-23,299.5713
2057-05-24,300.0621
2057-05-25,300.55292
2057-05-26,301.0437
2057-05-27,301.53452
2057-05-28,302.02533
2057-05-29,302.51614
2057-05-30,303.00696
2057-05-31,303.49777
2057-06-01,303.98856
2057-06-02,304.47937
2057-06-03,304.97018
2057-06-04,305.461
2057-06-05,305.9518
2057-06-06,306.44263
2057-06-07,306.9334
2057-06-08,307.42422
2057-06-09,307.91504
2057-06-10,308.40585
2057-06-11,308.89667
2057-06-12,309.38748
2057-06-13,309.87827
2057-06-14,310.36908
2057-06-15,310.8599
2057-06-16,311.3507
2057-06-17,310.114
2057-06-18,308.87735
2057-06-19,307.64066
2057-06-20,306.404
2057-06-21,305.1673
2057-06-22,303.93063
2057-06-23,302.69394
2057-06-24,301.45728
2057-06-25,300.22058
2057-06-26,298.98392
2057-06-27,297.74722
2057-06-28,296.51056
2057-06-29,295.27386
2057-06-30,294.0372
2057-07-01,292.8005
2057-07-02,291.5638
2057-07-03,290.32715
2057-07-04,289.09045
2057-07-05,287.8538
2057-07-06,286.6171
2057-07-07,285.38043
2057-07-08,284.14374
2057-07-09,282.90707
2057-07-10,281.67038
2057-07-11,280.43372
2057-07-12,279.19702
2057-07-13,277.96036
2057-07-14,276.72366
2057-07-15,275.487
2057-07-16,274.2503
2057-07-17,274.29993
2057-07-18,274.34955
2057-07-19,274.39917
2057-07-20,274.4488
2057-07-21,274.4984
2057-07-22,274.54803
2057-07-23,274.59766
2057-07-24,274.6473
2057-07-25,274.69693
2057-07-26,274.74655
2057-07-27,274.79617
2057-07-28,274.8458
2057-07-29,274.89542
2057-07-30,274.94504
2057-07-31,274.99466
2057-08-01,275.04428
2057-08-02,275.0939
2057-08-03,275.14352
2057-08-04,275.19315
2057-08-05,275.24277
2057-08-06,275.2924
2057-08-07,275.342
2057-08-08,275.39163
2057-08-09,275.44128
2057-08-10,275.4909
2057-08-11,275.54053
2057-08-12,275.59015
2057-08-13,275.63977
2057-08-14,275.6894
2057-08-15,275.739
2057-08-16,275.78864
2057-08-17,275.23514
2057-08-18,274.68164
2057-08-19,274.12817
2057-08-20,273.57468
2057-08-21,273.02118
2057-08-22,272.46768
2057-08-23,271.91418
2057-08-24,271.36072
2057-08-25,270.80722
2057-08-26,270.25372
2057-08-27,269.70023
2057-08-28,269.14673
2057-08-29,268.59326
2057-08-30,268.03976
2057-08-31,267.48627
2057-09-01,266.93277
2057-09-02,266.37927
2057-09-03,265.82578
2057-09-04,265.2723
2057-09-05,264.7188
2057-09-06,264.1653
2057-09-07,263.61182
2057-09-08,263.05832
2057-09-09,262.50485
2057-09-10,261.95135
2057-09-11,261.39786
2057-09-12,260.84436
2057-09-13,260.29086
2057-09-14,259.7374
2057-09-15,259.1839
2057-09-16,258.6304
2057-09-17,257.89963
2057-09-18,257.16885
2057-09-19,256.43808
2057-09-20,255.7073
2057-09-21,254.97653
2057-09-22,254.24577
2057-09-23,253.515
2057-09-24,252.78423
2057-09-25,252.05345
2057-09-26,251.32268
2057-09-27,250.5919
2057-09-28,249.86113
2057-09-29,249.13036
2057-09-30,248.39958
2057-10-01,247.66882
2057-10-02,246.93805
2057-10-03,246.20728
2057-10-04,245.4765
2057-10-05,244.74573
2057-10-06,244.01495
2057-10-07,243.28418
2057-10-08,242.5534
2057-10-09,241.82263
2057-10-10,241.09186
2057-10-11,240.36108
2057-10-12,239.63033
2057-10-13,238.89955
2057-10-14,238.16878
2057-10-15,237.438
2057-10-16,236.70723
2057-10-17,235.24681
2057-10-18,233.78639
2057-10-19,232.32597
2057-10-20,230.86555
2057-10-21,229.40514
2057-10-22,227.9447
2057-10-23,226.48428
2057-10-24,225.02386
2057-10-25,223.56345
2057-10-26,222.10303
2057-10-27,220.64261
2057-10-28,219.18219
2057-10-29,217.72177
2057-10-30,216.26135
2057-10-31,214.80093
2057-11-01,213.3405
2057-11-02,211.88008
2057-11-03,210.41966
2057-11-04,208.95924
2057-11-05,207.49883
2057-11-06,206.0384
2057-11-07,204.57799
2057-11-08,203.11757
2057-11-09,201.65715
2057-11-10,200.19673
2057-11-11,198.7363
2057-11-12,197.27588
2057-11-13,195.81546
2057-11-14,194.35504
2057-11-15,192.89462
2057-11-16,191.4342
2057-11-17,190.36977
2057-11-18,189.30533
2057-11-19,188.24089
2057-11-20,187.17647
2057-11-21,186.11203
2057-11-22,185.04759
2057-11-23,183.98315
2057-11-24,182.91872
2057-11-25,181.85428
2057-11-26,180.78984
2057-11-27,179.7254
2057-11-28,178.66098
2057-11-29,177.59654
2057-11-30,176.5321
2057-12-01,175.46767
2057-12-02,174.40323
2057-12-03,173.33879
2057-12-04,172.27435
2057-12-05,171.20993
2057-12-06,170.1455
2057-12-07,169.08105
2057-12-08,168.01662
2057-12-09,166.95218
2057-12-10,165.88774
2057-12-11,164.8233
2057-12-12,163.75887
2057-12-13,162.69444
2057-12-14,161.63
2057-12-15,160.56557
2057-12-16,159.50113
2057-12-17,159.9529
2057-12-18,160.40466
2057-12-19,160.85641
2057-12-20,161.30818
2057-12-21,161.75995
2057-12-22,162.21172
2057-12-23,162.66348
2057-12-24,163.11523
2057-12-25,163.567
2057-12-26,164.01877
2057-12-27,164.47054
2057-12-28,164.9223
2057-12-29,165.37405
2057-12-30,165.82582
2057-12-31,166.27759
2058-01-01,166.72935
2058-01-02,167.18112
2058-01-03,167.63289
2058-01-04,168.08464
2058-01-05,168.5364
2058-01-06,168.98817
2058-01-07,169.43994
2058-01-08,169.89171
2058-01-09,170.34346
2058-01-10,170.79523
2058-01-11,171.247
2058-01-12,171.69876
2058-01-13,172.15053
2058-01-14,172.60228
2058-01-15,173.05405
2058-01-16,173.50581
2058-01-17,174.62314
2058-01-18,175.74046
2058-01-19,176.85779
2058-01-20,177.97511
2058-01-21,179.09244
2058-01-22,180.20978
2058-01-23,181.3271
2058-01-24,182.44443
2058-01-25,183.56175
2058-01-26,184.67908
2058-01-27,185.7964
2058-01-28,186.91373
2058-01-29,188.03105
2058-01-30,189.14838
2058-01-31,190.26572
2058-02-01,191.38304
2058-02-02,192.50037
2058-02-03,193.61769
2058-02-04,194.73502
2058-02-05,195.85234
2058-02-06,196.96967
2058-02-07,198.08699
2058-02-08,199.20432
2058-02-09,200.32164
2058-02-10,201.43896
2058-02-11,202.5563
2058-02-12,203.67363
2058-02-13,204.79095
2058-02-14,205.90828
2058-02-15,207.0256
2058-02-16,207.95367
2058-02-17,208.88176
2058-02-18,209.80983
2058-02-19,210.7379
2058-02-20,211.66599
2058-02-21,212.59406
2058-02-22,213.52213
2058-02-23,214.4502
2058-02-24,215.37828
2058-02-25,216.30635
2058-02-26,217.23442
2058-02-27,218.1625
2058-02-28,219.09058
2058-03-01,220.01865
2058-03-02,220.94673
2058-03-03,221.8748
2058-03-04,222.80287
2058-03-05,223.73096
2058-03-06,224.65903
2058-03-07,225.5871
2058-03-08,226.51518
2058-03-09,227.44325
2058-03-10,228.37132
2058-03-11,229.2994
2058-03-12,230.22748
2058-03-13,231.15555
2058-03-14,232.08362
2058-03-15,233.0117
2058-03-16,233.93977
2058-03-17,235.19342
2058-03-18,236.44707
2058-03-19,237.70071
2058-03-20,238.95435
2058-03-21,240.208
2058-03-22,241.46164
2058-03-23,242.71529
2058-03-24,243.96893
2058-03-25,245.22258
2058-03-26,246.47623
2058-03-27,247.72987
2058-03-28,248.9835
2058-03-29,250.23715
2058-03-30,251.4908
2058-03-31,252.74445
2058-04-01,253.9981
2058-04-02,255.25174
2058-04-03,256.50537
2058-04-04,257.75903
2058-04-05,259.01266
2058-04-06,260.26633
2058-04-07,261.51996
2058-04-08,262.77362
2058-04-09,264.02725
2058-04-10,265.28088
2058-04-11,266.53455
2058-04-12,267.78818
2058-04-13,269.04184
2058-04-14,270.29547
2058-04-15,271.54913
2058-04-16,272.80276
2058-04-17,273.9236
2058-04-18,275.0445
2058-04-19,276.16534
2058-04-20,277.2862
2058-04-21,278.40707
2058-04-22,279.52792
2058-04-23,280.6488
2058-04-24,281.76965
2058-04-25,282.8905
2058-04-26,284.01138
2058-04-27,285.13223
2058-04-28,286.25308
2058-04-29,287.37396
2058-04-30,288.4948
2058-05-01,289.61566
2058-05-02,290.73654
2058-05-03,291.8574
2058-05-04,292.97827
2058-05-05,294.09912
2058-05-06,295.21997
2058-05-07,296.34085
2058-05-08,297.4617
2058-05-09,298.58255
2058-05-10,299.70343
2058-05-11,300.82428
2058-05-12,301.94516
2058-05-13,303.066
2058-05-14,304.18686
2058-05-15,305.30774
2058-05-16,306.4286
2058-05-17,306.47217
2058-05-18,306.51575
2058-05-19,306.55933
2058-05-20,306.6029
2058-05-21,306.64648
2058-05-22,306.69006
2058-05-23,306.73364
2058-05-24,306.77722
2058-05-25,306.8208
2058-05-26,306.86438
2058-05-27,306.90796
2058-05-28,306.95154
2058-05-29,306.99512
2058-05-30,307.0387
2058-05-31,307.08228
2058-06-01,307.12582
2058-06-02,307.1694
2058-06-03,307.21298
2058-06-04,307.25656
2058-06-05,307.30014
2058-06-06,307.34372
2058-06-07,307.3873
2058-06-08,307.43088
2058-06-09,307.47446
2058-06-10,307.51804
2058-06-11,307.5616
2058-06-12,307.6052
2058-06-13,307.64877
2058-06-14,307.69235
2058-06-15,307.73593
2058-06-16,307.7795
2058-06-17,307.5801
2058-06-18,307.3807
2058-06-19,307.1813
2058-06-20,306.9819
2058-06-21,306.78253
2058-06-22,306.58313
2058-06-23,306.38373
2058-06-24,306.18433
2058-06-25,305.98492
2058-06-26,305.78552
2058-06-27,305.58612
2058-06-28,305.38672
2058-06-29,305.18732
2058-06-30,304.9879
2058-07-01,304.7885
2058-07-02,304.58914
2058-07-03,304.38974
2058-07-04,304.19034
2058-07-05,303.99094
2058-07-06,303.79153
2058-07-07,303.59213
2058-07-08,303.39273
2058-07-09,303.19333
2058-07-10,302.99393
2058-07-11,302.79456
2058-07-12,302.59515
2058-07-13,302.39575
2058-07-14,302.19635
2058-07-15,301.99695
2058-07-16,301.79755
2058-07-17,300.3393
2058-07-18,298.88104
2058-07-19,297.4228
2058-07-20,295.96457
2058-07-21,294.50632
2058-07-22,293.04807
2058-07-23,291.5898
2058-07-24,290.13156
2058-07-25,288.6733
2058-07-26,287.21506
2058-07-27,285.7568
2058-07-28,284.29858
2058-07-29,282.84033
2058-07-30,281.38208
2058-07-31,279.92383
2058-08-01,278.46558
2058-08-02,277.00732
2058-08-03,275.54907
2058-08-04,274.09082
2058-08-05,272.6326
2058-08-06,271.17435
2058-08-07,269.7161
2058-08-08,268.25784
2058-08-09,266.7996
2058-08-10,265.34134
2058-08-11,263.8831
2058-08-12,262.42484
2058-08-13,260.9666
2058-08-14,259.50836
2058-08-15,258.0501
2058-08-16,256.59186
2058-08-17,256.65674
2058-08-18,256.7216
2058-08-19,256.78647
2058-08-20,256.85135
2058-08-21,256.9162
2058-08-22,256.98108
2058-08-23,257.04596
2058-08-24,257.1108
2058-08-25,257.1757
2058-08-26,257.24054
2058-08-27,257.30542
2058-08-28,257.3703
2058-08-29,257.43515
2058-08-30,257.50003
2058-08-31,257.5649
2058-09-01,257.62976
2058-09-02,257.69464
2058-09-03,257.75952
2058-09-04,257.82437
2058-09-05,257.88925
2058-09-06,257.95413
2058-09-07,258.01898
2058-09-08,258.08386
2058-09-09,258.1487
2058-09-10,258.2136
2058-09-11,258.27847
2058-09-12,258.34332
2058-09-13,258.4082
2058-09-14,258.47308
2058-09-15,258.53793
2058-09-16,258.6028
2058-09-17,257.63525
2058-09-18,256.66766
2058-09-19,255.7001
2058-09-20,254.73254
2058-09-21,253.76497
2058-09-22,252.79741
2058-09-23,251.82983
2058-09-24,250.86226
2058-09-25,249.8947
2058-09-26,248.92712
2058-09-27,247.95956
2058-09-28,246.99199
2058-09-29,246.02443
2058-09-30,245.05685
2058-10-01,244.0893
2058-10-02,243.12172
2058-10-03,242.15414
2058-10-04,241.18658
2058-10-05,240.21901
2058-10-06,239.25145
2058-10-07,238.28387
2058-10-08,237.31631
2058-10-09,236.34874
2058-10-10,235.38116
2058-10-11,234.4136
2058-10-12,233.44603
2058-10-13,232.47847
2058-10-14,231.5109
2058-10-15,230.54333
2058-10-16,229.57576
2058-10-17,227.87634
2058-10-18,226.17694
2058-10-19,224.47752
2058-10-20,222.77812
2058-10-21,221.0787
2058-10-22,219.3793
2058-10-23,217.67989
2058-10-24,215.98048
2058-10-25,214.28107
2058-10-26,212.58167
2058-10-27,210.88225
2058-10-28,209.18285
2058-10-29,207.48343
2058-10-30,205.78403
2058-10-31,204.08461
2058-11-01,202.38521
2058-11-02,200.68579
2058-11-03,198.98639
2058-11-04,197.28697
2058-11-05,195.58757
2058-11-06,193.88815
2058-11-07,192.18875
2058-11-08,190.48933
2058-11-09,188.78993
2058-11-10,187.09052
2058-11-11,185.39111
2058-11-12,183.6917
2058-11-13,181.9923
2058-11-14,180.29288
2058-11-15,178.59348
2058-11-16,176.89406
2058-11-17,176.00246
2058-11-18,175.11084
2058-11-19,174.21924
2058-11-20,173.32764
2058-11-21,172.43604
2058-11-22,171.54442
2058-11-23,170.65282
2058-11-24,169.76122
2058-11-25,168.86961
2058-11-26,167.978
2058-11-27,167.0864
2058-11-28,166.1948
2058-11-29,165.30319
2058-11-30,164.41158
2058-12-01,163.51997
2058-12-02,162.62837
2058-12-03,161.73676
2058-12-04,160.84515
2058-12-05,159.95355
2058-12-06,159.06195
2058-12-07,158.17033
2058-12-08,157.27873
2058-12-09,156.38713
2058-12-10,155.49553
2058-12-11,154.60391
2058-12-12,153.71231
2058-12-13,152.82071
2058-12-14,151.92911
2058-12-15,151.03749
2058-12-16,150.14589
2058-12-17,150.44188
2058-12-18,150.73787
2058-12-19,151.03386
2058-12-20,151.32985
2058-12-21,151.62584
2058-12-22,151.92184
2058-12-23,152.21783
2058-12-24,152.51382
2058-12-25,152.80981
2058-12-26,153.1058
2058-12-27,153.4018
2058-12-28,153.69778
2058-12-29,153.99377
2058-12-30,154.28976
2058-12-31,154.58575
2059-01-01,154.88176
2059-01-02,155.17775
2059-01-03,155.47374
2059-01-04,155.76973
2059-01-05,156.06572
2059-01-06,156.36171
2059-01-07,156.6577
2059-01-08,156.95369
2059-01-09,157.24968
2059-01-10,157.54567
2059-01-11,157.84167
2059-01-12,158.13766
2059-01-13,158.43365
2059-01-14,158.72964
2059-01-15,159.02563
2059-01-16,159.32162
2059-01-17,159.56567
2059-01-18,159.80972
2059-01-19,160.05377
2059-01-20,160.29782
2059-01-21,160.54187
2059-01-22,160.78592
2059-01-23,161.02997
2059-01-24,161.274
2059-01-25,161.51805
2059-01-26,161.7621
2059-01-27,162.00615
2059-01-28,162.2502
2059-01-29,162.49425
2059-01-30,162.7383
2059-01-31,162.98235
2059-02-01,163.2264
2059-02-02,163.47044
2059-02-03,163.7145
2059-02-04,163.95854
2059-02-05,164.20259
2059-02-06,164.44664
2059-02-07,164.69069
2059-02-08,164.93472
2059-02-09,165.17877
2059-02-10,165.42282
2059-02-11,165.66687
2059-02-12,165.91092
2059-02-13,166.15497
2059-02-14,166.39902
2059-02-15,166.64307
2059-02-16,169.6531
2059-02-17,172.66316
2059-02-18,175.6732
2059-02-19,178.68326
2059-02-20,181.6933
2059-02-21,184.70335
2059-02-22,187.7134
2059-02-23,190.72345
2059-02-24,193.73349
2059-02-25,196.74353
2059-02-26,199.75359
2059-02-27,202.76363
2059-02-28,205.77368
2059-03-01,208.78372
2059-03-02,211.79378
2059-03-03,214.80382
2059-03-04,217.81387
2059-03-05,220.82391
2059-03-06,223.83397
2059-03-07,226.84401
2059-03-08,229.85405
2059-03-09,232.8641
2059-03-10,235.87415
2059-03-11,238.8842
2059-03-12,241.89424
2059-03-13,244.9043
2059-03-14,247.91434
2059-03-15,250.9244
2059-03-16,253.93443
2059-03-17,253.69455
2059-03-18,253.45468
2059-03-19,253.2148
2059-03-20,252.97491
2059-03-21,252.73503
2059-03-22,252.49516
2059-03-23,252.25528
2059-03-24,252.0154
2059-03-25,251.77553
2059-03-26,251.53564
2059-03-27,251.29576
2059-03-28,251.05588
2059-03-29,250.81601
2059-03-30,250.57613
2059-03-31,250.33624
2059-04-01,250.09637
2059-04-02,249.85649
2059-04-03,249.61661
2059-04-04,249.37674
2059-04-05,249.13686
2059-04-06,248.89697
2059-04-07,248.65709
2059-04-08,248.41722
2059-04-09,248.17734
2059-04-10,247.93745
2059-04-11,247.69759
2059-04-12,247.4577
2059-04-13,247.21782
2059-04-14,246.97794
2059-04-15,246.73807
2059-04-16,246.49818
2059-04-17,247.99554
2059-04-18,249.49289
2059-04-19,250.99025
2059-04-20,252.48761
2059-04-21,253.98495
2059-04-22,255.48232
2059-04-23,256.97968
2059-04-24,258.47702
2059-04-25,259.97437
2059-04-26,261.47174
2059-04-27,262.9691
2059-04-28,264.46643
2059-04-29,265.9638
2059-04-30,267.46115
2059-05-01,268.9585
2059-05-02,270.45587
2059-05-03,271.95322
2059-05-04,273.45056
2059-05-05,274.94794
2059-05-06,276.44528
2059-05-07,277.94263
2059-05-08,279.43997
2059-05-09,280.93735
2059-05-10,282.4347
2059-05-11,283.93204
2059-05-12,285.4294
2059-05-13,286.92676
2059-05-14,288.4241
2059-05-15,289.92148
2059-05-16,291.41882
2059-05-17,290.78598
2059-05-18,290.15317
2059-05-19,289.52032
2059-05-20,288.88748
2059-05-21,288.25464
2059-05-22,287.62183
2059-05-23,286.98898
2059-05-24,286.35614
2059-05-25,285.7233
2059-05-26,285.09048
2059-05-27,284.45764
2059-05-28,283.8248
2059-05-29,283.19196
2059-05-30,282.55914
2059-05-31,281.9263
2059-06-01,281.29346
2059-06-02,280.6606
2059-06-03,280.0278
2059-06-04,279.39496
2059-06-05,278.76212
2059-06-06,278.12927
2059-06-07,277.49646
2059-06-08,276.86362
2059-06-09,276.23077
2059-06-10,275.59793
2059-06-11,274.96512
2059-06-12,274.33228
2059-06-13,273.69943
2059-06-14,273.0666
2059-06-15,272.43378
2059-06-16,271.80093
2059-06-17,272.34488
2059-06-18,272.8888
2059-06-19,273.43274
2059-06-20,273.97668
2059-06-21,274.5206
2059-06-22,275.06454
2059-06-23,275.60846
2059-06-24,276.1524
2059-06-25,276.69635
2059-06-26,277.24026
2059-06-27,277.7842
2059-06-28,278.32816
2059-06-29,278.87207
2059-06-30,279.41602
2059-07-01,279.95996
2059-07-02,280.50388
2059-07-03,281.04782
2059-07-04,281.59174
2059-07-05,282.13568
2059-07-06,282.67963
2059-07-07,283.22354
2059-07-08,283.7675
2059-07-09,284.31143
2059-07-10,284.85535
2059-07-11,285.3993
2059-07-12,285.9432
2059-07-13,286.48715
2059-07-14,287.0311
2059-07-15,287.575
2059-07-16,288.11896
2059-07-17,287.41916
2059-07-18,286.7194
2059-07-19,286.0196
2059-07-20,285.3198
2059-07-21,284.62
2059-07-22,283.92023
2059-07-23,283.22043
2059-07-24,282.52063
2059-07-25,281.82083
2059-07-26,281.12106
2059-07-27,280.42126
2059-07-28,279.72147
2059-07-29,279.02167
2059-07-30,278.3219
2059-07-31,277.6221
2059-08-01,276.9223
2059-08-02,276.2225
2059-08-03,275.52274
2059-08-04,274.82294
2059-08-05,274.12314
2059-08-06,273.42334
2059-08-07,272.72357
2059-08-08,272.02377
2059-08-09,271.32397
2059-08-10,270.62418
2059-08-11,269.9244
2059-08-12,269.2246
2059-08-13,268.5248
2059-08-14,267.825
2059-08-15,267.12524
2059-08-16,266.42545
2059-08-17,266.0714
2059-08-18,265.7174
2059-08-19,265.36337
2059-08-20,265.00937
2059-08-21,264.65533
2059-08-22,264.3013
2059-08-23,263.9473
2059-08-24,263.59326
2059-08-25,263.23923
2059-08-26,262.88522
2059-08-27,262.5312
2059-08-28,262.1772
2059-08-29,261.82315
2059-08-30,261.46912
2059-08-31,261.1151
2059-09-01,260.76108
2059-09-02,260.40707
2059-09-03,260.05304
2059-09-04,259.699
2059-09-05,259.345
2059-09-06,258.99097
2059-09-07,258.63696
2059-09-08,258.28293
2059-09-09,257.9289
2059-09-10,257.5749
2059-09-11,257.22086
2059-09-12,256.86682
2059-09-13,256.51282
2059-09-14,256.15878
2059-09-15,255.80476
2059-09-16,255.45074
2059-09-17,254.64827
2059-09-18,253.84578
2059-09-19,253.0433
2059-09-20,252.24083
2059-09-21,251.43834
2059-09-22,250.63586
2059-09-23,249.83339
2059-09-24,249.0309
2059-09-25,248.22842
2059-09-26,247.42595
2059-09-27,246.62346
2059-09-28,245.82098
2059-09-29,245.01851
2059-09-30,244.21602
2059-10-01,243.41354
2059-10-02,242.61107
2059-10-03,241.80858
2059-10-04,241.0061
2059-10-05,240.20363
2059-10-06,239.40114
2059-10-07,238.59866
2059-10-08,237.79619
2059-10-09,236.9937
2059-10-10,236.19122
2059-10-11,235.38875
2059-10-12,234.58626
2059-10-13,233.78378
2059-10-14,232.98131
2059-10-15,232.17882
2059-10-16,231.37634
2059-10-17,229.99763
2059-10-18,228.61894
2059-10-19,227.24023
2059-10-20,225.86153
2059-10-21,224.48283
2059-10-22,223.10413
2059-10-23,221.72542
2059-10-24,220.34673
2059-10-25,218.96802
2059-10-26,217.58932
2059-10-27,216.21062
2059-10-28,214.83191
2059-10-29,213.45322
2059-10-30,212.07451
2059-10-31,210.6958
2059-11-01,209.31711
2059-11-02,207.9384
2059-11-03,206.5597
2059-11-04,205.181
2059-11-05,203.80229
2059-11-06,202.42358
2059-11-07,201.04489
2059-11-08,199.66618
2059-11-09,198.28749
2059-11-10,196.90878
2059-11-11,195.53008
2059-11-12,194.15138
2059-11-13,192.77267
2059-11-14,191.39397
2059-11-15,190.01527
2059-11-16,188.63657
2059-11-17,188.15213
2059-11-18,187.6677
2059-11-19,187.18324
2059-11-20,186.6988
2059-11-21,186.21437
2059-11-22,185.72993
2059-11-23,185.2455
2059-11-24,184.76105
2059-11-25,184.27661
2059-11-26,183.79218
2059-11-27,183.30774
2059-11-28,182.8233
2059-11-29,182.33885
2059-11-30,181.85442
2059-12-01,181.36998
2059-12-02,180.88554
2059-12-03,180.40111
2059-12-04,179.91666
2059-12-05,179.43222
2059-12-06,178.94778
2059-12-07,178.46335
2059-12-08,177.97891
2059-12-09,177.49446
2059-12-10,177.01003
2059-12-11,176.52559
2059-12-12,176.04115
2059-12-13,175.55672
2059-12-14,175.07227
2059-12-15,174.58783
2059-12-16,174.1034
2059-12-17,173.73276
2059-12-18,173.36212
2059-12-19,172.99149
2059-12-20,172.62086
2059-12-21,172.25023
2059-12-22,171.8796
2059-12-23,171.50896
2059-12-24,171.13832
2059-12-25,170.76768
2059-12-26,170.39706
2059-12-27,170.02643
2059-12-28,169.65579
2059-12-29,169.28516
2059-12-30,168.91452
2059-12-31,168.54388
2060-01-01,168.17326
2060-01-02,167.80263
2060-01-03,167.43199
2060-01-04,167.06136
2060-01-05,166.69072
2060-01-06,166.32008
2060-01-07,165.94946
2060-01-08,165.57883
2060-01-09,165.20819
2060-01-10,164.83755
2060-01-11,164.46692
2060-01-12,164.09628
2060-01-13,163.72566
2060-01-14,163.35503
2060-01-15,162.98439
2060-01-16,162.61375
2060-01-17,164.1444
2060-01-18,165.67503
2060-01-19,167.20569
2060-01-20,168.73633
2060-01-21,170.26697
2060-01-22,171.7976
2060-01-23,173.32826
2060-01-24,174.8589
2060-01-25,176.38954
2060-01-26,177.92018
2060-01-27,179.45084
2060-01-28,180.98148
2060-01-29,182.51212
2060-01-30,184.04276
2060-01-31,185.5734
2060-02-01,187.10405
2060-02-02,188.63469
2060-02-03,190.16533
2060-02-04,191.69597
2060-02-05,193.22662
2060-02-06,194.75726
2060-02-07,196.2879
2060-02-08,197.81854
2060-02-09,199.3492
2060-02-10,200.87984
2060-02-11,202.41048
2060-02-12,203.94112
2060-02-13,205.47177
2060-02-14,207.00241
2060-02-15,208.53305
2060-02-16,209.31625
2060-02-17,210.09944
2060-02-18,210.88264
2060-02-19,211.66585
2060-02-20,212.44904
2060-02-21,213.23224
2060-02-22,214.01544
2060-02-23,214.79863
2060-02-24,215.58183
2060-02-25,216.36504
2060-02-26,217.14822
2060-02-27,217.93143
2060-02-28,218.71463
2060-02-29,219.49782
2060-03-01,220.28102
2060-03-02,221.06422
2060-03-03,221.84741
2060-03-04,222.63062
2060-03-05,223.41382
2060-03-06,224.197
2060-03-07,224.98021
2060-03-08,225.76341
2060-03-09,226.5466
2060-03-10,227.3298
2060-03-11,228.113
2060-03-12,228.8962
2060-03-13,229.6794
2060-03-14,230.4626
2060-03-15,231.24579
2060-03-16,232.02899
2060-03-17,233.18404
2060-03-18,234.3391
2060-03-19,235.49414
2060-03-20,236.64919
2060-03-21,237.80423
2060-03-22,238.95929
2060-03-23,240.11433
2060-03-24,241.26938
2060-03-25,242.42444
2060-03-26,243.57948
2060-03-27,244.73453
2060-03-28,245.88957
2060-03-29,247.04463
2060-03-30,248.19968
2060-03-31,249.35472
2060-04-01,250.50978
2060-04-02,251.66483
2060-04-03,252.81987
2060-04-04,253.97493
2060-04-05,255.12997
2060-04-06,256.28503
2060-04-07,257.44006
2060-04-08,258.59512
2060-04-09,259.75015
2060-04-10,260.9052
2060-04-11,262.06027
2060-04-12,263.2153
2060-04-13,264.37036
2060-04-14,265.52542
2060-04-15,266.68045
2060-04-16,267.8355
2060-04-17,269.014
2060-04-18,270.1925
2060-04-19,271.371
2060-04-20,272.54947
2060-04-21,273.72797
2060-04-22,274.90646
2060-04-23,276.08496
2060-04-24,277.26346
2060-04-25,278.44196
2060-04-26,279.62045
2060-04-27,280.79895
2060-04-28,281.97742
2060-04-29,283.1559
2060-04-30,284.3344
2060-05-01,285.5129
2060-05-02,286.6914
2060-05-03,287.8699
2060-05-04,289.0484
2060-05-05,290.22687
2060-05-06,291.40536
2060-05-07,292.58386
2060-05-08,293.76236
2060-05-09,294.94086
2060-05-10,296.11935
2060-05-11,297.29785
2060-05-12,298.47635
2060-05-13,299.65482
2060-05-14,300.8333
2060-05-15,302.0118
2060-05-16,303.1903
2060-05-17,302.90463
2060-05-18,302.61896
2060-05-19,302.33328
2060-05-20,302.0476
2060-05-21,301.76193
2060-05-22,301.47626
2060-05-23,301.19058
2060-05-24,300.9049
2060-05-25,300.61923
2060-05-26,300.33356
2060-05-27,300.04788
2060-05-28,299.7622
2060-05-29,299.47653
2060-05-30,299.19086
2060-05-31,298.90518
2060-06-01,298.6195
2060-06-02,298.33383
2060-06-03,298.04816
2060-06-04,297.76248
2060-06-05,297.4768
2060-06-06,297.19113
2060-06-07,296.90546
2060-06-08,296.61978
2060-06-09,296.3341
2060-06-10,296.04843
2060-06-11,295.76276
2060-06-12,295.47708
2060-06-13,295.1914
2060-06-14,294.90573
2060-06-15,294.62006
2060-06-16,294.33438
2060-06-17,293.99557
2060-06-18,293.65677
2060-06-19,293.31796
2060-06-20,292.97916
2060-06-21,292.64035
2060-06-22,292.30154
2060-06-23,291.96274
2060-06-24,291.62393
2060-06-25,291.28513
2060-06-26,290.94632
2060-06-27,290.6075
2060-06-28,290.2687
2060-06-29,289.9299
2060-06-30,289.5911
2060-07-01,289.25232
2060-07-02,288.9135
2060-07-03,288.5747
2060-07-04,288.2359
2060-07-05,287.8971
2060-07-06,287.5583
2060-07-07,287.21948
2060-07-08,286.88068
2060-07-09,286.54187
2060-07-10,286.20306
2060-07-11,285.86426
2060-07-12,285.52545
2060-07-13,285.18665
2060-07-14,284.84784
2060-07-15,284.50903
2060-07-16,284.17023
2060-07-17,282.04684
2060-07-18,279.92343
2060-07-19,277.80005
2060-07-20,275.67667
2060-07-21,273.55325
2060-07-22,271.42987
2060-07-23,269.3065
2060-07-24,267.18307
2060-07-25,265.0597
2060-07-26,262.9363
2060-07-27,260.8129
2060-07-28,258.6895
2060-07-29,256.56613
2060-07-30,254.44273
2060-07-31,252.31934
2060-08-01,250.19595
2060-08-02,248.07256
2060-08-03,245.94916
2060-08-04,243.82578
2060-08-05,241.70238
2060-08-06,239.57898
2060-08-07,237.4556
2060-08-08,235.3322
2060-08-09,233.20882
2060-08-10,231.08542
2060-08-11,228.96202
2060-08-12,226.83864
2060-08-13,224.71524
2060-08-14,222.59184
2060-08-15,220.46846
2060-08-16,218.34506
2060-08-17,217.78659
2060-08-18,217.22813
2060-08-19,216.66966
2060-08-20,216.1112
2060-08-21,215.55273
2060-08-22,214.99428
2060-08-23,214.4358
2060-08-24,213.87735
2060-08-25,213.31888
2060-08-26,212.76042
2060-08-27,212.20195
2060-08-28,211.64348
2060-08-29,211.08502
2060-08-30,210.52655
2060-08-31,209.9681
2060-09-01,209.40962
2060-09-02,208.85117
2060-09-03,208.2927
2060-09-04,207.73424
2060-09-05,207.17577
2060-09-06,206.6173
2060-09-07,206.05884
2060-09-08,205.50037
2060-09-09,204.94191
2060-09-10,204.38344
2060-09-11,203.82498
2060-09-12,203.26651
2060-09-13,202.70805
2060-09-14,202.14958
2060-09-15,201.59113
2060-09-16,201.03265
2060-09-17,200.20169
2060-09-18,199.37073
2060-09-19,198.53978
2060-09-20,197.70882
2060-09-21,196.87785
2060-09-22,196.04689
2060-09-23,195.21593
2060-09-24,194.38498
2060-09-25,193.55402
2060-09-26,192.72305
2060-09-27,191.89209
2060-09-28,191.06113
2060-09-29,190.23018
2060-09-30,189.39922
2060-10-01,188.56825
2060-10-02,187.73729
2060-10-03,186.90633
2060-10-04,186.07538
2060-10-05,185.24442
2060-10-06,184.41345
2060-10-07,183.58249
2060-10-08,182.75153
2060-10-09,181.92058
2060-10-10,181.08961
2060-10-11,180.25865
2060-10-12,179.42769
2060-10-13,178.59673
2060-10-14,177.76578
2060-10-15,176.93481
2060-10-16,176.10385
2060-10-17,176.64104
2060-10-18,177.17822
2060-10-19,177.71541
2060-10-20,178.2526
2060-10-21,178.78978
2060-10-22,179.32697
2060-10-23,179.86415
2060-10-24,180.40134
2060-10-25,180.93852
2060-10-26,181.47571
2060-10-27,182.0129
2060-10-28,182.55008
2060-10-29,183.08727
2060-10-30,183.62445
2060-10-31,184.16164
2060-11-01,184.6988
2060-11-02,185.236
2060-11-03,185.77318
2060-11-04,186.31036
2060-11-05,186.84755
2060-11-06,187.38474
2060-11-07,187.92192
2060-11-08,188.4591
2060-11-09,188.99629
2060-11-10,189.53348
2060-11-11,190.07066
2060-11-12,190.60785
2060-11-13,191.14503
2060-11-14,191.68222
2060-11-15,192.2194
2060-11-16,192.75659
2060-11-17,191.72668
2060-11-18,190.69678
2060-11-19,189.66687
2060-11-20,188.63696
2060-11-21,187.60706
2060-11-22,186.57716
2060-11-23,185.54726
2060-11-24,184.51735
2060-11-25,183.48744
2060-11-26,182.45753
2060-11-27,181.42763
2060-11-28,180.39772
2060-11-29,179.36781
2060-11-30,178.3379
2060-12-01,177.30801
2060-12-02,176.2781
2060-12-03,175.2482
2060-12-04,174.21829
2060-12-05,173.18839
2060-12-06,172.15848
2060-12-07,171.12857
2060-12-08,170.09866
2060-12-09,169.06876
2060-12-10,168.03885
2060-12-11,167.00894
2060-12-12,165.97905
2060-12-13,164.94914
2060-12-14,163.91924
2060-12-15,162.88933
2060-12-16,161.85942
2060-12-17,162.33409
2060-12-18,162.80876
2060-12-19,163.28343
2060-12-20,163.7581
2060-12-21,164.23277
2060-12-22,164.70744
2060-12-23,165.18211
2060-12-24,165.65678
2060-12-25,166.13145
2060-12-26,166.60612
2060-12-27,167.0808
2060-12-28,167.55547
2060-12-29,168.03014
2060-12-30,168.5048
2060-12-31,168.97948
2061-01-01,169.45413
2061-01-02,169.9288
2061-01-03,170.40347
2061-01-04,170.87814
2061-01-05,171.35281
2061-01-06,171.82748
2061-01-07,172.30215
2061-01-08,172.77682
2061-01-09,173.2515
2061-01-10,173.72617
2061-01-11,174.20084
2061-01-12,174.6755
2061-01-13,175.15018
2061-01-14,175.62485
2061-01-15,176.09952
2061-01-16,176.57419
2061-01-17,177.7009
2061-01-18,178.82762
2061-01-19,179.95435
2061-01-20,181.08105
2061-01-21,182.20776
2061-01-22,183.33449
2061-01-23,184.46121
2061-01-24,185.58792
2061-01-25,186.71463
2061-01-26,187.84135
2061-01-27,188.96808
2061-01-28,190.09479
2061-01-29,191.2215
2061-01-30,192.34822
2061-01-31,193.47495
2061-02-01,194.60165
2061-02-02,195.72836
2061-02-03,196.85509
2061-02-04,197.98181
2061-02-05,199.10852
2061-02-06,200.23523
2061-02-07,201.36195
2061-02-08,202.48868
2061-02-09,203.61539
2061-02-10,204.7421
2061-02-11,205.86882
2061-02-12,206.99554
2061-02-13,208.12225
2061-02-14,209.24896
2061-02-15,210.37569
2061-02-16,211.17995
2061-02-17,211.9842
2061-02-18,212.78847
2061-02-19,213.59273
2061-02-20,214.39699
2061-02-21,215.20125
2061-02-22,216.00551
2061-02-23,216.80977
2061-02-24,217.61403
2061-02-25,218.41829
2061-02-26,219.22255
2061-02-27,220.02681
2061-02-28,220.83107
2061-03-01,221.63533
2061-03-02,222.43958
2061-03-03,223.24384
2061-03-04,224.0481
2061-03-05,224.85236
2061-03-06,225.65662
2061-03-07,226.46088
2061-03-08,227.26514
2061-03-09,228.0694
2061-03-10,228.87366
2061-03-11,229.67792
2061-03-12,230.48218
2061-03-13,231.28644
2061-03-14,232.0907
2061-03-15,232.89496
2061-03-16,233.69922
2061-03-17,235.32428
2061-03-18,236.94936
2061-03-19,238.57442
2061-03-20,240.19948
2061-03-21,241.82455
2061-03-22,243.44962
2061-03-23,245.07468
2061-03-24,246.69975
2061-03-25,248.32481
2061-03-26,249.94987
2061-03-27,251.57495
2061-03-28,253.20001
2061-03-29,254.82507
2061-03-30,256.45013
2061-03-31,258.0752
2061-04-01,259.7003
2061-04-02,261.32535
2061-04-03,262.9504
2061-04-04,264.57547
2061-04-05,266.20053
2061-04-06,267.8256
2061-04-07,269.45068
2061-04-08,271.07574
2061-04-09,272.7008
2061-04-10,274.32587
2061-04-11,275.95093
2061-04-12,277.576
2061-04-13,279.20108
2061-04-14,280.82614
2061-04-15,282.4512
2061-04-16,284.07626
2061-04-17,284.87723
2061-04-18,285.67822
2061-04-19,286.4792
2061-04-20,287.28015
2061-04-21,288.08115
2061-04-22,288.8821
2061-04-23,289.6831
2061-04-24,290.48407
2061-04-25,291.28503
2061-04-26,292.08603
2061-04-27,292.887
2061-04-28,293.68796
2061-04-29,294.48895
2061-04-30,295.28992
2061-05-01,296.09088
2061-05-02,296.89188
2061-05-03,297.69284
2061-05-04,298.49384
2061-05-05,299.2948
2061-05-06,300.09576
2061-05-07,300.89676
2061-05-08,301.69772
2061-05-09,302.4987
2061-05-10,303.29968
2061-05-11,304.10065
2061-05-12,304.90164
2061-05-13,305.7026
2061-05-14,306.50357
2061-05-15,307.30457
2061-05-16,308.10553
2061-05-17,308.20013
2061-05-18,308.29474
2061-05-19,308.38934
2061-05-20,308.48395
2061-05-21,308.57855
2061-05-22,308.67313
2061-05-23,308.76773
2061-05-24,308.86234
2061-05-25,308.95694
2061-05-26,309.05154
2061-05-27,309.14615
2061-05-28,309.24075
2061-05-29,309.33536
2061-05-30,309.42996
2061-05-31,309.52457
2061-06-01,309.61914
2061-06-02,309.71375
2061-06-03,309.80835
2061-06-04,309.90295
2061-06-05,309.99756
2061-06-06,310.09216
2061-06-07,310.18677
2061-06-08,310.28137
2061-06-09,310.37598
2061-06-10,310.47058
2061-06-11,310.56516
2061-06-12,310.65976
2061-06-13,310.75436
2061-06-14,310.84897
2061-06-15,310.94357
2061-06-16,311.03818
2061-06-17,310.34473
2061-06-18,309.65128
2061-06-19,308.95782
2061-06-20,308.26437
2061-06-21,307.57092
2061-06-22,306.87747
2061-06-23,306.18402
2061-06-24,305.4906
2061-06-25,304.79715
2061-06-26,304.1037
2061-06-27,303.41025
2061-06-28,302.7168
2061-06-29,302.02335
2061-06-30,301.3299
2061-07-01,300.63644
2061-07-02,299.943
2061-07-03,299.24954
2061-07-04,298.5561
2061-07-05,297.86264
2061-07-06,297.1692
2061-07-07,296.47574
2061-07-08,295.7823
2061-07-09,295.08887
2061-07-10,294.39542
2061-07-11,293.70197
2061-07-12,293.0085
2061-07-13,292.31506
2061-07-14,291.6216
2061-07-15,290.92816
2061-07-16,290.2347
2061-07-17,288.94086
2061-07-18,287.64697
2061-07-19,286.35312
2061-07-20,285.05923
2061-07-21,283.76538
2061-07-22,282.4715
2061-07-23,281.17764
2061-07-24,279.8838
2061-07-25,278.5899
2061-07-26,277.29605
2061-07-27,276.00217
2061-07-28,274.7083
2061-07-29,273.41446
2061-07-30,272.12057
2061-07-31,270.82672
2061-08-01,269.53284
2061-08-02,268.23898
2061-08-03,266.9451
2061-08-04,265.65125
2061-08-05,264.3574
2061-08-06,263.0635
2061-08-07,261.76965
2061-08-08,260.47577
2061-08-09,259.18192
2061-08-10,257.88806
2061-08-11,256.59418
2061-08-12,255.30031
2061-08-13,254.00645
2061-08-14,252.71259
2061-08-15,251.41872
2061-08-16,250.12485
2061-08-17,250.51361
2061-08-18,250.90239
2061-08-19,251.29115
2061-08-20,251.67993
2061-08-21,252.0687
2061-08-22,252.45747
2061-08-23,252.84624
2061-08-24,253.23502
2061-08-25,253.62378
2061-08-26,254.01256
2061-08-27,254.40132
2061-08-28,254.79008
2061-08-29,255.17886
2061-08-30,255.56763
2061-08-31,255.9564
2061-09-01,256.34518
2061-09-02,256.73395
2061-09-03,257.1227
2061-09-04,257.51147
2061-09-05,257.90027
2061-09-06,258.28903
2061-09-07,258.6778
2061-09-08,259.06656
2061-09-09,259.45532
2061-09-10,259.84412
2061-09-11,260.23288
2061-09-12,260.62164
2061-09-13,261.0104
2061-09-14,261.3992
2061-09-15,261.78796
2061-09-16,262.17673
2061-09-17,261.03503
2061-09-18,259.89334
2061-09-19,258.75168
2061-09-20,257.61
2061-09-21,256.4683
2061-09-22,255.32661
2061-09-23,254.18492
2061-09-24,253.04324
2061-09-25,251.90155
2061-09-26,250.75987
2061-09-27,249.61818
2061-09-28,248.4765
2061-09-29,247.33481
2061-09-30,246.19313
2061-10-01,245.05144
2061-10-02,243.90974
2061-10-03,242.76807
2061-10-04,241.62637
2061-10-05,240.4847
2061-10-06,239.343
2061-10-07,238.20132
2061-10-08,237.05963
2061-10-09,235.91795
2061-10-10,234.77626
2061-10-11,233.63458
2061-10-12,232.49289
2061-10-13,231.35121
2061-10-14,230.20952
2061-10-15,229.06784
2061-10-16,227.92615
2061-10-17,226.16214
2061-10-18,224.39812
2061-10-19,222.63411
2061-10-20,220.87009
2061-10-21,219.10608
2061-10-22,217.34206
2061-10-23,215.57805
2061-10-24,213.81404
2061-10-25,212.05002
2061-10-26,210.28601
2061-10-27,208.52199
2061-10-28,206.75798
2061-10-29,204.99397
2061-10-30,203.22995
2061-10-31,201.46594
2061-11-01,199.70192
2061-11-02,197.93791
2061-11-03,196.17389
2061-11-04,194.40988
2061-11-05,192.64587
2061-11-06,190.88185
2061-11-07,189.11784
2061-11-08,187.35382
2061-11-09,185.58981
2061-11-10,183.8258
2061-11-11,182.06178
2061-11-12,180.29778
2061-11-13,178.53375
2061-11-14,176.76974
2061-11-15,175.00572
2061-11-16,173.24171
2061-11-17,172.76088
2061-11-18,172.28006
2061-11-19,171.79922
2061-11-20,171.31839
2061-11-21,170.83757
2061-11-22,170.35674
2061-11-23,169.8759
2061-11-24,169.39508
2061-11-25,168.91425
2061-11-26,168.43341
2061-11-27,167.95259
2061-11-28,167.47176
2061-11-29,166.99092
2061-11-30,166.5101
2061-12-01,166.02927
2061-12-02,165.54843
2061-12-03,165.06761
2061-12-04,164.58678
2061-12-05,164.10594
2061-12-06,163.62512
2061-12-07,163.14429
2061-12-08,162.66345
2061-12-09,162.18263
2061-12-10,161.7018
2061-12-11,161.22096
2061-12-12,160.74014
2061-12-13,160.25931
2061-12-14,159.77847
2061-12-15,159.29765
2061-12-16,158.81682
2061-12-17,158.96675
2061-12-18,159.11668
2061-12-19,159.26662
2061-12-20,159.41656
2061-12-21,159.5665
2061-12-22,159.71643
2061-12-23,159.86636
2061-12-24,160.0163
2061-12-25,160.16623
2061-12-26,160.31616
2061-12-27,160.4661
2061-12-28,160.61604
2061-12-29,160.76598
2061-12-30,160.91591
2061-12-31,161.06584
2062-01-01,161.21577
2062-01-02,161.3657
2062-01-03,161.51564
2062-01-04,161.66557
2062-01-05,161.81552
2062-01-06,161.96545
2062-01-07,162.11539
2062-01-08,162.26532
2062-01-09,162.41525
2062-01-10,162.56519
2062-01-11,162.71512
2062-01-12,162.86505
2062-01-13,163.015
2062-01-14,163.16493
2062-01-15,163.31487
2062-01-16,163.4648
2062-01-17,165.0232
2062-01-18,166.5816
2062-01-19,168.14
2062-01-20,169.6984
2062-01-21,171.2568
2062-01-22,172.8152
2062-01-23,174.3736
2062-01-24,175.932
2062-01-25,177.4904
2062-01-26,179.0488
2062-01-27,180.60721
2062-01-28,182.1656
2062-01-29,183.724
2062-01-30,185.28241
2062-01-31,186.8408
2062-02-01,188.3992
2062-02-02,189.95761
2062-02-03,191.516
2062-02-04,193.0744
2062-02-05,194.63281
2062-02-06,196.19121
2062-02-07,197.7496
2062-02-08,199.30801
2062-02-09,200.86641
2062-02-10,202.4248
2062-02-11,203.98322
2062-02-12,205.54161
2062-02-13,207.1
2062-02-14,208.65842
2062-02-15,210.21681
2062-02-16,211.18716
2062-02-17,212.15752
2062-02-18,213.12787
2062-02-19,214.09822
2062-02-20,215.06859
2062-02-21,216.03894
2062-02-22,217.0093
2062-02-23,217.97964
2062-02-24,218.95
2062-02-25,219.92035
2062-02-26,220.8907
2062-02-27,221.86105
2062-02-28,222.8314
2062-03-01,223.80176
2062-03-02,224.77213
2062-03-03,225.74248
2062-03-04,226.71283
2062-03-05,227.68318
2062-03-06,228.65353
2062-03-07,229.62389
2062-03-08,230.59424
2062-03-09,231.56459
2062-03-10,232.53494
2062-03-11,233.5053
2062-03-12,234.47566
2062-03-13,235.44601
2062-03-14,236.41637
2062-03-15,237.38672
2062-03-16,238.35707
2062-03-17,239.58525
2062-03-18,240.81343
2062-03-19,242.04161
2062-03-20,243.26979
2062-03-21,244.49797
2062-03-22,245.72615
2062-03-23,246.95433
2062-03-24,248.18251
2062-03-25,249.41069
2062-03-26,250.63887
2062-03-27,251.86705
2062-03-28,253.09523
2062-03-29,254.32341
2062-03-30,255.55159
2062-03-31,256.7798
2062-04-01,258.00797
2062-04-02,259.23615
2062-04-03,260.46432
2062-04-04,261.6925
2062-04-05,262.9207
2062-04-06,264.14886
2062-04-07,265.37704
2062-04-08,266.60522
2062-04-09,267.8334
2062-04-10,269.06158
2062-04-11,270.28976
2062-04-12,271.51794
2062-04-13,272.74612
2062-04-14,273.9743
2062-04-15,275.20248
2062-04-16,276.43066
2062-04-17,276.85336
2062-04-18,277.27606
2062-04-19,277.69876
2062-04-20,278.12146
2062-04-21,278.5442
2062-04-22,278.9669
2062-04-23,279.3896
2062-04-24,279.8123
2062-04-25,280.235
2062-04-26,280.65768
2062-04-27,281.08038
2062-04-28,281.50308
2062-04-29,281.92578
2062-04-30,282.34848
2062-05-01,282.77118
2062-05-02,283.1939
2062-05-03,283.6166
2062-05-04,284.0393
2062-05-05,284.462
2062-05-06,284.8847
2062-05-07,285.3074
2062-05-08,285.7301
2062-05-09,286.1528
2062-05-10,286.5755
2062-05-11,286.99823
2062-05-12,287.42093
2062-05-13,287.84363
2062-05-14,288.26633
2062-05-15,288.68903
2062-05-16,289.11172
2062-05-17,289.69354
2062-05-18,290.27536
2062-05-19,290.85718
2062-05-20,291.43903
2062-05-21,292.02084
2062-05-22,292.60266
2062-05-23,293.18448
2062-05-24,293.7663
2062-05-25,294.3481
2062-05-26,294.92993
2062-05-27,295.51175
2062-05-28,296.0936
2062-05-29,296.6754
2062-05-30,297.25723
2062-05-31,297.83905
2062-06-01,298.42087
2062-06-02,299.0027
2062-06-03,299.5845
2062-06-04,300.16632
2062-06-05,300.74817
2062-06-06,301.33
2062-06-07,301.9118
2062-06-08,302.49362
2062-06-09,303.07544
2062-06-10,303.65726
2062-06-11,304.23907
2062-06-12,304.8209
2062-06-13,305.40274
2062-06-14,305.98456
2062-06-15,306.56638
2062-06-16,307.1482
2062-06-17,307.03284
2062-06-18,306.9175
2062-06-19,306.80215
2062-06-20,306.6868
2062-06-21,306.57147
2062-06-22,306.45612
2062-06-23,306.34076
2062-06-24,306.22543
2062-06-25,306.11008
2062-06-26,305.99472
2062-06-27,305.8794
2062-06-28,305.76404
2062-06-29,305.64868
2062-06-30,305.53336
2062-07-01,305.418
2062-07-02,305.30264
2062-07-03,305.18732
2062-07-04,305.07196
2062-07-05,304.9566
2062-07-06,304.84128
2062-07-07,304.72592
2062-07-08,304.61057
2062-07-09,304.49524
2062-07-10,304.37988
2062-07-11,304.26453
2062-07-12,304.1492
2062-07-13,304.03384
2062-07-14,303.9185
2062-07-15,303.80316
2062-07-16,303.6878
2062-07-17,303.35095
2062-07-18,303.01413
2062-07-19,302.67728
2062-07-20,302.34045
2062-07-21,302.0036
2062-07-22,301.66678
2062-07-23,301.32993
2062-07-24,300.9931
2062-07-25,300.65625
2062-07-26,300.31943
2062-07-27,299.98257
2062-07-28,299.64575
2062-07-29,299.3089
2062-07-30,298.97208
2062-07-31,298.63522
2062-08-01,298.2984
2062-08-02,297.96155
2062-08-03,297.62473
2062-08-04,297.28787
2062-08-05,296.95105
2062-08-06,296.6142
2062-08-07,296.27737
2062-08-08,295.94052
2062-08-09,295.6037
2062-08-10,295.26685
2062-08-11,294.93002
2062-08-12,294.59317
2062-08-13,294.25635
2062-08-14,293.9195
2062-08-15,293.58267
2062-08-16,293.24582
2062-08-17,292.34225
2062-08-18,291.4387
2062-08-19,290.53513
2062-08-20,289.63153
2062-08-21,288.72797
2062-08-22,287.8244
2062-08-23,286.92084
2062-08-24,286.01727
2062-08-25,285.1137
2062-08-26,284.2101
2062-08-27,283.30655
2062-08-28,282.40298
2062-08-29,281.49942
2062-08-30,280.59586
2062-08-31,279.6923
2062-09-01,278.7887
2062-09-02,277.88513
2062-09-03,276.98157
2062-09-04,276.078
2062-09-05,275.17444
2062-09-06,274.27087
2062-09-07,273.36728
2062-09-08,272.4637
2062-09-09,271.56015
2062-09-10,270.6566
2062-09-11,269.75302
2062-09-12,268.84946
2062-09-13,267.94586
2062-09-14,267.0423
2062-09-15,266.13873
2062-09-16,265.23517
2062-09-17,263.93213
2062-09-18,262.62906
2062-09-19,261.32602
2062-09-20,260.02295
2062-09-21,258.7199
2062-09-22,257.41684
2062-09-23,256.1138
2062-09-24,254.81075
2062-09-25,253.50769
2062-09-26,252.20464
2062-09-27,250.90158
2062-09-28,249.59854
2062-09-29,248.29549
2062-09-30,246.99243
2062-10-01,245.68938
2062-10-02,244.38632
2062-10-03,243.08327
2062-10-04,241.78021
2062-10-05,240.47717
2062-10-06,239.17412
2062-10-07,237.87106
2062-10-08,236.56801
2062-10-09,235.26495
2062-10-10,233.9619
2062-10-11,232.65884
2062-10-12,231.35579
2062-10-13,230.05275
2062-10-14,228.7497
2062-10-15,227.44664
2062-10-16,226.14359
2062-10-17,224.60802
2062-10-18,223.07245
2062-10-19,221.5369
2062-10-20,220.00133
2062-10-21,218.46576
2062-10-22,216.93019
2062-10-23,215.39462
2062-10-24,213.85907
2062-10-25,212.3235
2062-10-26,210.78793
2062-10-27,209.25237
2062-10-28,207.7168
2062-10-29,206.18124
2062-10-30,204.64568
2062-10-31,203.1101
2062-11-01,201.57454
2062-11-02,200.03897
2062-11-03,198.5034
2062-11-04,196.96785
2062-11-05,195.43228
2062-11-06,193.89671
2062-11-07,192.36115
2062-11-08,190.82558
2062-11-09,189.29002
2062-11-10,187.75446
2062-11-11,186.21889
2062-11-12,184.68332
2062-11-13,183.14775
2062-11-14,181.6122
2062-11-15,180.07663
2062-11-16,178.54106
2062-11-17,177.86972
2062-11-18,177.19838
2062-11-19,176.52704
2062-11-20,175.85571
2062-11-21,175.18437
2062-11-22,174.51303
2062-11-23,173.84169
2062-11-24,173.17035
2062-11-25,172.49902
2062-11-26,171.82768
2062-11-27,171.15634
2062-11-28,170.485
2062-11-29,169.81366
2062-11-30,169.14232
2062-12-01,168.47098
2062-12-02,167.79965
2062-12-03,167.12831
2062-12-04,166.45697
2062-12-05,165.78563
2062-12-06,165.11429
2062-12-07,164.44296
2062-12-08,163.77162
2062-12-09,163.10028
2062-12-10,162.42894
2062-12-11,161.7576
2062-12-12,161.08626
2062-12-13,160.41492
2062-12-14,159.74359
2062-12-15,159.07225
2062-12-16,158.40091
2062-12-17,157.73512
2062-12-18,157.06934
2062-12-19,156.40353
2062-12-20,155.73775
2062-12-21,155.07196
2062-12-22,154.40617
2062-12-23,153.74037
2062-12-24,153.07458
2062-12-25,152.4088
2062-12-26,151.74301
2062-12-27,151.07722
2062-12-28,150.41142
2062-12-29,149.74564
2062-12-30,149.07985
2062-12-31,148.41406
2063-01-01,147.74826
2063-01-02,147.08247
2063-01-03,146.41669
2063-01-04,145.7509
2063-01-05,145.0851
2063-01-06,144.41931
2063-01-07,143.75352
2063-01-08,143.08774
2063-01-09,142.42195
2063-01-10,141.75615
2063-01-11,141.09036
2063-01-12,140.42458
2063-01-13,139.75879
2063-01-14,139.09299
2063-01-15,138.4272
2063-01-16,137.76141
2063-01-17,138.36533
2063-01-18,138.96922
2063-01-19,139.57314
2063-01-20,140.17705
2063-01-21,140.78096
2063-01-22,141.38486
2063-01-23,141.98877
2063-01-24,142.59268
2063-01-25,143.1966
2063-01-26,143.80049
2063-01-27,144.4044
2063-01-28,145.00832
2063-01-29,145.61223
2063-01-30,146.21613
2063-01-31,146.82004
2063-02-01,147.42395
2063-02-02,148.02785
2063-02-03,148.63176
2063-02-04,149.23567
2063-02-05,149.83958
2063-02-06,150.44348
2063-02-07,151.0474
2063-02-08,151.6513
2063-02-09,152.25522
2063-02-10,152.85912
2063-02-11,153.46303
2063-02-12,154.06694
2063-02-13,154.67085
2063-02-14,155.27475
2063-02-15,155.87866
2063-02-16,158.9495
2063-02-17,162.02034
2063-02-18,165.09117
2063-02-19,168.16202
2063-02-20,171.23285
2063-02-21,174.30368
2063-02-22,177.37453
2063-02-23,180.44536
2063-02-24,183.5162
2063-02-25,186.58704
2063-02-26,189.65788
2063-02-27,192.72871
2063-02-28,195.79955
2063-03-01,198.87039
2063-03-02,201.94122
2063-03-03,205.01207
2063-03-04,208.0829
2063-03-05,211.15373
2063-03-06,214.22458
2063-03-07,217.29541
2063-03-08,220.36626
2063-03-09,223.43709
2063-03-10,226.50793
2063-03-11,229.57877
2063-03-12,232.6496
2063-03-13,235.72044
2063-03-14,238.79128
2063-03-15,241.86212
2063-03-16,244.93295
2063-03-17,245.58408
2063-03-18,246.23518
2063-03-19,246.8863
2063-03-20,247.53743
2063-03-21,248.18855
2063-03-22,248.83966
2063-03-23,249.49078
2063-03-24,250.1419
2063-03-25,250.79303
2063-03-26,251.44414
2063-03-27,252.09526
2063-03-28,252.74638
2063-03-29,253.3975
2063-03-30,254.04861
2063-03-31,254.69974
2063-04-01,255.35086
2063-04-02,256.00198
2063-04-03,256.6531
2063-04-04,257.30423
2063-04-05,257.95532
2063-04-06,258.60645
2063-04-07,259.25757
2063-04-08,259.9087
2063-04-09,260.5598
2063-04-10,261.21094
2063-04-11,261.86206
2063-04-12,262.51318
2063-04-13,263.16428
2063-04-14,263.8154
2063-04-15,264.46652
2063-04-16,265.11765
2063-04-17,265.55582
2063-04-18,265.99396
2063-04-19,266.43213
2063-04-20,266.8703
2063-04-21,267.30847
2063-04-22,267.7466
2063-04-23,268.18478
2063-04-24,268.62296
2063-04-25,269.06113
2063-04-26,269.49927
2063-04-27,269.93744
2063-04-28,270.3756
2063-04-29,270.81378
2063-04-30,271.25192
2063-05-01,271.6901
2063-05-02,272.12827
2063-05-03,272.5664
2063-05-04,273.00458
2063-05-05,273.44275
2063-05-06,273.88092
2063-05-07,274.31906
2063-05-08,274.75723
2063-05-09,275.1954
2063-05-10,275.63358
2063-05-11,276.07172
2063-05-12,276.5099
2063-05-13,276.94806
2063-05-14,277.38623
2063-05-15,277.82437
2063-05-16,278.26254
2063-05-17,279.2781
2063-05-18,280.29367
2063-05-19,281.30927
2063-05-20,282.32483
2063-05-21,283.3404
2063-05-22,284.35596
2063-05-23,285.37155
2063-05-24,286.38712
2063-05-25,287.40268
2063-05-26,288.41824
2063-05-27,289.4338
2063-05-28,290.4494
2063-05-29,291.46497
2063-05-30,292.48053
2063-05-31,293.4961
2063-06-01,294.5117
2063-06-02,295.52725
2063-06-03,296.54282
2063-06-04,297.55838
2063-06-05,298.57397
2063-06-06,299.58954
2063-06-07,300.6051
2063-06-08,301.62067
2063-06-09,302.63623
2063-06-10,303.65182
2063-06-11,304.6674
2063-06-12,305.68295
2063-06-13,306.69852
2063-06-14,307.7141
2063-06-15,308.72968
2063-06-16,309.74524
2063-06-17,308.75195
2063-06-18,307.75867
2063-06-19,306.76538
2063-06-20,305.7721
2063-06-21,304.7788
2063-06-22,303.78552
2063-06-23,302.79224
2063-06-24,301.79898
2063-06-25,300.8057
2063-06-26,299.8124
2063-06-27,298.81912
2063-06-28,297.82584
2063-06-29,296.83255
2063-06-30,295.83926
2063-07-01,294.84598
2063-07-02,293.8527
2063-07-03,292.8594
2063-07-04,291.86612
2063-07-05,290.87283
2063-07-06,289.87955
2063-07-07,288.88626
2063-07-08,287.89297
2063-07-09,286.89972
2063-07-10,285.90643
2063-07-11,284.91315
2063-07-12,283.91986
2063-07-13,282.92657
2063-07-14,281.9333
2063-07-15,280.94
2063-07-16,279.94672
2063-07-17,279.68118
2063-07-18,279.41568
2063-07-19,279.15015
2063-07-20,278.8846
2063-07-21,278.61908
2063-07-22,278.35358
2063-07-23,278.08804
2063-07-24,277.8225
2063-07-25,277.557
2063-07-26,277.29147
2063-07-27,277.02594
2063-07-28,276.7604
2063-07-29,276.4949
2063-07-30,276.22937
2063-07-31,275.96384
2063-08-01,275.69833
2063-08-02,275.4328
2063-08-03,275.16727
2063-08-04,274.90176
2063-08-05,274.63623
2063-08-06,274.3707
2063-08-07,274.10516
2063-08-08,273.83966
2063-08-09,273.57413
2063-08-10,273.3086
2063-08-11,273.0431
2063-08-12,272.77756
2063-08-13,272.51202
2063-08-14,272.2465
2063-08-15,271.981
2063-08-16,271.71545
2063-08-17,271.3801
2063-08-18,271.04477
2063-08-19,270.7094
2063-08-20,270.37405
2063-08-21,270.03873
2063-08-22,269.70337
2063-08-23,269.368
2063-08-24,269.03268
2063-08-25,268.69733
2063-08-26,268.36197
2063-08-27,268.02664
2063-08-28,267.69128
2063-08-29,267.35593
2063-08-30,267.0206
2063-08-31,266.68524
2063-09-01,266.34988
2063-09-02,266.01453
2063-09-03,265.6792
2063-09-04,265.34384
2063-09-05,265.00848
2063-09-06,264.67316
2063-09-07,264.3378
2063-09-08,264.00244
2063-09-09,263.6671
2063-09-10,263.33176
2063-09-11,262.9964
2063-09-12,262.66107
2063-09-13,262.3257
2063-09-14,261.99036
2063-09-15,261.65503
2063-09-16,261.31967
2063-09-17,260.26468
2063-09-18,259.2097
2063-09-19,258.1547
2063-09-20,257.0997
2063-09-21,256.04474
2063-09-22,254.98973
2063-09-23,253.93475
2063-09-24,252.87976
2063-09-25,251.82477
2063-09-26,250.76978
2063-09-27,249.7148
2063-09-28,248.6598
2063-09-29,247.60481
2063-09-30,246.54982
2063-10-01,245.49484
2063-10-02,244.43985
2063-10-03,243.38486
2063-10-04,242.32986
2063-10-05,241.27487
2063-10-06,240.2199
2063-10-07,239.1649
2063-10-08,238.10991
2063-10-09,237.05492
2063-10-10,235.99994
2063-10-11,234.94495
2063-10-12,233.88995
2063-10-13,232.83496
2063-10-14,231.77998
2063-10-15,230.72499
2063-10-16,229.67
2063-10-17,228.25226
2063-10-18,226.83452
2063-10-19,225.41678
2063-10-20,223.99904
2063-10-21,222.5813
2063-10-22,221.16356
2063-10-23,219.74582
2063-10-24,218.32808
2063-10-25,216.91034
2063-10-26,215.4926
2063-10-27,214.07486
2063-10-28,212.65712
2063-10-29,211.23938
2063-10-30,209.82164
2063-10-31,208.4039
2063-11-01,206.98618
2063-11-02,205.56844
2063-11-03,204.1507
2063-11-04,202.73296
2063-11-05,201.31522
2063-11-06,199.89748
2063-11-07,198.47974
2063-11-08,197.062
2063-11-09,195.64426
2063-11-10,194.22652
2063-11-11,192.80878
2063-11-12,191.39104
2063-11-13,189.9733
2063-11-14,188.55556
2063-11-15,187.13782
2063-11-16,185.72008
2063-11-17,184.35081
2063-11-18,182.98155
2063-11-19,181.61229
2063-11-20,180.24304
2063-11-21,178.87378
2063-11-22,177.50452
2063-11-23,176.13525
2063-11-24,174.76599
2063-11-25,173.39673
2063-11-26,172.02747
2063-11-27,170.6582
2063-11-28,169.28896
2063-11-29,167.9197
2063-11-30,166.55043
2063-12-01,165.18117
2063-12-02,163.8119
2063-12-03,162.44264
2063-12-04,161.07338
2063-12-05,159.70413
2063-12-06,158.33487
2063-12-07,156.9656
2063-12-08,155.59634
2063-12-09,154.22708
2063-12-10,152.85782
2063-12-11,151.48856
2063-12-12,150.1193
2063-12-13,148.75005
2063-12-14,147.38078
2063-12-15,146.01152
2063-12-16,144.64226
2063-12-17,144.64539
2063-12-18,144.6485
2063-12-19,144.65163
2063-12-20,144.65475
2063-12-21,144.65788
2063-12-22,144.661
2063-12-23,144.66412
2063-12-24,144.66725
2063-12-25,144.67036
2063-12-26,144.6735
2063-12-27,144.67662
2063-12-28,144.67975
2063-12-29,144.68286
2063-12-30,144.68599
2063-12-31,144.68912
2064-01-01,144.69223
2064-01-02,144.69536
2064-01-03,144.69849
2064-01-04,144.7016
2064-01-05,144.70473
2064-01-06,144.70786
2064-01-07,144.71098
2064-01-08,144.7141
2064-01-09,144.71722
2064-01-10,144.72035
2064-01-11,144.72346
2064-01-12,144.7266
2064-01-13,144.72972
2064-01-14,144.73285
2064-01-15,144.73596
2064-01-16,144.73909
2064-01-17,145.43253
2064-01-18,146.12598
2064-01-19,146.81943
2064-01-20,147.51286
2064-01-21,148.2063
2064-01-22,148.89975
2064-01-23,149.5932
2064-01-24,150.28664
2064-01-25,150.98007
2064-01-26,151.67352
2064-01-27,152.36697
2064-01-28,153.06041
2064-01-29,153.75385
2064-01-30,154.4473
2064-01-31,155.14075
2064-02-01,155.83418
2064-02-02,156.52762
2064-02-03,157.22107
2064-02-04,157.91452
2064-02-05,158.60796
2064-02-06,159.30139
2064-02-07,159.99484
2064-02-08,160.6883
2064-02-09,161.38173
2064-02-10,162.07516
2064-02-11,162.76862
2064-02-12,163.46207
2064-02-13,164.1555
2064-02-14,164.84894
2064-02-15,165.54239
2064-02-16,167.66621
2064-02-17,169.79004
2064-02-18,171.91385
2064-02-19,174.03767
2064-02-20,176.1615
2064-02-21,178.28532
2064-02-22,180.40915
2064-02-23,182.53297
2064-02-24,184.6568
2064-02-25,186.78061
2064-02-26,188.90443
2064-02-27,191.02826
2064-02-28,193.15208
2064-02-29,195.27591
2064-03-01,197.39972
2064-03-02,199.52354
2064-03-03,201.64737
2064-03-04,203.7712
2064-03-05,205.89502
2064-03-06,208.01884
2064-03-07,210.14267
2064-03-08,212.26648
2064-03-09,214.3903
2064-03-10,216.51413
2064-03-11,218.63795
2064-03-12,220.76178
2064-03-13,222.88559
2064-03-14,225.00941
2064-03-15,227.13324
2064-03-16,229.25706
2064-03-17,230.41841
2064-03-18,231.57976
2064-03-19,232.7411
2064-03-20,233.90245
2064-03-21,235.0638
2064-03-22,236.22516
2064-03-23,237.3865
2064-03-24,238.54785
2064-03-25,239.7092
2064-03-26,240.87054
2064-03-27,242.03189
2064-03-28,243.19324
2064-03-29,244.35458
2064-03-30,245.51593
2064-03-31,246.67728
2064-04-01,247.83864
2064-04-02,248.99998
2064-04-03,250.16133
2064-04-04,251.32268
2064-04-05,252.48402
2064-04-06,253.64537
2064-04-07,254.80672
2064-04-08,255.96806
2064-04-09,257.12943
2064-04-10,258.29077
2064-04-11,259.45212
2064-04-12,260.61346
2064-04-13,261.7748
2064-04-14,262.93616
2064-04-15,264.0975
2064-04-16,265.25885
2064-04-17,266.72006
2064-04-18,268.1813
2064-04-19,269.64252
2064-04-20,271.10373
2064-04-21,272.56497
2064-04-22,274.02618
2064-04-23,275.48743
2064-04-24,276.94864
2064-04-25,278.40985
2064-04-26,279.8711
2064-04-27,281.3323
2064-04-28,282.79352
2064-04-29,284.25476
2064-04-30,285.71597
2064-05-01,287.1772
2064-05-02,288.63843
2064-05-03,290.09964
2064-05-04,291.56088
2064-05-05,293.0221
2064-05-06,294.4833
2064-05-07,295.94455
2064-05-08,297.40576
2064-05-09,298.86697
2064-05-10,300.32822
2064-05-11,301.78943
2064-05-12,303.25067
2064-05-13,304.71188
2064-05-14,306.1731
2064-05-15,307.63434
2064-05-16,309.09555
2064-05-17,307.561
2064-05-18,306.02643
2064-05-19,304.49188
2064-05-20,302.95734
2064-05-21,301.4228
2064-05-22,299.8882
2064-05-23,298.35367
2064-05-24,296.81912
2064-05-25,295.28458
2064-05-26,293.75
2064-05-27,292.21545
2064-05-28,290.6809
2064-05-29,289.14636
2064-05-30,287.6118
2064-05-31,286.07724
2064-06-01,284.5427
2064-06-02,283.00815
2064-06-03,281.47357
2064-06-04,279.93903
2064-06-05,278.40448
2064-06-06,276.86993
2064-06-07,275.33536
2064-06-08,273.8008
2064-06-09,272.26627
2064-06-10,270.73172
2064-06-11,269.19714
2064-06-12,267.6626
2064-06-13,266.12805
2064-06-14,264.5935
2064-06-15,263.05893
2064-06-16,261.52438
2064-06-17,262.03802
2064-06-18,262.55167
2064-06-19,263.0653
2064-06-20,263.57895
2064-06-21,264.0926
2064-06-22,264.6062
2064-06-23,265.11984
2064-06-24,265.63348
2064-06-25,266.14713
2064-06-26,266.66077
2064-06-27,267.1744
2064-06-28,267.68805
2064-06-29,268.2017
2064-06-30,268.71533
2064-07-01,269.22894
2064-07-02,269.74258
2064-07-03,270.25623
2064-07-04,270.76987
2064-07-05,271.2835
2064-07-06,271.79715
2064-07-07,272.3108
2064-07-08,272.82443
2064-07-09,273.33807
2064-07-10,273.8517
2064-07-11,274.36536
2064-07-12,274.87897
2064-07-13,275.3926
2064-07-14,275.90625
2064-07-15,276.4199
2064-07-16,276.93353
2064-07-17,276.474
2064-07-18,276.01443
2064-07-19,275.5549
2064-07-20,275.09534
2064-07-21,274.6358
2064-07-22,274.17627
2064-07-23,273.7167
2064-07-24,273.25717
2064-07-25,272.79764
2064-07-26,272.33807
2064-07-27,271.87854
2064-07-28,271.41898
2064-07-29,270.95944
2064-07-30,270.4999
2064-07-31,270.04034
2064-08-01,269.5808
2064-08-02,269.12125
2064-08-03,268.6617
2064-08-04,268.20218
2064-08-05,267.7426
2064-08-06,267.28308
2064-08-07,266.82352
2064-08-08,266.36398
2064-08-09,265.90445
2064-08-10,265.4449
2064-08-11,264.98535
2064-08-12,264.52582
2064-08-13,264.06625
2064-08-14,263.60672
2064-08-15,263.14716
2064-08-16,262.68762
2064-08-17,262.43384
2064-08-18,262.18002
2064-08-19,261.92624
2064-08-20,261.67242
2064-08-21,261.41864
2064-08-22,261.16483
2064-08-23,260.91104
2064-08-24,260.65723
2064-08-25,260.40344
2064-08-26,260.14963
2064-08-27,259.89584
2064-08-28,259.64203
2064-08-29,259.38824
2064-08-30,259.13443
2064-08-31,258.88065
2064-09-01,258.62683
2064-09-02,258.37305
2064-09-03,258.11923
2064-09-04,257.86545
2064-09-05,257.61163
2064-09-06,257.35785
2064-09-07,257.10403
2064-09-08,256.85025
2064-09-09,256.59644
2064-09-10,256.34265
2064-09-11,256.08884
2064-09-12,255.83505
2064-09-13,255.58125
2064-09-14,255.32745
2064-09-15,255.07365
2064-09-16,254.81985
2064-09-17,253.13934
2064-09-18,251.45883
2064-09-19,249.77832
2064-09-20,248.0978
2064-09-21,246.41728
2064-09-22,244.73677
2064-09-23,243.05626
2064-09-24,241.37575
2064-09-25,239.69522
2064-09-26,238.01471
2064-09-27,236.3342
2064-09-28,234.65369
2064-09-29,232.97318
2064-09-30,231.29266
2064-10-01,229.61215
2064-10-02,227.93163
2064-10-03,226.25111
2064-10-04,224.5706
2064-10-05,222.89009
2064-10-06,221.20958
2064-10-07,219.52905
2064-10-08,217.84854
2064-10-09,216.16803
2064-10-10,214.48752
2064-10-11,212.807
2064-10-12,211.1265
2064-10-13,209.44598
2064-10-14,207.76546
2064-10-15,206.08495
2064-10-16,204.40443
2064-10-17,203.87048
2064-10-18,203.33653
2064-10-19,202.80258
2064-10-20,202.26862
2064-10-21,201.73466
2064-10-22,201.20071
2064-10-23,200.66676
2064-10-24,200.13281
2064-10-25,199.59886
2064-10-26,199.06491
2064-10-27,198.53096
2064-10-28,197.997
2064-10-29,197.46304
2064-10-30,196.9291
2064-10-31,196.39514
2064-11-01,195.86119
2064-11-02,195.32724
2064-11-03,194.79329
2064-11-04,194.25934
2064-11-05,193.72537
2064-11-06,193.19142
2064-11-07,192.65747
2064-11-08,192.12352
2064-11-09,191.58957
2064-11-10,191.05562
2064-11-11,190.52167
2064-11-12,189.98772
2064-11-13,189.45375
2064-11-14,188.9198
2064-11-15,188.38585
2064-11-16,187.8519
2064-11-17,187.18547
2064-11-18,186.51904
2064-11-19,185.8526
2064-11-20,185.18617
2064-11-21,184.51974
2064-11-22,183.85332
2064-11-23,183.18687
2064-11-24,182.52045
2064-11-25,181.85402
2064-11-26,181.18759
2064-11-27,180.52115
2064-11-28,179.85472
2064-11-29,179.1883
2064-11-30,178.52187
2064-12-01,177.85544
2064-12-02,177.189
2064-12-03,176.52257
2064-12-04,175.85614
2064-12-05,175.18971
2064-12-06,174.52327
2064-12-07,173.85684
2064-12-08,173.19041
2064-12-09,172.52399
2064-12-10,171.85754
2064-12-11,171.19112
2064-12-12,170.52469
2064-12-13,169.85826
2064-12-14,169.19182
2064-12-15,168.52539
2064-12-16,167.85896
2064-12-17,168.27745
2064-12-18,168.69592
2064-12-19,169.11441
2064-12-20,169.5329
2064-12-21,169.95139
2064-12-22,170.36986
2064-12-23,170.78835
2064-12-24,171.20683
2064-12-25,171.6253
2064-12-26,172.0438
2064-12-27,172.46228
2064-12-28,172.88077
2064-12-29,173.29924
2064-12-30,173.71773
2064-12-31,174.13622
2065-01-01,174.55469
2065-01-02,174.97318
2065-01-03,175.39166
2065-01-04,175.81013
2065-01-05,176.22862
2065-01-06,176.64711
2065-01-07,177.0656
2065-01-08,177.48407
2065-01-09,177.90256
2065-01-10,178.32104
2065-01-11,178.73952
2065-01-12,179.158
2065-01-13,179.57649
2065-01-14,179.99498
2065-01-15,180.41345
2065-01-16,180.83194
2065-01-17,181.56885
2065-01-18,182.30577
2065-01-19,183.04268
2065-01-20,183.7796
2065-01-21,184.51651
2065-01-22,185.25342
2065-01-23,185.99034
2065-01-24,186.72725
2065-01-25,187.46417
2065-01-26,188.20108
2065-01-27,188.93799
2065-01-28,189.67491
2065-01-29,190.41182
2065-01-30,191.14874
2065-01-31,191.88565
2065-02-01,192.62256
2065-02-02,193.35948
2065-02-03,194.09639
2065-02-04,194.83331
2065-02-05,195.57022
2065-02-06,196.30713
2065-02-07,197.04405
2065-02-08,197.78096
2065-02-09,198.51788
2065-02-10,199.25479
2065-02-11,199.9917
2065-02-12,200.72862
2065-02-13,201.46553
2065-02-14,202.20245
2065-02-15,202.93936
2065-02-16,204.4041
2065-02-17,205.86885
2065-02-18,207.33359
2065-02-19,208.79832
2065-02-20,210.26308
2065-02-21,211.72781
2065-02-22,213.19255
2065-02-23,214.65729
2065-02-24,216.12204
2065-02-25,217.58678
2065-02-26,219.05151
2065-02-27,220.51627
2065-02-28,221.981
2065-03-01,223.44574
2065-03-02,224.91049
2065-03-03,226.37523
2065-03-04,227.83997
2065-03-05,229.30472
2065-03-06,230.76945
2065-03-07,232.23419
2065-03-08,233.69894
2065-03-09,235.16368
2065-03-10,236.62842
2065-03-11,238.09315
2065-03-12,239.5579
2065-03-13,241.02264
2065-03-14,242.48738
2065-03-15,243.95213
2065-03-16,245.41687
2065-03-17,246.67365
2065-03-18,247.93044
2065-03-19,249.18721
2065-03-20,250.444
2065-03-21,251.70078
2065-03-22,252.95755
2065-03-23,254.21434
2065-03-24,255.47112
2065-03-25,256.7279
2065-03-26,257.98468
2065-03-27,259.24146
2065-03-28,260.49823
2065-03-29,261.75504
2065-03-30,263.0118
2065-03-31,264.2686
2065-04-01,265.52536
2065-04-02,266.78214
2065-04-03,268.0389
2065-04-04,269.29572
2065-04-05,270.5525
2065-04-06,271.80927
2065-04-07,273.06604
2065-04-08,274.3228
2065-04-09,275.57962
2065-04-10,276.8364
2065-04-11,278.09317
2065-04-12,279.34995
2065-04-13,280.60672
2065-04-14,281.86353
2065-04-15,283.1203
2065-04-16,284.37708
2065-04-17,285.29373
2065-04-18,286.21036
2065-04-19,287.127
2065-04-20,288.04364
2065-04-21,288.9603
2065-04-22,289.87692
2065-04-23,290.79358
2065-04-24,291.71024
2065-04-25,292.62686
2065-04-26,293.54352
2065-04-27,294.46014
2065-04-28,295.3768
2065-04-29,296.29343
2065-04-30,297.21008
2065-05-01,298.1267
2065-05-02,299.04337
2065-05-03,299.96002
2065-05-04,300.87665
2065-05-05,301.7933
2065-05-06,302.70993
2065-05-07,303.6266
2065-05-08,304.5432
2065-05-09,305.45987
2065-05-10,306.37653
2065-05-11,307.29315
2065-05-12,308.2098
2065-05-13,309.12643
2065-05-14,310.0431
2065-05-15,310.95972
2065-05-16,311.87637
2065-05-17,311.77075
2065-05-18,311.66513
2065-05-19,311.55954
2065-05-20,311.45392
2065-05-21,311.3483
2065-05-22,311.24268
2065-05-23,311.1371
2065-05-24,311.03146
2065-05-25,310.92584
2065-05-26,310.82022
2065-05-27,310.7146
2065-05-28,310.609
2065-05-29,310.5034
2065-05-30,310.39777
2065-05-31,310.29214
2065-06-01,310.18655
2065-06-02,310.08093
2065-06-03,309.9753
2065-06-04,309.8697
2065-06-05,309.7641
2065-06-06,309.65848
2065-06-07,309.55286
2065-06-08,309.44724
2065-06-09,309.3416
2065-06-10,309.23602
2065-06-11,309.1304
2065-06-12,309.02478
2065-06-13,308.91916
2065-06-14,308.81357
2065-06-15,308.70795
2065-06-16,308.60233
2065-06-17,308.42966
2065-06-18,308.257
2065-06-19,308.08435
2065-06-20,307.91168
2065-06-21,307.739
2065-06-22,307.56635
2065-06-23,307.39368
2065-06-24,307.22104
2065-06-25,307.04837
2065-06-26,306.8757
2065-06-27,306.70303
2065-06-28,306.53036
2065-06-29,306.35773
2065-06-30,306.18506
2065-07-01,306.0124
2065-07-02,305.83972
2065-07-03,305.66705
2065-07-04,305.49442
2065-07-05,305.32175
2065-07-06,305.14908
2065-07-07,304.9764
2065-07-08,304.80374
2065-07-09,304.6311
2065-07-10,304.45844
2065-07-11,304.28577
2065-07-12,304.1131
2065-07-13,303.94043
2065-07-14,303.7678
2065-07-15,303.59512
2065-07-16,303.42245
2065-07-17,302.30142
2065-07-18,301.18042
2065-07-19,300.0594
2065-07-20,298.9384
2065-07-21,297.81735
2065-07-22,296.69635
2065-07-23,295.57532
2065-07-24,294.4543
2065-07-25,293.33328
2065-07-26,292.21228
2065-07-27,291.09125
2065-07-28,289.9702
2065-07-29,288.8492
2065-07-30,287.72818
2065-07-31,286.60718
2065-08-01,285.48615
2065-08-02,284.36514
2065-08-03,283.2441
2065-08-04,282.1231
2065-08-05,281.00208
2065-08-06,279.88104
2065-08-07,278.76004
2065-08-08,277.639
2065-08-09,276.518
2065-08-10,275.39697
2065-08-11,274.27597
2065-08-12,273.15494
2065-08-13,272.03394
2065-08-14,270.9129
2065-08-15,269.7919
2065-08-16,268.67087
2065-08-17,268.33273
2065-08-18,267.99463
2065-08-19,267.6565
2065-08-20,267.3184
2065-08-21,266.98026
2065-08-22,266.64215
2065-08-23,266.30402
2065-08-24,265.96588
2065-08-25,265.62778
2065-08-26,265.28964
2065-08-27,264.95154
2065-08-28,264.6134
2065-08-29,264.27527
2065-08-30,263.93716
2065-08-31,263.59903
2065-09-01,263.26093
2065-09-02,262.9228
2065-09-03,262.5847
2065-09-04,262.24655
2065-09-05,261.90842
2065-09-06,261.5703
2065-09-07,261.23218
2065-09-08,260.89407
2065-09-09,260.55594
2065-09-10,260.2178
2065-09-11,259.8797
2065-09-12,259.54156
2065-09-13,259.20346
2065-09-14,258.86533
2065-09-15,258.52722
2065-09-16,258.1891
2065-09-17,256.86542
2065-09-18,255.54176
2065-09-19,254.21811
2065-09-20,252.89445
2065-09-21,251.5708
2065-09-22,250.24713
2065-09-23,248.92348
2065-09-24,247.59982
2065-09-25,246.27617
2065-09-26,244.9525
2065-09-27,243.62885
2065-09-28,242.30519
2065-09-29,240.98154
2065-09-30,239.65787
2065-10-01,238.33421
2065-10-02,237.01056
2065-10-03,235.68689
2065-10-04,234.36324
2065-10-05,233.03958
2065-10-06,231.71593
2065-10-07,230.39226
2065-10-08,229.0686
2065-10-09,227.74495
2065-10-10,226.4213
2065-10-11,225.09763
2065-10-12,223.77397
2065-10-13,222.45032
2065-10-14,221.12666
2065-10-15,219.803
2065-10-16,218.47934
2065-10-17,217.51465
2065-10-18,216.54996
2065-10-19,215.58527
2065-10-20,214.62057
2065-10-21,213.65588
2065-10-22,212.6912
2065-10-23,211.7265
2065-10-24,210.7618
2065-10-25,209.7971
2065-10-26,208.83241
2065-10-27,207.86772
2065-10-28,206.90303
2065-10-29,205.93834
2065-10-30,204.97365
2065-10-31,204.00896
2065-11-01,203.04427
2065-11-02,202.07957
2065-11-03,201.11488
2065-11-04,200.15019
2065-11-05,199.1855
2065-11-06,198.22081
2065-11-07,197.25612
2065-11-08,196.29143
2065-11-09,195.32672
2065-11-10,194.36203
2065-11-11,193.39734
2065-11-12,192.43265
2065-11-13,191.46796
2065-11-14,190.50327
2065-11-15,189.53857
2065-11-16,188.57388
2065-11-17,188.01941
2065-11-18,187.46495
2065-11-19,186.91048
2065-11-20,186.356
2065-11-21,185.80154
2065-11-22,185.24707
2065-11-23,184.6926
2065-11-24,184.13812
2065-11-25,183.58366
2065-11-26,183.02919
2065-11-27,182.47472
2065-11-28,181.92026
2065-11-29,181.36578
2065-11-30,180.81131
2065-12-01,180.25684
2065-12-02,179.70238
2065-12-03,179.1479
2065-12-04,178.59343
2065-12-05,178.03897
2065-12-06,177.4845
2065-12-07,176.93002
2065-12-08,176.37556
2065-12-09,175.82109
2065-12-10,175.26662
2065-12-11,174.71216
2065-12-12,174.15768
2065-12-13,173.60321
2065-12-14,173.04874
2065-12-15,172.49428
2065-12-16,171.9398
2065-12-17,172.01688
2065-12-18,172.09395
2065-12-19,172.17104
2065-12-20,172.24811
2065-12-21,172.32518
2065-12-22,172.40225
2065-12-23,172.47932
2065-12-24,172.55641
2065-12-25,172.63348
2065-12-26,172.71056
2065-12-27,172.78763
2065-12-28,172.8647
2065-12-29,172.94179
2065-12-30,173.01886
2065-12-31,173.09593
2066-01-01,173.173
2066-01-02,173.25008
2066-01-03,173.32715
2066-01-04,173.40424
2066-01-05,173.48131
2066-01-06,173.55838
2066-01-07,173.63545
2066-01-08,173.71252
2066-01-09,173.78961
2066-01-10,173.86668
2066-01-11,173.94376
2066-01-12,174.02083
2066-01-13,174.0979
2066-01-14,174.17499
2066-01-15,174.25206
2066-01-16,174.32913
2066-01-17,175.16481
2066-01-18,176.00049
2066-01-19,176.83615
2066-01-20,177.67183
2066-01-21,178.5075
2066-01-22,179.34319
2066-01-23,180.17886
2066-01-24,181.01453
2066-01-25,181.8502
2066-01-26,182.68588
2066-01-27,183.52156
2066-01-28,184.35724
2066-01-29,185.1929
2066-01-30,186.02858
2066-01-31,186.86426
2066-02-01,187.69994
2066-02-02,188.53561
2066-02-03,189.37128
2066-02-04,190.20695
2066-02-05,191.04263
2066-02-06,191.87831
2066-02-07,192.71399
2066-02-08,193.54965
2066-02-09,194.38533
2066-02-10,195.22101
2066-02-11,196.05669
2066-02-12,196.89236
2066-02-13,197.72803
2066-02-14,198.5637
2066-02-15,199.39938
2066-02-16,201.27702
2066-02-17,203.15468
2066-02-18,205.03232
2066-02-19,206.90996
2066-02-20,208.7876
2066-02-21,210.66525
2066-02-22,212.5429
2066-02-23,214.42053
2066-02-24,216.29817
2066-02-25,218.17583
2066-02-26,220.05347
2066-02-27,221.9311
2066-02-28,223.80876
2066-03-01,225.6864
2066-03-02,227.56404
2066-03-03,229.44168
2066-03-04,231.31934
2066-03-05,233.19698
2066-03-06,235.07462
2066-03-07,236.95227
2066-03-08,238.82991
2066-03-09,240.70755
2066-03-10,242.58519
2066-03-11,244.46284
2066-03-12,246.34048
2066-03-13,248.21812
2066-03-14,250.09576
2066-03-15,251.97342
2066-03-16,253.85106
2066-03-17,255.1376
2066-03-18,256.42416
2066-03-19,257.7107
2066-03-20,258.99725
2066-03-21,260.2838
2066-03-22,261.57034
2066-03-23,262.8569
2066-03-24,264.14346
2066-03-25,265.43
2066-03-26,266.71655
2066-03-27,268.0031
2066-03-28,269.28964
2066-03-29,270.5762
2066-03-30,271.86276
2066-03-31,273.1493
2066-04-01,274.43585
2066-04-02,275.7224
2066-04-03,277.00894
2066-04-04,278.2955
2066-04-05,279.58206
2066-04-06,280.8686
2066-04-07,282.15515
2066-04-08,283.4417
2066-04-09,284.72824
2066-04-10,286.0148
2066-04-11,287.30136
2066-04-12,288.5879
2066-04-13,289.87445
2066-04-14,291.161
2066-04-15,292.44754
2066-04-16,293.7341
2066-04-17,294.26926
2066-04-18,294.8044
2066-04-19,295.33957
2066-04-20,295.87473
2066-04-21,296.40988
2066-04-22,296.94504
2066-04-23,297.4802
2066-04-24,298.01535
2066-04-25,298.5505
2066-04-26,299.08566
2066-04-27,299.62082
2066-04-28,300.15598
2066-04-29,300.69113
2066-04-30,301.2263
2066-05-01,301.7614
2066-05-02,302.29657
2066-05-03,302.83173
2066-05-04,303.36688
2066-05-05,303.90204
2066-05-06,304.4372
2066-05-07,304.97235
2066-05-08,305.5075
2066-05-09,306.04266
2066-05-10,306.57782
2066-05-11,307.11298
2066-05-12,307.64813
2066-05-13,308.1833
2066-05-14,308.71844
2066-05-15,309.2536
2066-05-16,309.78876
2066-05-17,310.021
2066-05-18,310.2532
2066-05-19,310.48544
2066-05-20,310.71765
2066-05-21,310.9499
2066-05-22,311.1821
2066-05-23,311.41434
2066-05-24,311.64655
2066-05-25,311.87878
2066-05-26,312.111
2066-05-27,312.34323
2066-05-28,312.57544
2066-05-29,312.80768
2066-05-30,313.0399
2066-05-31,313.27213
2066-06-01,313.50433
2066-06-02,313.73657
2066-06-03,313.96878
2066-06-04,314.20102
2066-06-05,314.43323
2066-06-06,314.66547
2066-06-07,314.89767
2066-06-08,315.1299
2066-06-09,315.36212
2066-06-10,315.59436
2066-06-11,315.82657
2066-06-12,316.0588
2066-06-13,316.29102
2066-06-14,316.52325
2066-06-15,316.75546
2066-06-16,316.9877
2066-06-17,316.34088
2066-06-18,315.6941
2066-06-19,315.0473
2066-06-20,314.40048
2066-06-21,313.75366
2066-06-22,313.10687
2066-06-23,312.46008
2066-06-24,311.81326
2066-06-25,311.16644
2066-06-26,310.51965
2066-06-27,309.87286
2066-06-28,309.22604
2066-06-29,308.57922
2066-06-30,307.93243
2066-07-01,307.28564
2066-07-02,306.63882
2066-07-03,305.992
2066-07-04,305.3452
2066-07-05,304.69843
2066-07-06,304.0516
2066-07-07,303.4048
2066-07-08,302.758
2066-07-09,302.1112
2066-07-10,301.4644
2066-07-11,300.81757
2066-07-12,300.17078
2066-07-13,299.524
2066-07-14,298.87717
2066-07-15,298.23035
2066-07-16,297.58356
2066-07-17,297.00394
2066-07-18,296.4243
2066-07-19,295.84467
2066-07-20,295.265
2066-07-21,294.6854
2066-07-22,294.10577
2066-07-23,293.52612
2066-07-24,292.9465
2066-07-25,292.36688
2066-07-26,291.78723
2066-07-27,291.2076
2066-07-28,290.62796
2066-07-29,290.04834
2066-07-30,289.46872
2066-07-31,288.88907
2066-08-01,288.30945
2066-08-02,287.7298
2066-08-03,287.15018
2066-08-04,286.57056
2066-08-05,285.9909
2066-08-06,285.4113
2066-08-07,284.83163
2066-08-08,284.252
2066-08-09,283.6724
2066-08-10,283.09274
2066-08-11,282.51312
2066-08-12,281.9335
2066-08-13,281.35385
2066-08-14,280.77423
2066-08-15,280.19458
2066-08-16,279.61496
2066-08-17,278.79102
2066-08-18,277.96707
2066-08-19,277.14313
2066-08-20,276.31918
2066-08-21,275.49524
2066-08-22,274.6713
2066-08-23,273.84735
2066-08-24,273.02344
2066-08-25,272.1995
2066-08-26,271.37555
2066-08-27,270.5516
2066-08-28,269.72766
2066-08-29,268.90372
2066-08-30,268.07977
2066-08-31,267.25583
2066-09-01,266.4319
2066-09-02,265.60794
2066-09-03,264.784
2066-09-04,263.96005
2066-09-05,263.1361
2066-09-06,262.31216
2066-09-07,261.48822
2066-09-08,260.66428
2066-09-09,259.84036
2066-09-10,259.01642
2066-09-11,258.19247
2066-09-12,257.36853
2066-09-13,256.5446
2066-09-14,255.72064
2066-09-15,254.8967
2066-09-16,254.07275
2066-09-17,252.9198
2066-09-18,251.76683
2066-09-19,250.61388
2066-09-20,249.4609
2066-09-21,248.30795
2066-09-22,247.15498
2066-09-23,246.00203
2066-09-24,244.84908
2066-09-25,243.6961
2066-09-26,242.54315
2066-09-27,241.39018
2066-09-28,240.23723
2066-09-29,239.08426
2066-09-30,237.9313
2066-10-01,236.77835
2066-10-02,235.62538
2066-10-03,234.47243
2066-10-04,233.31946
2066-10-05,232.1665
2066-10-06,231.01353
2066-10-07,229.86058
2066-10-08,228.70761
2066-10-09,227.55466
2066-10-10,226.4017
2066-10-11,225.24873
2066-10-12,224.09578
2066-10-13,222.94281
2066-10-14,221.78986
2066-10-15,220.63689
2066-10-16,219.48393
2066-10-17,218.63799
2066-10-18,217.79205
2066-10-19,216.9461
2066-10-20,216.10017
2066-10-21,215.25423
2066-10-22,214.4083
2066-10-23,213.56235
2066-10-24,212.71642
2066-10-25,211.87047
2066-10-26,211.02454
2066-10-27,210.17859
2066-10-28,209.33266
2066-10-29,208.48671
2066-10-30,207.64078
2066-10-31,206.79483
2066-11-01,205.9489
2066-11-02,205.10295
2066-11-03,204.25702
2066-11-04,203.41107
2066-11-05,202.56514
2066-11-06,201.7192
2066-11-07,200.87326
2066-11-08,200.02731
2066-11-09,199.18138
2066-11-10,198.33543
2066-11-11,197.4895
2066-11-12,196.64355
2066-11-13,195.79762
2066-11-14,194.95168
2066-11-15,194.10574
2066-11-16,193.2598
2066-11-17,192.61794
2066-11-18,191.97606
2066-11-19,191.3342
2066-11-20,190.69234
2066-11-21,190.05048
2066-11-22,189.4086
2066-11-23,188.76674
2066-11-24,188.12488
2066-11-25,187.483
2066-11-26,186.84114
2066-11-27,186.19928
2066-11-28,185.5574
2066-11-29,184.91554
2066-11-30,184.27368
2066-12-01,183.6318
2066-12-02,182.98994
2066-12-03,182.34808
2066-12-04,181.70622
2066-12-05,181.06435
2066-12-06,180.42249
2066-12-07,179.78062
2066-12-08,179.13875
2066-12-09,178.49689
2066-12-10,177.85503
2066-12-11,177.21317
2066-12-12,176.57129
2066-12-13,175.92943
2066-12-14,175.28757
2066-12-15,174.64569
2066-12-16,174.00383
2066-12-17,173.4555
2066-12-18,172.90718
2066-12-19,172.35886
2066-12-20,171.81055
2066-12-21,171.26222
2066-12-22,170.7139
2066-12-23,170.16557
2066-12-24,169.61725
2066-12-25,169.06892
2066-12-26,168.52061
2066-12-27,167.97229
2066-12-28,167.42397
2066-12-29,166.87564
2066-12-30,166.32732
2066-12-31,165.77899
2067-01-01,165.23068
2067-01-02,164.68236
2067-01-03,164.13403
2067-01-04,163.58571
2067-01-05,163.03738
2067-01-06,162.48906
2067-01-07,161.94075
2067-01-08,161.39243
2067-01-09,160.8441
2067-01-10,160.29578
2067-01-11,159.74745
2067-01-12,159.19913
2067-01-13,158.65082
2067-01-14,158.1025
2067-01-15,157.55417
2067-01-16,157.00584
2067-01-17,158.62636
2067-01-18,160.24689
2067-01-19,161.8674
2067-01-20,163.48793
2067-01-21,165.10844
2067-01-22,166.72897
2067-01-23,168.34949
2067-01-24,169.97
2067-01-25,171.59053
2067-01-26,173.21104
2067-01-27,174.83157
2067-01-28,176.45209
2067-01-29,178.07262
2067-01-30,179.69313
2067-01-31,181.31366
2067-02-01,182.93417
2067-02-02,184.55469
2067-02-03,186.17522
2067-02-04,187.79573
2067-02-05,189.41626
2067-02-06,191.03677
2067-02-07,192.6573
2067-02-08,194.27782
2067-02-09,195.89833
2067-02-10,197.51886
2067-02-11,199.13937
2067-02-12,200.7599
2067-02-13,202.38042
2067-02-14,204.00095
2067-02-15,205.62146
2067-02-16,207.49586
2067-02-17,209.37025
2067-02-18,211.24466
2067-02-19,213.11905
2067-02-20,214.99345
2067-02-21,216.86784
2067-02-22,218.74225
2067-02-23,220.61664
2067-02-24,222.49104
2067-02-25,224.36545
2067-02-26,226.23984
2067-02-27,228.11424
2067-02-28,229.98863
2067-03-01,231.86304
2067-03-02,233.73743
2067-03-03,235.61183
2067-03-04,237.48622
2067-03-05,239.36063
2067-03-06,241.23502
2067-03-07,243.10942
2067-03-08,244.98383
2067-03-09,246.85822
2067-03-10,248.73262
2067-03-11,250.60701
2067-03-12,252.48141
2067-03-13,254.3558
2067-03-14,256.2302
2067-03-15,258.1046
2067-03-16,259.979
2067-03-17,260.1683
2067-03-18,260.35757
2067-03-19,260.54688
2067-03-20,260.73615
2067-03-21,260.92545
2067-03-22,261.11472
2067-03-23,261.30402
2067-03-24,261.4933
2067-03-25,261.6826
2067-03-26,261.87186
2067-03-27,262.06116
2067-03-28,262.25046
2067-03-29,262.43973
2067-03-30,262.62903
2067-03-31,262.8183
2067-04-01,263.0076
2067-04-02,263.19687
2067-04-03,263.38617
2067-04-04,263.57544
2067-04-05,263.76474
2067-04-06,263.95404
2067-04-07,264.1433
2067-04-08,264.3326
2067-04-09,264.52188
2067-04-10,264.71118
2067-04-11,264.90045
2067-04-12,265.08975
2067-04-13,265.27902
2067-04-14,265.46832
2067-04-15,265.6576
2067-04-16,265.8469
2067-04-17,266.99554
2067-04-18,268.1442
2067-04-19,269.29285
2067-04-20,270.4415
2067-04-21,271.59015
2067-04-22,272.7388
2067-04-23,273.88745
2067-04-24,275.0361
2067-04-25,276.18475
2067-04-26,277.3334
2067-04-27,278.48206
2067-04-28,279.6307
2067-04-29,280.77936
2067-04-30,281.928
2067-05-01,283.07666
2067-05-02,284.22528
2067-05-03,285.37393
2067-05-04,286.52258
2067-05-05,287.67123
2067-05-06,288.8199
2067-05-07,289.96854
2067-05-08,291.1172
2067-05-09,292.26584
2067-05-10,293.4145
2067-05-11,294.56314
2067-05-12,295.7118
2067-05-13,296.86044
2067-05-14,298.0091
2067-05-15,299.15775
2067-05-16,300.3064
2067-05-17,300.67398
2067-05-18,301.04153
2067-05-19,301.40912
2067-05-20,301.7767
2067-05-21,302.1443
2067-05-22,302.51184
2067-05-23,302.87943
2067-05-24,303.247
2067-05-25,303.6146
2067-05-26,303.98215
2067-05-27,304.34973
2067-05-28,304.71732
2067-05-29,305.0849
2067-05-30,305.45245
2067-05-31,305.82004
2067-06-01,306.18762
2067-06-02,306.5552
2067-06-03,306.92276
2067-06-04,307.29034
2067-06-05,307.65793
2067-06-06,308.0255
2067-06-07,308.39307
2067-06-08,308.76065
2067-06-09,309.12823
2067-06-10,309.49582
2067-06-11,309.86337
2067-06-12,310.23096
2067-06-13,310.59854
2067-06-14,310.96613
2067-06-15,311.33368
2067-06-16,311.70126
2067-06-17,311.21774
2067-06-18,310.73425
2067-06-19,310.25073
2067-06-20,309.76724
2067-06-21,309.28372
2067-06-22,308.80023
2067-06-23,308.3167
2067-06-24,307.8332
2067-06-25,307.3497
2067-06-26,306.86618
2067-06-27,306.3827
2067-06-28,305.89917
2067-06-29,305.41568
2067-06-30,304.93216
2067-07-01,304.44867
2067-07-02,303.96515
2067-07-03,303.48163
2067-07-04,302.99814
2067-07-05,302.51462
2067-07-06,302.03113
2067-07-07,301.5476
2067-07-08,301.06412
2067-07-09,300.5806
2067-07-10,300.09708
2067-07-11,299.6136
2067-07-12,299.13007
2067-07-13,298.64658
2067-07-14,298.16306
2067-07-15,297.67957
2067-07-16,297.19604
2067-07-17,296.91418
2067-07-18,296.6323
2067-07-19,296.35043
2067-07-20,296.06854
2067-07-21,295.78668
2067-07-22,295.5048
2067-07-23,295.22293
2067-07-24,294.94104
2067-07-25,294.65918
2067-07-26,294.3773
2067-07-27,294.09543
2067-07-28,293.81354
2067-07-29,293.53168
2067-07-30,293.2498
2067-07-31,292.96793
2067-08-01,292.68604
2067-08-02,292.40417
2067-08-03,292.12228
2067-08-04,291.84042
2067-08-05,291.55853
2067-08-06,291.27667
2067-08-07,290.99478
2067-08-08,290.71292
2067-08-09,290.43103
2067-08-10,290.14917
2067-08-11,289.86728
2067-08-12,289.58542
2067-08-13,289.30353
2067-08-14,289.02167
2067-08-15,288.73978
2067-08-16,288.45792
2067-08-17,286.8677
2067-08-18,285.2775
2067-08-19,283.68726
2067-08-20,282.09705
2067-08-21,280.50684
2067-08-22,278.91663
2067-08-23,277.3264
2067-08-24,275.73618
2067-08-25,274.14597
2067-08-26,272.55576
2067-08-27,270.96555
2067-08-28,269.3753
2067-08-29,267.7851
2067-08-30,266.1949
2067-08-31,264.60468
2067-09-01,263.01443
2067-09-02,261.42422
2067-09-03,259.834
2067-09-04,258.2438
2067-09-05,256.65356
2067-09-06,255.06337
2067-09-07,253.47314
2067-09-08,251.88293
2067-09-09,250.29271
2067-09-10,248.7025
2067-09-11,247.11227
2067-09-12,245.52206
2067-09-13,243.93184
2067-09-14,242.34163
2067-09-15,240.7514
2067-09-16,239.1612
2067-09-17,238.16296
2067-09-18,237.16475
2067-09-19,236.16652
2067-09-20,235.1683
2067-09-21,234.17007
2067-09-22,233.17184
2067-09-23,232.17363
2067-09-24,231.1754
2067-09-25,230.17719
2067-09-26,229.17896
2067-09-27,228.18073
2067-09-28,227.18251
2067-09-29,226.18428
2067-09-30,225.18607
2067-10-01,224.18784
2067-10-02,223.1896
2067-10-03,222.19139
2067-10-04,221.19316
2067-10-05,220.19495
2067-10-06,219.19672
2067-10-07,218.19849
2067-10-08,217.20027
2067-10-09,216.20204
2067-10-10,215.20383
2067-10-11,214.2056
2067-10-12,213.20737
2067-10-13,212.20915
2067-10-14,211.21092
2067-10-15,210.2127
2067-10-16,209.21448
2067-10-17,208.52249
2067-10-18,207.8305
2067-10-19,207.13852
2067-10-20,206.44655
2067-10-21,205.75456
2067-10-22,205.06258
2067-10-23,204.37059
2067-10-24,203.6786
2067-10-25,202.98662
2067-10-26,202.29465
2067-10-27,201.60266
2067-10-28,200.91068
2067-10-29,200.21869
2067-10-30,199.5267
2067-10-31,198.83472
2067-11-01,198.14275
2067-11-02,197.45076
2067-11-03,196.75877
2067-11-04,196.06679
2067-11-05,195.3748
2067-11-06,194.68282
2067-11-07,193.99084
2067-11-08,193.29886
2067-11-09,192.60687
2067-11-10,191.91489
2067-11-11,191.2229
2067-11-12,190.53091
2067-11-13,189.83894
2067-11-14,189.14696
2067-11-15,188.45497
2067-11-16,187.76299
2067-11-17,187.11542
2067-11-18,186.46786
2067-11-19,185.8203
2067-11-20,185.17273
2067-11-21,184.52518
2067-11-22,183.87761
2067-11-23,183.23006
2067-11-24,182.58249
2067-11-25,181.93492
2067-11-26,181.28737
2067-11-27,180.6398
2067-11-28,179.99223
2067-11-29,179.34468
2067-11-30,178.69711
2067-12-01,178.04956
2067-12-02,177.402
2067-12-03,176.75443
2067-12-04,176.10687
2067-12-05,175.4593
2067-12-06,174.81174
2067-12-07,174.16418
2067-12-08,173.51662
2067-12-09,172.86905
2067-12-10,172.2215
2067-12-11,171.57393
2067-12-12,170.92638
2067-12-13,170.27881
2067-12-14,169.63124
2067-12-15,168.98369
2067-12-16,168.33612
2067-12-17,168.75693
2067-12-18,169.17775
2067-12-19,169.59856
2067-12-20,170.01938
2067-12-21,170.44019
2067-12-22,170.86101
2067-12-23,171.28181
2067-12-24,171.70264
2067-12-25,172.12344
2067-12-26,172.54427
2067-12-27,172.96507
2067-12-28,173.3859
2067-12-29,173.8067
2067-12-30,174.22752
2067-12-31,174.64833
2068-01-01,175.06915
2068-01-02,175.48996
2068-01-03,175.91078
2068-01-04,176.33159
2068-01-05,176.75241
2068-01-06,177.17322
2068-01-07,177.59404
2068-01-08,178.01485
2068-01-09,178.43567
2068-01-10,178.85648
2068-01-11,179.2773
2068-01-12,179.6981
2068-01-13,180.11893
2068-01-14,180.53973
2068-01-15,180.96056
2068-01-16,181.38136
2068-01-17,181.94531
2068-01-18,182.50925
2068-01-19,183.0732
2068-01-20,183.63715
2068-01-21,184.20108
2068-01-22,184.76503
2068-01-23,185.32896
2068-01-24,185.89291
2068-01-25,186.45686
2068-01-26,187.0208
2068-01-27,187.58475
2068-01-28,188.1487
2068-01-29,188.71263
2068-01-30,189.27658
2068-01-31,189.84052
2068-02-01,190.40446
2068-02-02,190.96841
2068-02-03,191.53235
2068-02-04,192.0963
2068-02-05,192.66025
2068-02-06,193.22418
2068-02-07,193.78813
2068-02-08,194.35208
2068-02-09,194.91602
2068-02-10,195.47997
2068-02-11,196.0439
2068-02-12,196.60785
2068-02-13,197.1718
2068-02-14,197.73573
2068-02-15,198.29968
2068-02-16,199.37721
2068-02-17,200.45474
2068-02-18,201.53227
2068-02-19,202.6098
2068-02-20,203.68733
2068-02-21,204.76486
2068-02-22,205.84239
2068-02-23,206.91992
2068-02-24,207.99745
2068-02-25,209.07498
2068-02-26,210.15251
2068-02-27,211.23004
2068-02-28,212.30757
2068-02-29,213.3851
2068-03-01,214.46262
2068-03-02,215.54015
2068-03-03,216.61768
2068-03-04,217.6952
2068-03-05,218.77274
2068-03-06,219.85027
2068-03-07,220.9278
2068-03-08,222.00533
2068-03-09,223.08286
2068-03-10,224.16039
2068-03-11,225.23792
2068-03-12,226.31544
2068-03-13,227.39297
2068-03-14,228.4705
2068-03-15,229.54803
2068-03-16,230.62556
2068-03-17,232.40877
2068-03-18,234.19197
2068-03-19,235.97517
2068-03-20,237.75838
2068-03-21,239.54158
2068-03-22,241.3248
2068-03-23,243.108
2068-03-24,244.8912
2068-03-25,246.67441
2068-03-26,248.45761
2068-03-27,250.24081
2068-03-28,252.02402
2068-03-29,253.80722
2068-03-30,255.59042
2068-03-31,257.37363
2068-04-01,259.15683
2068-04-02,260.94003
2068-04-03,262.72324
2068-04-04,264.50644
2068-04-05,266.28964
2068-04-06,268.07288
2068-04-07,269.85608
2068-04-08,271.63928
2068-04-09,273.4225
2068-04-10,275.2057
2068-04-11,276.9889
2068-04-12,278.7721
2068-04-13,280.5553
2068-04-14,282.3385
2068-04-15,284.1217
2068-04-16,285.9049
2068-04-17,286.85495
2068-04-18,287.80502
2068-04-19,288.75507
2068-04-20,289.70514
2068-04-21,290.65518
2068-04-22,291.60526
2068-04-23,292.5553
2068-04-24,293.50537
2068-04-25,294.4554
2068-04-26,295.4055
2068-04-27,296.35553
2068-04-28,297.3056
2068-04-29,298.25565
2068-04-30,299.20572
2068-05-01,300.15576
2068-05-02,301.1058
2068-05-03,302.05588
2068-05-04,303.00592
2068-05-05,303.956
2068-05-06,304.90604
2068-05-07,305.8561
2068-05-08,306.80615
2068-05-09,307.75623
2068-05-10,308.70627
2068-05-11,309.65634
2068-05-12,310.60638
2068-05-13,311.55646
2068-05-14,312.5065
2068-05-15,313.45657
2068-05-16,314.40662
2068-05-17,314.5268
2068-05-18,314.64694
2068-05-19,314.76712
2068-05-20,314.88727
2068-05-21,315.00745
2068-05-22,315.1276
2068-05-23,315.24777
2068-05-24,315.36795
2068-05-25,315.4881
2068-05-26,315.60828
2068-05-27,315.72842
2068-05-28,315.8486
2068-05-29,315.96878
2068-05-30,316.08893
2068-05-31,316.2091
2068-06-01,316.32925
2068-06-02,316.44943
2068-06-03,316.56958
2068-06-04,316.68976
2068-06-05,316.80994
2068-06-06,316.93008
2068-06-07,317.05026
2068-06-08,317.1704
2068-06-09,317.2906
2068-06-10,317.41077
2068-06-11,317.5309
2068-06-12,317.6511
2068-06-13,317.77124
2068-06-14,317.89142
2068-06-15,318.01157
2068-06-16,318.13174
2068-06-17,317.80835
2068-06-18,317.48492
2068-06-19,317.16153
2068-06-20,316.8381
2068-06-21,316.5147
2068-06-22,316.1913
2068-06-23,315.8679
2068-06-24,315.5445
2068-06-25,315.22107
2068-06-26,314.89767
2068-06-27,314.57428
2068-06-28,314.25085
2068-06-29,313.92746
2068-06-30,313.60403
2068-07-01,313.28064
2068-07-02,312.95724
2068-07-03,312.63382
2068-07-04,312.31042
2068-07-05,311.987
2068-07-06,311.6636
2068-07-07,311.3402
2068-07-08,311.01678
2068-07-09,310.6934
2068-07-10,310.36996
2068-07-11,310.04657
2068-07-12,309.72318
2068-07-13,309.39975
2068-07-14,309.07635
2068-07-15,308.75293
2068-07-16,308.42953
2068-07-17,307.8789
2068-07-18,307.3283
2068-07-19,306.77768
2068-07-20,306.22708
2068-07-21,305.67645
2068-07-22,305.12585
2068-07-23,304.57523
2068-07-24,304.02463
2068-07-25,303.474
2068-07-26,302.9234
2068-07-27,302.37277
2068-07-28,301.82217
2068-07-29,301.27155
2068-07-30,300.72095
2068-07-31,300.17032
2068-08-01,299.61972
2068-08-02,299.0691
2068-08-03,298.5185
2068-08-04,297.96786
2068-08-05,297.41727
2068-08-06,296.86664
2068-08-07,296.31604
2068-08-08,295.7654
2068-08-09,295.2148
2068-08-10,294.66418
2068-08-11,294.1136
2068-08-12,293.56296
2068-08-13,293.01236
2068-08-14,292.46173
2068-08-15,291.91113
2068-08-16,291.3605
2068-08-17,290.37875
2068-08-18,289.39697
2068-08-19,288.41522
2068-08-20,287.43344
2068-08-21,286.4517
2068-08-22,285.4699
2068-08-23,284.48816
2068-08-24,283.50638
2068-08-25,282.52463
2068-08-26,281.54285
2068-08-27,280.5611
2068-08-28,279.57935
2068-08-29,278.59756
2068-08-30,277.6158
2068-08-31,276.63403
2068-09-01,275.65228
2068-09-02,274.6705
2068-09-03,273.68875
2068-09-04,272.70697
2068-09-05,271.72522
2068-09-06,270.74347
2068-09-07,269.7617
2068-09-08,268.77994
2068-09-09,267.79816
2068-09-10,266.8164
2068-09-11,265.83463
2068-09-12,264.85287
2068-09-13,263.8711
2068-09-14,262.88934
2068-09-15,261.90756
2068-09-16,260.9258
2068-09-17,259.84378
2068-09-18,258.76178
2068-09-19,257.67975
2068-09-20,256.59775
2068-09-21,255.51572
2068-09-22,254.4337
2068-09-23,253.35167
2068-09-24,252.26965
2068-09-25,251.18764
2068-09-26,250.10562
2068-09-27,249.02359
2068-09-28,247.94157
2068-09-29,246.85956
2068-09-30,245.77754
2068-10-01,244.69553
2068-10-02,243.6135
2068-10-03,242.53148
2068-10-04,241.44946
2068-10-05,240.36745
2068-10-06,239.28542
2068-10-07,238.2034
2068-10-08,237.12138
2068-10-09,236.03937
2068-10-10,234.95734
2068-10-11,233.87532
2068-10-12,232.7933
2068-10-13,231.71129
2068-10-14,230.62926
2068-10-15,229.54724
2068-10-16,228.46523
2068-10-17,226.0933
2068-10-18,223.72139
2068-10-19,221.34946
2068-10-20,218.97754
2068-10-21,216.60562
2068-10-22,214.2337
2068-10-23,211.86177
2068-10-24,209.48985
2068-10-25,207.11794
2068-10-26,204.74602
2068-10-27,202.3741
2068-10-28,200.00217
2068-10-29,197.63025
2068-10-30,195.25833
2068-10-31,192.88641
2068-11-01,190.51448
2068-11-02,188.14256
2068-11-03,185.77065
2068-11-04,183.39873
2068-11-05,181.0268
2068-11-06,178.65488
2068-11-07,176.28296
2068-11-08,173.91104
2068-11-09,171.53912
2068-11-10,169.16719
2068-11-11,166.79527
2068-11-12,164.42336
2068-11-13,162.05144
2068-11-14,159.6795
2068-11-15,157.30759
2068-11-16,154.93567
2068-11-17,154.78238
2068-11-18,154.62907
2068-11-19,154.47578
2068-11-20,154.3225
2068-11-21,154.1692
2068-11-22,154.0159
2068-11-23,153.86261
2068-11-24,153.70932
2068-11-25,153.55603
2068-11-26,153.40273
2068-11-27,153.24944
2068-11-28,153.09615
2068-11-29,152.94286
2068-11-30,152.78955
2068-12-01,152.63626
2068-12-02,152.48297
2068-12-03,152.32967
2068-12-04,152.17638
2068-12-05,152.02309
2068-12-06,151.8698
2068-12-07,151.71649
2068-12-08,151.5632
2068-12-09,151.40991
2068-12-10,151.25662
2068-12-11,151.10332
2068-12-12,150.95003
2068-12-13,150.79674
2068-12-14,150.64345
2068-12-15,150.49014
2068-12-16,150.33685
2068-12-17,150.90543
2068-12-18,151.474
2068-12-19,152.04257
2068-12-20,152.61116
2068-12-21,153.17973
2068-12-22,153.7483
2068-12-23,154.31688
2068-12-24,154.88545
2068-12-25,155.45403
2068-12-26,156.0226
2068-12-27,156.59117
2068-12-28,157.15976
2068-12-29,157.72833
2068-12-30,158.2969
2068-12-31,158.86548
2069-01-01,159.43405
2069-01-02,160.00262
2069-01-03,160.5712
2069-01-04,161.13977
2069-01-05,161.70836
2069-01-06,162.27693
2069-01-07,162.8455
2069-01-08,163.41408
2069-01-09,163.98265
2069-01-10,164.55122
2069-01-11,165.1198
2069-01-12,165.68837
2069-01-13,166.25696
2069-01-14,166.82553
2069-01-15,167.3941
2069-01-16,167.96268
2069-01-17,168.29773
2069-01-18,168.63277
2069-01-19,168.96782
2069-01-20,169.30287
2069-01-21,169.63791
2069-01-22,169.97296
2069-01-23,170.30801
2069-01-24,170.64307
2069-01-25,170.9781
2069-01-26,171.31316
2069-01-27,171.64821
2069-01-28,171.98325
2069-01-29,172.3183
2069-01-30,172.65335
2069-01-31,172.9884
2069-02-01,173.32344
2069-02-02,173.6585
2069-02-03,173.99355
2069-02-04,174.32858
2069-02-05,174.66364
2069-02-06,174.99869
2069-02-07,175.33372
2069-02-08,175.66878
2069-02-09,176.00383
2069-02-10,176.33887
2069-02-11,176.67392
2069-02-12,177.00897
2069-02-13,177.34402
2069-02-14,177.67906
2069-02-15,178.01411
2069-02-16,179.47194
2069-02-17,180.92976
2069-02-18,182.38759
2069-02-19,183.84541
2069-02-20,185.30324
2069-02-21,186.76106
2069-02-22,188.21889
2069-02-23,189.67671
2069-02-24,191.13454
2069-02-25,192.59236
2069-02-26,194.05019
2069-02-27,195.50801
2069-02-28,196.96584
2069-03-01,198.42366
2069-03-02,199.88148
2069-03-03,201.33931
2069-03-04,202.79713
2069-03-05,204.25496
2069-03-06,205.71278
2069-03-07,207.17061
2069-03-08,208.62843
2069-03-09,210.08626
2069-03-10,211.54408
2069-03-11,213.0019
2069-03-12,214.45973
2069-03-13,215.91756
2069-03-14,217.37538
2069-03-15,218.8332
2069-03-16,220.29103
2069-03-17,222.73268
2069-03-18,225.17433
2069-03-19,227.61598
2069-03-20,230.05762
2069-03-21,232.49927
2069-03-22,234.94092
2069-03-23,237.38257
2069-03-24,239.82422
2069-03-25,242.26587
2069-03-26,244.7075
2069-03-27,247.14915
2069-03-28,249.5908
2069-03-29,252.03246
2069-03-30,254.4741
2069-03-31,256.91574
2069-04-01,259.3574
2069-04-02,261.79904
2069-04-03,264.2407
2069-04-04,266.68234
2069-04-05,269.124
2069-04-06,271.56564
2069-04-07,274.0073
2069-04-08,276.44894
2069-04-09,278.8906
2069-04-10,281.3322
2069-04-11,283.77386
2069-04-12,286.2155
2069-04-13,288.65717
2069-04-14,291.09882
2069-04-15,293.54047
2069-04-16,295.98212
2069-04-17,296.13373
2069-04-18,296.28537
2069-04-19,296.43698
2069-04-20,296.5886
2069-04-21,296.7402
2069-04-22,296.89185
2069-04-23,297.04346
2069-04-24,297.19507
2069-04-25,297.34668
2069-04-26,297.49832
2069-04-27,297.64993
2069-04-28,297.80154
2069-04-29,297.95316
2069-04-30,298.1048
2069-05-01,298.2564
2069-05-02,298.40802
2069-05-03,298.55966
2069-05-04,298.71127
2069-05-05,298.86288
2069-05-06,299.0145
2069-05-07,299.16614
2069-05-08,299.31775
2069-05-09,299.46936
2069-05-10,299.62097
2069-05-11,299.7726
2069-05-12,299.92422
2069-05-13,300.07584
2069-05-14,300.22745
2069-05-15,300.3791
2069-05-16,300.5307
2069-05-17,300.6863
2069-05-18,300.8419
2069-05-19,300.9975
2069-05-20,301.1531
2069-05-21,301.3087
2069-05-22,301.4643
2069-05-23,301.6199
2069-05-24,301.77548
2069-05-25,301.9311
2069-05-26,302.0867
2069-05-27,302.24228
2069-05-28,302.3979
2069-05-29,302.5535
2069-05-30,302.70908
2069-05-31,302.8647
2069-06-01,303.0203
2069-06-02,303.1759
2069-06-03,303.33148
2069-06-04,303.4871
2069-06-05,303.6427
2069-06-06,303.79828
2069-06-07,303.9539
2069-06-08,304.1095
2069-06-09,304.26508
2069-06-10,304.4207
2069-06-11,304.5763
2069-06-12,304.73187
2069-06-13,304.88748
2069-06-14,305.0431
2069-06-15,305.19867
2069-06-16,305.35428
2069-06-17,305.21973
2069-06-18,305.08517
2069-06-19,304.9506
2069-06-20,304.81604
2069-06-21,304.6815
2069-06-22,304.54694
2069-06-23,304.41238
2069-06-24,304.2778
2069-06-25,304.14325
2069-06-26,304.0087
2069-06-27,303.87415
2069-06-28,303.7396
2069-06-29,303.605
2069-06-30,303.47046
2069-07-01,303.3359
2069-07-02,303.20135
2069-07-03,303.0668
2069-07-04,302.93222
2069-07-05,302.79767
2069-07-06,302.66312
2069-07-07,302.52856
2069-07-08,302.394
2069-07-09,302.25943
2069-07-10,302.12488
2069-07-11,301.99033
2069-07-12,301.85577
2069-07-13,301.72122
2069-07-14,301.58664
2069-07-15,301.4521
2069-07-16,301.31754
2069-07-17,300.37024
2069-07-18,299.42294
2069-07-19,298.47568
2069-07-20,297.52838
2069-07-21,296.5811
2069-07-22,295.6338
2069-07-23,294.6865
2069-07-24,293.73923
2069-07-25,292.79193
2069-07-26,291.84464
2069-07-27,290.89734
2069-07-28,289.95004
2069-07-29,289.00278
2069-07-30,288.05548
2069-07-31,287.1082
2069-08-01,286.1609
2069-08-02,285.2136
2069-08-03,284.2663
2069-08-04,283.31903
2069-08-05,282.37173
2069-08-06,281.42444
2069-08-07,280.47714
2069-08-08,279.52985
2069-08-09,278.58258
2069-08-10,277.63528
2069-08-11,276.688
2069-08-12,275.7407
2069-08-13,274.7934
2069-08-14,273.84613
2069-08-15,272.89883
2069-08-16,271.95154
2069-08-17,271.1119
2069-08-18,270.2723
2069-08-19,269.43268
2069-08-20,268.59308
2069-08-21,267.75345
2069-08-22,266.91382
2069-08-23,266.07422
2069-08-24,265.2346
2069-08-25,264.395
2069-08-26,263.55536
2069-08-27,262.71573
2069-08-28,261.87613
2069-08-29,261.0365
2069-08-30,260.1969
2069-08-31,259.35727
2069-09-01,258.51764
2069-09-02,257.67804
2069-09-03,256.8384
2069-09-04,255.9988
2069-09-05,255.15918
2069-09-06,254.31956
2069-09-07,253.47995
2069-09-08,252.64034
2069-09-09,251.8007
2069-09-10,250.96109
2069-09-11,250.12148
2069-09-12,249.28186
2069-09-13,248.44225
2069-09-14,247.60262
2069-09-15,246.763
2069-09-16,245.92339
2069-09-17,245.24065
2069-09-18,244.5579
2069-09-19,243.87517
2069-09-20,243.19244
2069-09-21,242.5097
2069-09-22,241.82697
2069-09-23,241.14423
2069-09-24,240.46149
2069-09-25,239.77875
2069-09-26,239.09601
2069-09-27,238.41327
2069-09-28,237.73055
2069-09-29,237.0478
2069-09-30,236.36507
2069-10-01,235.68233
2069-10-02,234.99959
2069-10-03,234.31685
2069-10-04,233.63411
2069-10-05,232.95139
2069-10-06,232.26865
2069-10-07,231.5859
2069-10-08,230.90317
2069-10-09,230.22043
2069-10-10,229.53769
2069-10-11,228.85495
2069-10-12,228.17221
2069-10-13,227.48949
2069-10-14,226.80675
2069-10-15,226.12401
2069-10-16,225.44127
2069-10-17,224.09503
2069-10-18,222.74881
2069-10-19,221.40257
2069-10-20,220.05635
2069-10-21,218.71011
2069-10-22,217.36389
2069-10-23,216.01765
2069-10-24,214.67143
2069-10-25,213.3252
2069-10-26,211.97897
2069-10-27,210.63274
2069-10-28,209.28651
2069-10-29,207.94028
2069-10-30,206.59406
2069-10-31,205.24782
2069-11-01,203.9016
2069-11-02,202.55536
2069-11-03,201.20914
2069-11-04,199.8629
2069-11-05,198.51668
2069-11-06,197.17044
2069-11-07,195.82422
2069-11-08,194.47798
2069-11-09,193.13176
2069-11-10,191.78552
2069-11-11,190.4393
2069-11-12,189.09306
2069-11-13,187.74684
2069-11-14,186.4006
2069-11-15,185.05438
2069-11-16,183.70815
2069-11-17,183.0921
2069-11-18,182.47606
2069-11-19,181.86002
2069-11-20,181.24399
2069-11-21,180.62794
2069-11-22,180.0119
2069-11-23,179.39586
2069-11-24,178.77982
2069-11-25,178.16377
2069-11-26,177.54773
2069-11-27,176.93169
2069-11-28,176.31566
2069-11-29,175.69962
2069-11-30,175.08357
2069-12-01,174.46753
2069-12-02,173.85149
2069-12-03,173.23544
2069-12-04,172.6194
2069-12-05,172.00337
2069-12-06,171.38733
2069-12-07,170.77129
2069-12-08,170.15524
2069-12-09,169.5392
2069-12-10,168.92316
2069-12-11,168.30711
2069-12-12,167.69107
2069-12-13,167.07504
2069-12-14,166.459
2069-12-15,165.84296
2069-12-16,165.22691
2069-12-17,165.38776
2069-12-18,165.54861
2069-12-19,165.70946
2069-12-20,165.87032
2069-12-21,166.03116
2069-12-22,166.19202
2069-12-23,166.35286
2069-12-24,166.51372
2069-12-25,166.67456
2069-12-26,166.83542
2069-12-27,166.99626
2069-12-28,167.1571
2069-12-29,167.31796
2069-12-30,167.4788
2069-12-31,167.63966
2070-01-01,167.8005
2070-01-02,167.96136
2070-01-03,168.12221
2070-01-04,168.28307
2070-01-05,168.44391
2070-01-06,168.60475
2070-01-07,168.76561
2070-01-08,168.92645
2070-01-09,169.08731
2070-01-10,169.24815
2070-01-11,169.40901
2070-01-12,169.56985
2070-01-13,169.73071
2070-01-14,169.89156
2070-01-15,170.05241
2070-01-16,170.21326
2070-01-17,171.08707
2070-01-18,171.96088
2070-01-19,172.83469
2070-01-20,173.70848
2070-01-21,174.58229
2070-01-22,175.4561
2070-01-23,176.32991
2070-01-24,177.20372
2070-01-25,178.07751
2070-01-26,178.95132
2070-01-27,179.82513
2070-01-28,180.69894
2070-01-29,181.57275
2070-01-30,182.44656
2070-01-31,183.32037
2070-02-01,184.19417
2070-02-02,185.06798
2070-02-03,185.94179
2070-02-04,186.8156
2070-02-05,187.6894
2070-02-06,188.5632
2070-02-07,189.43701
2070-02-08,190.31082
2070-02-09,191.18463
2070-02-10,192.05844
2070-02-11,192.93225
2070-02-12,193.80606
2070-02-13,194.67986
2070-02-14,195.55367
2070-02-15,196.42747
2070-02-16,197.44907
2070-02-17,198.47064
2070-02-18,199.49223
2070-02-19,200.51382
2070-02-20,201.5354
2070-02-21,202.55699
2070-02-22,203.57858
2070-02-23,204.60017
2070-02-24,205.62175
2070-02-25,206.64334
2070-02-26,207.66493
2070-02-27,208.68651
2070-02-28,209.7081
2070-03-01,210.72969
2070-03-02,211.75127
2070-03-03,212.77286
2070-03-04,213.79445
2070-03-05,214.81602
2070-03-06,215.83762
2070-03-07,216.8592
2070-03-08,217.88078
2070-03-09,218.90237
2070-03-10,219.92397
2070-03-11,220.94556
2070-03-12,221.96713
2070-03-13,222.98872
2070-03-14,224.01031
2070-03-15,225.03189
2070-03-16,226.05348
2070-03-17,227.60739
2070-03-18,229.1613
2070-03-19,230.71521
2070-03-20,232.26913
2070-03-21,233.82304
2070-03-22,235.37695
2070-03-23,236.93086
2070-03-24,238.48477
2070-03-25,240.03868
2070-03-26,241.59259
2070-03-27,243.1465
2070-03-28,244.70042
2070-03-29,246.25433
2070-03-30,247.80824
2070-03-31,249.36215
2070-04-01,250.91606
2070-04-02,252.46997
2070-04-03,254.02388
2070-04-04,255.57779
2070-04-05,257.1317
2070-04-06,258.6856
2070-04-07,260.23953
2070-04-08,261.79343
2070-04-09,263.34735
2070-04-10,264.90128
2070-04-11,266.45517
2070-04-12,268.0091
2070-04-13,269.563
2070-04-14,271.1169
2070-04-15,272.6708
2070-04-16,274.22473
2070-04-17,273.9191
2070-04-18,273.61346
2070-04-19,273.30783
2070-04-20,273.00223
2070-04-21,272.6966
2070-04-22,272.39096
2070-04-23,272.08533
2070-04-24,271.7797
2070-04-25,271.47406
2070-04-26,271.16843
2070-04-27,270.8628
2070-04-28,270.5572
2070-04-29,270.25156
2070-04-30,269.94592
2070-05-01,269.6403
2070-05-02,269.33466
2070-05-03,269.02902
2070-05-04,268.7234
2070-05-05,268.4178
2070-05-06,268.11215
2070-05-07,267.80652
2070-05-08,267.5009
2070-05-09,267.19525
2070-05-10,266.88962
2070-05-11,266.58398
2070-05-12,266.27835
2070-05-13,265.97275
2070-05-14,265.6671
2070-05-15,265.36148
2070-05-16,265.05585
2070-05-17,265.49365
2070-05-18,265.93143
2070-05-19,266.36923
2070-05-20,266.80704
2070-05-21,267.2448
2070-05-22,267.68262
2070-05-23,268.12042
2070-05-24,268.5582
2070-05-25,268.996
2070-05-26,269.43378
2070-05-27,269.87158
2070-05-28,270.3094
2070-05-29,270.74716
2070-05-30,271.18497
2070-05-31,271.62277
2070-06-01,272.06055
2070-06-02,272.49835
2070-06-03,272.93616
2070-06-04,273.37393
2070-06-05,273.81174
2070-06-06,274.24954
2070-06-07,274.68732
2070-06-08,275.12512
2070-06-09,275.5629
2070-06-10,276.0007
2070-06-11,276.4385
2070-06-12,276.87628
2070-06-13,277.3141
2070-06-14,277.7519
2070-06-15,278.18967
2070-06-16,278.62747
2070-06-17,278.62744
2070-06-18,278.6274
2070-06-19,278.62738
2070-06-20,278.62735
2070-06-21,278.62732
2070-06-22,278.6273
2070-06-23,278.62726
2070-06-24,278.62723
2070-06-25,278.6272
2070-06-26,278.62717
2070-06-27,278.62714
2070-06-28,278.6271
2070-06-29,278.62708
2070-06-30,278.62704
2070-07-01,278.627
2070-07-02,278.627
2070-07-03,278.62698
2070-07-04,278.62695
2070-07-05,278.62692
2070-07-06,278.6269
2070-07-07,278.62686
2070-07-08,278.62683
2070-07-09,278.6268
2070-07-10,278.62677
2070-07-11,278.62674
2070-07-12,278.6267
2070-07-13,278.62668
2070-07-14,278.62665
2070-07-15,278.62662
2070-07-16,278.6266
2070-07-17,278.94843
2070-07-18,279.27026
2070-07-19,279.5921
2070-07-20,279.9139
2070-07-21,280.23575
2070-07-22,280.5576
2070-07-23,280.87943
2070-07-24,281.20126
2070-07-25,281.5231
2070-07-26,281.8449
2070-07-27,282.16675
2070-07-28,282.4886
2070-07-29,282.81042
2070-07-30,283.13226
2070-07-31,283.4541
2070-08-01,283.7759
2070-08-02,284.09775
2070-08-03,284.4196
2070-08-04,284.74142
2070-08-05,285.06326
2070-08-06,285.3851
2070-08-07,285.7069
2070-08-08,286.02875
2070-08-09,286.3506
2070-08-10,286.67242
2070-08-11,286.99426
2070-08-12,287.3161
2070-08-13,287.6379
2070-08-14,287.95975
2070-08-15,288.2816
2070-08-16,288.60342
2070-08-17,287.8378
2070-08-18,287.07217
2070-08-19,286.30655
2070-08-20,285.54092
2070-08-21,284.7753
2070-08-22,284.00967
2070-08-23,283.24405
2070-08-24,282.47842
2070-08-25,281.7128
2070-08-26,280.94717
2070-08-27,280.18155
2070-08-28,279.41592
2070-08-29,278.6503
2070-08-30,277.88467
2070-08-31,277.11905
2070-09-01,276.35342
2070-09-02,275.5878
2070-09-03,274.82217
2070-09-04,274.05655
2070-09-05,273.29092
2070-09-06,272.5253
2070-09-07,271.75967
2070-09-08,270.99405
2070-09-09,270.22842
2070-09-10,269.4628
2070-09-11,268.69717
2070-09-12,267.93155
2070-09-13,267.16592
2070-09-14,266.4003
2070-09-15,265.63467
2070-09-16,264.86905
2070-09-17,263.81372
2070-09-18,262.7584
2070-09-19,261.70306
2070-09-20,260.64777
2070-09-21,259.59244
2070-09-22,258.5371
2070-09-23,257.48178
2070-09-24,256.42645
2070-09-25,255.37114
2070-09-26,254.31581
2070-09-27,253.2605
2070-09-28,252.20517
2070-09-29,251.14984
2070-09-30,250.09453
2070-10-01,249.0392
2070-10-02,247.98387
2070-10-03,246.92856
2070-10-04,245.87323
2070-10-05,244.8179
2070-10-06,243.76259
2070-10-07,242.70726
2070-10-08,241.65193
2070-10-09,240.59662
2070-10-10,239.54129
2070-10-11,238.48596
2070-10-12,237.43065
2070-10-13,236.37532
2070-10-14,235.31999
2070-10-15,234.26468
2070-10-16,233.20935
2070-10-17,231.94382
2070-10-18,230.67828
2070-10-19,229.41275
2070-10-20,228.1472
2070-10-21,226.88167
2070-10-22,225.61613
2070-10-23,224.3506
2070-10-24,223.08507
2070-10-25,221.81953
2070-10-26,220.554
2070-10-27,219.28847
2070-10-28,218.02292
2070-10-29,216.75739
2070-10-30,215.49185
2070-10-31,214.22632
2070-11-01,212.96078
2070-11-02,211.69525
2070-11-03,210.42972
2070-11-04,209.16418
2070-11-05,207.89864
2070-11-06,206.6331
2070-11-07,205.36757
2070-11-08,204.10204
2070-11-09,202.8365
2070-11-10,201.57097
2070-11-11,200.30544
2070-11-12,199.0399
2070-11-13,197.77435
2070-11-14,196.50882
2070-11-15,195.24329
2070-11-16,193.97775
2070-11-17,193.1398
2070-11-18,192.30183
2070-11-19,191.46388
2070-11-20,190.62592
2070-11-21,189.78796
2070-11-22,188.95
2070-11-23,188.11205
2070-11-24,187.27408
2070-11-25,186.43613
2070-11-26,185.59816
2070-11-27,184.76021
2070-11-28,183.92224
2070-11-29,183.08429
2070-11-30,182.24632
2070-12-01,181.40837
2070-12-02,180.57042
2070-12-03,179.73245
2070-12-04,178.8945
2070-12-05,178.05653
2070-12-06,177.21858
2070-12-07,176.38062
2070-12-08,175.54266
2070-12-09,174.7047
2070-12-10,173.86674
2070-12-11,173.02878
2070-12-12,172.19083
2070-12-13,171.35286
2070-12-14,170.51491
2070-12-15,169.67694
2070-12-16,168.83899
2070-12-17,168.64157
2070-12-18,168.44417
2070-12-19,168.24675
2070-12-20,168.04933
2070-12-21,167.85191
2070-12-22,167.65451
2070-12-23,167.45709
2070-12-24,167.25967
2070-12-25,167.06227
2070-12-26,166.86485
2070-12-27,166.66743
2070-12-28,166.47002
2070-12-29,166.27261
2070-12-30,166.0752
2070-12-31,165.87778
2071-01-01,165.68037
2071-01-02,165.48296
2071-01-03,165.28554
2071-01-04,165.08813
2071-01-05,164.89072
2071-01-06,164.6933
2071-01-07,164.49588
2071-01-08,164.29848
2071-01-09,164.10106
2071-01-10,163.90364
2071-01-11,163.70624
2071-01-12,163.50882
2071-01-13,163.3114
2071-01-14,163.11398
2071-01-15,162.91658
2071-01-16,162.71916
2071-01-17,164.08958
2071-01-18,165.46
2071-01-19,166.83041
2071-01-20,168.20084
2071-01-21,169.57126
2071-01-22,170.94168
2071-01-23,172.31209
2071-01-24,173.68251
2071-01-25,175.05293
2071-01-26,176.42336
2071-01-27,177.79376
2071-01-28,179.16418
2071-01-29,180.5346
2071-01-30,181.90503
2071-01-31,183.27545
2071-02-01,184.64586
2071-02-02,186.01628
2071-02-03,187.3867
2071-02-04,188.75713
2071-02-05,190.12753
2071-02-06,191.49796
2071-02-07,192.86838
2071-02-08,194.2388
2071-02-09,195.6092
2071-02-10,196.97963
2071-02-11,198.35005
2071-02-12,199.72047
2071-02-13,201.09088
2071-02-14,202.4613
2071-02-15,203.83173
2071-02-16,205.51872
2071-02-17,207.2057
2071-02-18,208.8927
2071-02-19,210.5797
2071-02-20,212.26668
2071-02-21,213.95367
2071-02-22,215.64067
2071-02-23,217.32767
2071-02-24,219.01465
2071-02-25,220.70164
2071-02-26,222.38864
2071-02-27,224.07562
2071-02-28,225.76262
2071-03-01,227.44962
2071-03-02,229.1366
2071-03-03,230.8236
2071-03-04,232.51059
2071-03-05,234.19757
2071-03-06,235.88457
2071-03-07,237.57156
2071-03-08,239.25854
2071-03-09,240.94554
2071-03-10,242.63254
2071-03-11,244.31953
2071-03-12,246.00652
2071-03-13,247.69351
2071-03-14,249.38051
2071-03-15,251.06749
2071-03-16,252.75449
2071-03-17,254.27403
2071-03-18,255.79356
2071-03-19,257.3131
2071-03-20,258.83264
2071-03-21,260.3522
2071-03-22,261.87173
2071-03-23,263.39127
2071-03-24,264.91083
2071-03-25,266.43036
2071-03-26,267.94992
2071-03-27,269.46945
2071-03-28,270.98898
2071-03-29,272.50854
2071-03-30,274.02808
2071-03-31,275.5476
2071-04-01,277.06717
2071-04-02,278.5867
2071-04-03,280.10623
2071-04-04,281.6258
2071-04-05,283.14532
2071-04-06,284.66486
2071-04-07,286.18442
2071-04-08,287.70395
2071-04-09,289.2235
2071-04-10,290.74304
2071-04-11,292.26257
2071-04-12,293.78214
2071-04-13,295.30167
2071-04-14,296.8212
2071-04-15,298.34076
2071-04-16,299.8603
2071-04-17,299.97363
2071-04-18,300.08694
2071-04-19,300.20026
2071-04-20,300.3136
2071-04-21,300.42694
2071-04-22,300.54025
2071-04-23,300.65356
2071-04-24,300.7669
2071-04-25,300.88025
2071-04-26,300.99356
2071-04-27,301.10687
2071-04-28,301.2202
2071-04-29,301.33356
2071-04-30,301.44687
2071-05-01,301.56018
2071-05-02,301.67352
2071-05-03,301.78687
2071-05-04,301.90018
2071-05-05,302.0135
2071-05-06,302.12683
2071-05-07,302.24017
2071-05-08,302.3535
2071-05-09,302.4668
2071-05-10,302.58014
2071-05-11,302.69348
2071-05-12,302.8068
2071-05-13,302.9201
2071-05-14,303.03345
2071-05-15,303.1468
2071-05-16,303.2601
2071-05-17,303.584
2071-05-18,303.90796
2071-05-19,304.23187
2071-05-20,304.55582
2071-05-21,304.87973
2071-05-22,305.20367
2071-05-23,305.5276
2071-05-24,305.85153
2071-05-25,306.17545
2071-05-26,306.4994
2071-05-27,306.8233
2071-05-28,307.14722
2071-05-29,307.47116
2071-05-30,307.79507
2071-05-31,308.11902
2071-06-01,308.44293
2071-06-02,308.76688
2071-06-03,309.0908
2071-06-04,309.41473
2071-06-05,309.73865
2071-06-06,310.06256
2071-06-07,310.3865
2071-06-08,310.71042
2071-06-09,311.03436
2071-06-10,311.35828
2071-06-11,311.68222
2071-06-12,312.00613
2071-06-13,312.33008
2071-06-14,312.654
2071-06-15,312.97794
2071-06-16,313.30185
2071-06-17,312.78326
2071-06-18,312.26468
2071-06-19,311.7461
2071-06-20,311.2275
2071-06-21,310.70892
2071-06-22,310.19034
2071-06-23,309.67175
2071-06-24,309.15317
2071-06-25,308.63458
2071-06-26,308.116
2071-06-27,307.5974
2071-06-28,307.07883
2071-06-29,306.56024
2071-06-30,306.04166
2071-07-01,305.52307
2071-07-02,305.00446
2071-07-03,304.48587
2071-07-04,303.9673
2071-07-05,303.4487
2071-07-06,302.9301
2071-07-07,302.41153
2071-07-08,301.89294
2071-07-09,301.37436
2071-07-10,300.85577
2071-07-11,300.3372
2071-07-12,299.8186
2071-07-13,299.30002
2071-07-14,298.78143
2071-07-15,298.26285
2071-07-16,297.74426
2071-07-17,297.50537
2071-07-18,297.26645
2071-07-19,297.02756
2071-07-20,296.78864
2071-07-21,296.54974
2071-07-22,296.31082
2071-07-23,296.07193
2071-07-24,295.83304
2071-07-25,295.59412
2071-07-26,295.35522
2071-07-27,295.1163
2071-07-28,294.8774
2071-07-29,294.63852
2071-07-30,294.3996
2071-07-31,294.1607
2071-08-01,293.92178
2071-08-02,293.6829
2071-08-03,293.44397
2071-08-04,293.20508
2071-08-05,292.9662
2071-08-06,292.72726
2071-08-07,292.48837
2071-08-08,292.24945
2071-08-09,292.01056
2071-08-10,291.77167
2071-08-11,291.53275
2071-08-12,291.29385
2071-08-13,291.05493
2071-08-14,290.81604
2071-08-15,290.57712
2071-08-16,290.33823
2071-08-17,289.46982
2071-08-18,288.6014
2071-08-19,287.733
2071-08-20,286.8646
2071-08-21,285.9962
2071-08-22,285.1278
2071-08-23,284.2594
2071-08-24,283.391
2071-08-25,282.52258
2071-08-26,281.65417
2071-08-27,280.78577
2071-08-28,279.91736
2071-08-29,279.04895
2071-08-30,278.18054
2071-08-31,277.31213
2071-09-01,276.44376
2071-09-02,275.57535
2071-09-03,274.70694
2071-09-04,273.83853
2071-09-05,272.97012
2071-09-06,272.1017
2071-09-07,271.2333
2071-09-08,270.3649
2071-09-09,269.4965
2071-09-10,268.62808
2071-09-11,267.7597
2071-09-12,266.8913
2071-09-13,266.0229
2071-09-14,265.15448
2071-09-15,264.28607
2071-09-16,263.41766
2071-09-17,261.98175
2071-09-18,260.5458
2071-09-19,259.1099
2071-09-20,257.67395
2071-09-21,256.23804
2071-09-22,254.8021
2071-09-23,253.36617
2071-09-24,251.93024
2071-09-25,250.49431
2071-09-26,249.05838
2071-09-27,247.62245
2071-09-28,246.18652
2071-09-29,244.7506
2071-09-30,243.31467
2071-10-01,241.87875
2071-10-02,240.44283
2071-10-03,239.0069
2071-10-04,237.57097
2071-10-05,236.13504
2071-10-06,234.69911
2071-10-07,233.26318
2071-10-08,231.82726
2071-10-09,230.39133
2071-10-10,228.9554
2071-10-11,227.51947
2071-10-12,226.08354
2071-10-13,224.64761
2071-10-14,223.21169
2071-10-15,221.77576
2071-10-16,220.33983
2071-10-17,219.06436
2071-10-18,217.78888
2071-10-19,216.51341
2071-10-20,215.23795
2071-10-21,213.96248
2071-10-22,212.687
2071-10-23,211.41153
2071-10-24,210.13606
2071-10-25,208.86058
2071-10-26,207.58511
2071-10-27,206.30965
2071-10-28,205.03418
2071-10-29,203.7587
2071-10-30,202.48323
2071-10-31,201.20776
2071-11-01,199.93228
2071-11-02,198.65681
2071-11-03,197.38135
2071-11-04,196.10587
2071-11-05,194.8304
2071-11-06,193.55493
2071-11-07,192.27946
2071-11-08,191.00398
2071-11-09,189.72852
2071-11-10,188.45305
2071-11-11,187.17757
2071-11-12,185.9021
2071-11-13,184.62663
2071-11-14,183.35117
2071-11-15,182.07568
2071-11-16,180.80022
2071-11-17,179.99329
2071-11-18,179.18636
2071-11-19,178.37944
2071-11-20,177.57251
2071-11-21,176.76558
2071-11-22,175.95865
2071-11-23,175.15172
2071-11-24,174.3448
2071-11-25,173.53787
2071-11-26,172.73094
2071-11-27,171.92401
2071-11-28,171.11708
2071-11-29,170.31017
2071-11-30,169.50323
2071-12-01,168.6963
2071-12-02,167.88937
2071-12-03,167.08244
2071-12-04,166.27553
2071-12-05,165.4686
2071-12-06,164.66167
2071-12-07,163.85474
2071-12-08,163.0478
2071-12-09,162.24089
2071-12-10,161.43396
2071-12-11,160.62703
2071-12-12,159.8201
2071-12-13,159.01317
2071-12-14,158.20625
2071-12-15,157.39932
2071-12-16,156.59239
2071-12-17,157.39235
2071-12-18,158.1923
2071-12-19,158.99226
2071-12-20,159.79222
2071-12-21,160.59218
2071-12-22,161.39214
2071-12-23,162.1921
2071-12-24,162.99205
2071-12-25,163.792
2071-12-26,164.59196
2071-12-27,165.39192
2071-12-28,166.19188
2071-12-29,166.99184
2071-12-30,167.7918
2071-12-31,168.59175
2072-01-01,169.39171
2072-01-02,170.19167
2072-01-03,170.99162
2072-01-04,171.79158
2072-01-05,172.59154
2072-01-06,173.3915
2072-01-07,174.19145
2072-01-08,174.99141
2072-01-09,175.79137
2072-01-10,176.59132
2072-01-11,177.39128
2072-01-12,178.19124
2072-01-13,178.9912
2072-01-14,179.79115
2072-01-15,180.59111
2072-01-16,181.39107
2072-01-17,181.55023
2072-01-18,181.7094
2072-01-19,181.86856
2072-01-20,182.02773
2072-01-21,182.18689
2072-01-22,182.34605
2072-01-23,182.50522
2072-01-24,182.66437
2072-01-25,182.82353
2072-01-26,182.9827
2072-01-27,183.14186
2072-01-28,183.30103
2072-01-29,183.46019
2072-01-30,183.61935
2072-01-31,183.77852
2072-02-01,183.93768
2072-02-02,184.09685
2072-02-03,184.25601
2072-02-04,184.41518
2072-02-05,184.57434
2072-02-06,184.7335
2072-02-07,184.89267
2072-02-08,185.05182
2072-02-09,185.21098
2072-02-10,185.37015
2072-02-11,185.52931
2072-02-12,185.68848
2072-02-13,185.84764
2072-02-14,186.0068
2072-02-15,186.16597
2072-02-16,187.41277
2072-02-17,188.65956
2072-02-18,189.90636
2072-02-19,191.15314
2072-02-20,192.39993
2072-02-21,193.64673
2072-02-22,194.89352
2072-02-23,196.14032
2072-02-24,197.38712
2072-02-25,198.63391
2072-02-26,199.8807
2072-02-27,201.12749
2072-02-28,202.37428
2072-02-29,203.62108
2072-03-01,204.86787
2072-03-02,206.11467
2072-03-03,207.36147
2072-03-04,208.60826
2072-03-05,209.85504
2072-03-06,211.10184
2072-03-07,212.34863
2072-03-08,213.59543
2072-03-09,214.84222
2072-03-10,216.08902
2072-03-11,217.33582
2072-03-12,218.58261
2072-03-13,219.82939
2072-03-14,221.07619
2072-03-15,222.32298
2072-03-16,223.56978
2072-03-17,225.0558
2072-03-18,226.54181
2072-03-19,228.02783
2072-03-20,229.51385
2072-03-21,230.99986
2072-03-22,232.48589
2072-03-23,233.97191
2072-03-24,235.45792
2072-03-25,236.94394
2072-03-26,238.42995
2072-03-27,239.91597
2072-03-28,241.402
2072-03-29,242.888
2072-03-30,244.37402
2072-03-31,245.86005
2072-04-01,247.34605
2072-04-02,248.83208
2072-04-03,250.3181
2072-04-04,251.80411
2072-04-05,253.29013
2072-04-06,254.77615
2072-04-07,256.26218
2072-04-08,257.74817
2072-04-09,259.2342
2072-04-10,260.7202
2072-04-11,262.20624
2072-04-12,263.69226
2072-04-13,265.17828
2072-04-14,266.66428
2072-04-15,268.1503
2072-04-16,269.63632
2072-04-17,268.86072
2072-04-18,268.08508
2072-04-19,267.30948
2072-04-20,266.53387
2072-04-21,265.75827
2072-04-22,264.98264
2072-04-23,264.20703
2072-04-24,263.43143
2072-04-25,262.6558
2072-04-26,261.8802
2072-04-27,261.10458
2072-04-28,260.32898
2072-04-29,259.55334
2072-04-30,258.77774
2072-05-01,258.00214
2072-05-02,257.2265
2072-05-03,256.4509
2072-05-04,255.6753
2072-05-05,254.89967
2072-05-06,254.12407
2072-05-07,253.34845
2072-05-08,252.57285
2072-05-09,251.79723
2072-05-10,251.0216
2072-05-11,250.246
2072-05-12,249.47038
2072-05-13,248.69478
2072-05-14,247.91916
2072-05-15,247.14355
2072-05-16,246.36794
2072-05-17,247.74452
2072-05-18,249.1211
2072-05-19,250.49768
2072-05-20,251.87425
2072-05-21,253.25084
2072-05-22,254.62741
2072-05-23,256.004
2072-05-24,257.38058
2072-05-25,258.75717
2072-05-26,260.13373
2072-05-27,261.5103
2072-05-28,262.8869
2072-05-29,264.2635
2072-05-30,265.64008
2072-05-31,267.01663
2072-06-01,268.39322
2072-06-02,269.7698
2072-06-03,271.1464
2072-06-04,272.52298
2072-06-05,273.89954
2072-06-06,275.27612
2072-06-07,276.6527
2072-06-08,278.0293
2072-06-09,279.40585
2072-06-10,280.78244
2072-06-11,282.15903
2072-06-12,283.5356
2072-06-13,284.9122
2072-06-14,286.28876
2072-06-15,287.66534
2072-06-16,289.04193
2072-06-17,289.02875
2072-06-18,289.01556
2072-06-19,289.00238
2072-06-20,288.98923
2072-06-21,288.97604
2072-06-22,288.96286
2072-06-23,288.94968
2072-06-24,288.9365
2072-06-25,288.9233
2072-06-26,288.91013
2072-06-27,288.89694
2072-06-28,288.8838
2072-06-29,288.8706
2072-06-30,288.85742
2072-07-01,288.84424
2072-07-02,288.83105
2072-07-03,288.81787
2072-07-04,288.8047
2072-07-05,288.79153
2072-07-06,288.77835
2072-07-07,288.76517
2072-07-08,288.75198
2072-07-09,288.7388
2072-07-10,288.72562
2072-07-11,288.71243
2072-07-12,288.69925
2072-07-13,288.6861
2072-07-14,288.6729
2072-07-15,288.65973
2072-07-16,288.64655
2072-07-17,287.86362
2072-07-18,287.0807
2072-07-19,286.29776
2072-07-20,285.51486
2072-07-21,284.73193
2072-07-22,283.949
2072-07-23,283.16608
2072-07-24,282.38315
2072-07-25,281.60022
2072-07-26,280.8173
2072-07-27,280.03436
2072-07-28,279.25146
2072-07-29,278.46854
2072-07-30,277.6856
2072-07-31,276.90268
2072-08-01,276.11975
2072-08-02,275.33682
2072-08-03,274.5539
2072-08-04,273.77097
2072-08-05,272.98807
2072-08-06,272.20514
2072-08-07,271.4222
2072-08-08,270.63928
2072-08-09,269.85635
2072-08-10,269.07343
2072-08-11,268.2905
2072-08-12,267.50757
2072-08-13,266.72467
2072-08-14,265.94174
2072-08-15,265.1588
2072-08-16,264.3759
2072-08-17,262.96188
2072-08-18,261.54788
2072-08-19,260.13388
2072-08-20,258.71985
2072-08-21,257.30585
2072-08-22,255.89185
2072-08-23,254.47784
2072-08-24,253.06384
2072-08-25,251.64984
2072-08-26,250.23582
2072-08-27,248.82182
2072-08-28,247.40782
2072-08-29,245.99382
2072-08-30,244.5798
2072-08-31,243.1658
2072-09-01,241.7518
2072-09-02,240.3378
2072-09-03,238.92378
2072-09-04,237.50978
2072-09-05,236.09578
2072-09-06,234.68178
2072-09-07,233.26776
2072-09-08,231.85376
2072-09-09,230.43976
2072-09-10,229.02576
2072-09-11,227.61174
2072-09-12,226.19774
2072-09-13,224.78374
2072-09-14,223.36974
2072-09-15,221.95572
2072-09-16,220.54172
2072-09-17,220.71498
2072-09-18,220.88824
2072-09-19,221.06151
2072-09-20,221.23477
2072-09-21,221.40802
2072-09-22,221.58128
2072-09-23,221.75455
2072-09-24,221.92781
2072-09-25,222.10107
2072-09-26,222.27434
2072-09-27,222.4476
2072-09-28,222.62086
2072-09-29,222.79413
2072-09-30,222.96739
2072-10-01,223.14066
2072-10-02,223.3139
2072-10-03,223.48717
2072-10-04,223.66043
2072-10-05,223.8337
2072-10-06,224.00696
2072-10-07,224.18022
2072-10-08,224.35349
2072-10-09,224.52675
2072-10-10,224.70001
2072-10-11,224.87326
2072-10-12,225.04652
2072-10-13,225.21979
2072-10-14,225.39305
2072-10-15,225.56631
2072-10-16,225.73958
2072-10-17,224.31702
2072-10-18,222.89445
2072-10-19,221.4719
2072-10-20,220.04933
2072-10-21,218.62677
2072-10-22,217.2042
2072-10-23,215.78163
2072-10-24,214.35907
2072-10-25,212.93651
2072-10-26,211.51395
2072-10-27,210.09138
2072-10-28,208.66882
2072-10-29,207.24626
2072-10-30,205.8237
2072-10-31,204.40114
2072-11-01,202.97856
2072-11-02,201.556
2072-11-03,200.13344
2072-11-04,198.71088
2072-11-05,197.28831
2072-11-06,195.86575
2072-11-07,194.44319
2072-11-08,193.02063
2072-11-09,191.59807
2072-11-10,190.1755
2072-11-11,188.75293
2072-11-12,187.33037
2072-11-13,185.9078
2072-11-14,184.48524
2072-11-15,183.06268
2072-11-16,181.64012
2072-11-17,181.04242
2072-11-18,180.44472
2072-11-19,179.84702
2072-11-20,179.24931
2072-11-21,178.65161
2072-11-22,178.0539
2072-11-23,177.45619
2072-11-24,176.85849
2072-11-25,176.26079
2072-11-26,175.66309
2072-11-27,175.06538
2072-11-28,174.46768
2072-11-29,173.86998
2072-11-30,173.27228
2072-12-01,172.67456
2072-12-02,172.07686
2072-12-03,171.47916
2072-12-04,170.88145
2072-12-05,170.28375
2072-12-06,169.68605
2072-12-07,169.08835
2072-12-08,168.49065
2072-12-09,167.89294
2072-12-10,167.29524
2072-12-11,166.69754
2072-12-12,166.09982
2072-12-13,165.50212
2072-12-14,164.90442
2072-12-15,164.30672
2072-12-16,163.70901
2072-12-17,163.78918
2072-12-18,163.86935
2072-12-19,163.94952
2072-12-20,164.02971
2072-12-21,164.10988
2072-12-22,164.19005
2072-12-23,164.27022
2072-12-24,164.35039
2072-12-25,164.43056
2072-12-26,164.51074
2072-12-27,164.59091
2072-12-28,164.67108
2072-12-29,164.75125
2072-12-30,164.83142
2072-12-31,164.91159
2073-01-01,164.99178
2073-01-02,165.07195
2073-01-03,165.15211
2073-01-04,165.23228
2073-01-05,165.31245
2073-01-06,165.39262
2073-01-07,165.47281
2073-01-08,165.55298
2073-01-09,165.63315
2073-01-10,165.71332
2073-01-11,165.79349
2073-01-12,165.87366
2073-01-13,165.95384
2073-01-14,166.03401
2073-01-15,166.11418
2073-01-16,166.19435
2073-01-17,167.47823
2073-01-18,168.7621
2073-01-19,170.04597
2073-01-20,171.32985
2073-01-21,172.61372
2073-01-22,173.8976
2073-01-23,175.18147
2073-01-24,176.46535
2073-01-25,177.74922
2073-01-26,179.0331
2073-01-27,180.31697
2073-01-28,181.60085
2073-01-29,182.88472
2073-01-30,184.1686
2073-01-31,185.45245
2073-02-01,186.73633
2073-02-02,188.0202
2073-02-03,189.30408
2073-02-04,190.58795
2073-02-05,191.87183
2073-02-06,193.1557
2073-02-07,194.43958
2073-02-08,195.72345
2073-02-09,197.00732
2073-02-10,198.2912
2073-02-11,199.57507
2073-02-12,200.85895
2073-02-13,202.14282
2073-02-14,203.4267
2073-02-15,204.71057
2073-02-16,206.48131
2073-02-17,208.25204
2073-02-18,210.0228
2073-02-19,211.79353
2073-02-20,213.56427
2073-02-21,215.335
2073-02-22,217.10576
2073-02-23,218.8765
2073-02-24,220.64723
2073-02-25,222.41797
2073-02-26,224.18872
2073-02-27,225.95946
2073-02-28,227.7302
2073-03-01,229.50093
2073-03-02,231.27168
2073-03-03,233.04242
2073-03-04,234.81316
2073-03-05,236.5839
2073-03-06,238.35464
2073-03-07,240.12538
2073-03-08,241.89612
2073-03-09,243.66685
2073-03-10,245.4376
2073-03-11,247.20834
2073-03-12,248.97908
2073-03-13,250.74982
2073-03-14,252.52057
2073-03-15,254.2913
2073-03-16,256.06204
2073-03-17,256.08337
2073-03-18,256.1047
2073-03-19,256.126
2073-03-20,256.14734
2073-03-21,256.16867
2073-03-22,256.19
2073-03-23,256.2113
2073-03-24,256.23264
2073-03-25,256.25397
2073-03-26,256.2753
2073-03-27,256.29663
2073-03-28,256.31793
2073-03-29,256.33926
2073-03-30,256.3606
2073-03-31,256.38193
2073-04-01,256.40323
2073-04-02,256.42456
2073-04-03,256.4459
2073-04-04,256.46722
2073-04-05,256.48853
2073-04-06,256.50986
2073-04-07,256.5312
2073-04-08,256.55252
2073-04-09,256.57385
2073-04-10,256.59515
2073-04-11,256.6165
2073-04-12,256.63782
2073-04-13,256.65915
2073-04-14,256.68045
2073-04-15,256.70178
2073-04-16,256.7231
2073-04-17,257.7463
2073-04-18,258.76953
2073-04-19,259.79272
2073-04-20,260.81592
2073-04-21,261.83914
2073-04-22,262.86234
2073-04-23,263.88556
2073-04-24,264.90875
2073-04-25,265.93195
2073-04-26,266.95517
2073-04-27,267.97836
2073-04-28,269.00156
2073-04-29,270.02478
2073-04-30,271.04797
2073-05-01,272.07117
2073-05-02,273.0944
2073-05-03,274.11758
2073-05-04,275.1408
2073-05-05,276.164
2073-05-06,277.1872
2073-05-07,278.21042
2073-05-08,279.2336
2073-05-09,280.2568
2073-05-10,281.28003
2073-05-11,282.30322
2073-05-12,283.32645
2073-05-13,284.34964
2073-05-14,285.37283
2073-05-15,286.39606
2073-05-16,287.41925
2073-05-17,287.8037
2073-05-18,288.18817
2073-05-19,288.5726
2073-05-20,288.95706
2073-05-21,289.34152
2073-05-22,289.72598
2073-05-23,290.11044
2073-05-24,290.49487
2073-05-25,290.87933
2073-05-26,291.2638
2073-05-27,291.64825
2073-05-28,292.0327
2073-05-29,292.41714
2073-05-30,292.8016
2073-05-31,293.18607
2073-06-01,293.57053
2073-06-02,293.955
2073-06-03,294.33945
2073-06-04,294.72388
2073-06-05,295.10834
2073-06-06,295.4928
2073-06-07,295.87726
2073-06-08,296.26172
2073-06-09,296.64615
2073-06-10,297.0306
2073-06-11,297.41507
2073-06-12,297.79953
2073-06-13,298.184
2073-06-14,298.56842
2073-06-15,298.95288
2073-06-16,299.33734
2073-06-17,299.12805
2073-06-18,298.9188
2073-06-19,298.7095
2073-06-20,298.5002
2073-06-21,298.29095
2073-06-22,298.08167
2073-06-23,297.87238
2073-06-24,297.6631
2073-06-25,297.45383
2073-06-26,297.24454
2073-06-27,297.03525
2073-06-28,296.826
2073-06-29,296.6167
2073-06-30,296.4074
2073-07-01,296.19812
2073-07-02,295.98886
2073-07-03,295.77957
2073-07-04,295.57028
2073-07-05,295.36102
2073-07-06,295.15173
2073-07-07,294.94244
2073-07-08,294.7332
2073-07-09,294.5239
2073-07-10,294.3146
2073-07-11,294.10535
2073-07-12,293.89606
2073-07-13,293.68677
2073-07-14,293.47748
2073-07-15,293.26822
2073-07-16,293.05893
2073-07-17,292.10648
2073-07-18,291.154
2073-07-19,290.20154
2073-07-20,289.24905
2073-07-21,288.2966
2073-07-22,287.34412
2073-07-23,286.39166
2073-07-24,285.43918
2073-07-25,284.48672
2073-07-26,283.53424
2073-07-27,282.5818
2073-07-28,281.62933
2073-07-29,280.67685
2073-07-30,279.7244
2073-07-31,278.7719
2073-08-01,277.81946
2073-08-02,276.86697
2073-08-03,275.91452
2073-08-04,274.96204
2073-08-05,274.00958
2073-08-06,273.05713
2073-08-07,272.10464
2073-08-08,271.1522
2073-08-09,270.1997
2073-08-10,269.24725
2073-08-11,268.29477
2073-08-12,267.34232
2073-08-13,266.38983
2073-08-14,265.43738
2073-08-15,264.4849
2073-08-16,263.53244
2073-08-17,263.31808
2073-08-18,263.10373
2073-08-19,262.88937
2073-08-20,262.67502
2073-08-21,262.46066
2073-08-22,262.2463
2073-08-23,262.03195
2073-08-24,261.8176
2073-08-25,261.60324
2073-08-26,261.3889
2073-08-27,261.17453
2073-08-28,260.96017
2073-08-29,260.74582
2073-08-30,260.53146
2073-08-31,260.3171
2073-09-01,260.10272
2073-09-02,259.88837
2073-09-03,259.674
2073-09-04,259.45966
2073-09-05,259.2453
2073-09-06,259.03094
2073-09-07,258.8166
2073-09-08,258.60223
2073-09-09,258.38788
2073-09-10,258.17352
2073-09-11,257.95917
2073-09-12,257.7448
2073-09-13,257.53046
2073-09-14,257.3161
2073-09-15,257.10175
2073-09-16,256.8874
2073-09-17,255.13014
2073-09-18,253.3729
2073-09-19,251.61565
2073-09-20,249.8584
2073-09-21,248.10115
2073-09-22,246.3439
2073-09-23,244.58665
2073-09-24,242.8294
2073-09-25,241.07216
2073-09-26,239.31491
2073-09-27,237.55766
2073-09-28,235.80042
2073-09-29,234.04317
2073-09-30,232.28592
2073-10-01,230.52866
2073-10-02,228.77141
2073-10-03,227.01416
2073-10-04,225.25691
2073-10-05,223.49966
2073-10-06,221.74242
2073-10-07,219.98517
2073-10-08,218.22792
2073-10-09,216.47067
2073-10-10,214.71342
2073-10-11,212.95618
2073-10-12,211.19893
2073-10-13,209.44168
2073-10-14,207.68443
2073-10-15,205.92719
2073-10-16,204.16994
2073-10-17,203.56564
2073-10-18,202.96135
2073-10-19,202.35704
2073-10-20,201.75275
2073-10-21,201.14845
2073-10-22,200.54416
2073-10-23,199.93985
2073-10-24,199.33556
2073-10-25,198.73126
2073-10-26,198.12697
2073-10-27,197.52267
2073-10-28,196.91837
2073-10-29,196.31407
2073-10-30,195.70978
2073-10-31,195.10548
2073-11-01,194.50117
2073-11-02,193.89688
2073-11-03,193.29259
2073-11-04,192.6883
2073-11-05,192.08398
2073-11-06,191.47969
2073-11-07,190.8754
2073-11-08,190.2711
2073-11-09,189.66681
2073-11-10,189.0625
2073-11-11,188.4582
2073-11-12,187.85391
2073-11-13,187.24962
2073-11-14,186.64531
2073-11-15,186.04102
2073-11-16,185.43672
2073-11-17,184.69427
2073-11-18,183.95184
2073-11-19,183.2094
2073-11-20,182.46696
2073-11-21,181.72452
2073-11-22,180.98209
2073-11-23,180.23964
2073-11-24,179.4972
2073-11-25,178.75476
2073-11-26,178.01231
2073-11-27,177.26988
2073-11-28,176.52744
2073-11-29,175.785
2073-11-30,175.04256
2073-12-01,174.30011
2073-12-02,173.55768
2073-12-03,172.81523
2073-12-04,172.0728
2073-12-05,171.33035
2073-12-06,170.58792
2073-12-07,169.84547
2073-12-08,169.10304
2073-12-09,168.3606
2073-12-10,167.61815
2073-12-11,166.87572
2073-12-12,166.13327
2073-12-13,165.39084
2073-12-14,164.64839
2073-12-15,163.90596
2073-12-16,163.16351
2073-12-17,163.33636
2073-12-18,163.50923
2073-12-19,163.68208
2073-12-20,163.85495
2073-12-21,164.0278
2073-12-22,164.20067
2073-12-23,164.37352
2073-12-24,164.54639
2073-12-25,164.71924
2073-12-26,164.8921
2073-12-27,165.06496
2073-12-28,165.23782
2073-12-29,165.41068
2073-12-30,165.58354
2073-12-31,165.7564
2074-01-01,165.92926
2074-01-02,166.10211
2074-01-03,166.27498
2074-01-04,166.44783
2074-01-05,166.6207
2074-01-06,166.79355
2074-01-07,166.96642
2074-01-08,167.13927
2074-01-09,167.31213
2074-01-10,167.48499
2074-01-11,167.65785
2074-01-12,167.8307
2074-01-13,168.00357
2074-01-14,168.17642
2074-01-15,168.34929
2074-01-16,168.52214
2074-01-17,169.0905
2074-01-18,169.65884
2074-01-19,170.2272
2074-01-20,170.79556
2074-01-21,171.36392
2074-01-22,171.93227
2074-01-23,172.50063
2074-01-24,173.06898
2074-01-25,173.63734
2074-01-26,174.20569
2074-01-27,174.77405
2074-01-28,175.3424
2074-01-29,175.91077
2074-01-30,176.47911
2074-01-31,177.04747
2074-02-01,177.61583
2074-02-02,178.18417
2074-02-03,178.75253
2074-02-04,179.32089
2074-02-05,179.88925
2074-02-06,180.4576
2074-02-07,181.02596
2074-02-08,181.59431
2074-02-09,182.16267
2074-02-10,182.73102
2074-02-11,183.29938
2074-02-12,183.86774
2074-02-13,184.4361
2074-02-14,185.00444
2074-02-15,185.5728
2074-02-16,187.30876
2074-02-17,189.04474
2074-02-18,190.7807
2074-02-19,192.51668
2074-02-20,194.25264
2074-02-21,195.9886
2074-02-22,197.72458
2074-02-23,199.46054
2074-02-24,201.19652
2074-02-25,202.93248
2074-02-26,204.66846
2074-02-27,206.40442
2074-02-28,208.14038
2074-03-01,209.87636
2074-03-02,211.61232
2074-03-03,213.3483
2074-03-04,215.08426
2074-03-05,216.82022
2074-03-06,218.5562
2074-03-07,220.29216
2074-03-08,222.02814
2074-03-09,223.7641
2074-03-10,225.50008
2074-03-11,227.23604
2074-03-12,228.972
2074-03-13,230.70798
2074-03-14,232.44394
2074-03-15,234.17992
2074-03-16,235.91588
2074-03-17,237.62346
2074-03-18,239.33104
2074-03-19,241.03862
2074-03-20,242.7462
2074-03-21,244.45378
2074-03-22,246.16136
2074-03-23,247.86894
2074-03-24,249.57652
2074-03-25,251.2841
2074-03-26,252.99168
2074-03-27,254.69926
2074-03-28,256.40686
2074-03-29,258.11444
2074-03-30,259.82202
2074-03-31,261.5296
2074-04-01,263.23718
2074-04-02,264.94476
2074-04-03,266.65234
2074-04-04,268.35992
2074-04-05,270.0675
2074-04-06,271.7751
2074-04-07,273.48267
2074-04-08,275.19025
2074-04-09,276.89783
2074-04-10,278.6054
2074-04-11,280.313
2074-04-12,282.02057
2074-04-13,283.72815
2074-04-14,285.43573
2074-04-15,287.1433
2074-04-16,288.8509
2074-04-17,288.70462
2074-04-18,288.55832
2074-04-19,288.41205
2074-04-20,288.26575
2074-04-21,288.11948
2074-04-22,287.97318
2074-04-23,287.8269
2074-04-24,287.68063
2074-04-25,287.53433
2074-04-26,287.38806
2074-04-27,287.24176
2074-04-28,287.0955
2074-04-29,286.9492
2074-04-30,286.80292
2074-05-01,286.65662
2074-05-02,286.51035
2074-05-03,286.36407
2074-05-04,286.21777
2074-05-05,286.0715
2074-05-06,285.9252
2074-05-07,285.77893
2074-05-08,285.63263
2074-05-09,285.48636
2074-05-10,285.3401
2074-05-11,285.1938
2074-05-12,285.04752
2074-05-13,284.9012
2074-05-14,284.75494
2074-05-15,284.60864
2074-05-16,284.46237
2074-05-17,284.87146
2074-05-18,285.28055
2074-05-19,285.68964
2074-05-20,286.09872
2074-05-21,286.5078
2074-05-22,286.9169
2074-05-23,287.326
2074-05-24,287.73508
2074-05-25,288.14417
2074-05-26,288.55325
2074-05-27,288.96234
2074-05-28,289.37143
2074-05-29,289.78052
2074-05-30,290.1896
2074-05-31,290.5987
2074-06-01,291.00775
2074-06-02,291.41684
2074-06-03,291.82593
2074-06-04,292.23502
2074-06-05,292.6441
2074-06-06,293.0532
2074-06-07,293.46228
2074-06-08,293.87137
2074-06-09,294.28046
2074-06-10,294.68954
2074-06-11,295.09863
2074-06-12,295.50772
2074-06-13,295.9168
2074-06-14,296.3259
2074-06-15,296.735
2074-06-16,297.14407
2074-06-17,296.84732
2074-06-18,296.55057
2074-06-19,296.2538
2074-06-20,295.95703
2074-06-21,295.66028
2074-06-22,295.36353
2074-06-23,295.06677
2074-06-24,294.77002
2074-06-25,294.47327
2074-06-26,294.1765
2074-06-27,293.87976
2074-06-28,293.58298
2074-06-29,293.28622
2074-06-30,292.98947
2074-07-01,292.69272
2074-07-02,292.39597
2074-07-03,292.0992
2074-07-04,291.80246
2074-07-05,291.50568
2074-07-06,291.20892
2074-07-07,290.91217
2074-07-08,290.61542
2074-07-09,290.31866
2074-07-10,290.0219
2074-07-11,289.72516
2074-07-12,289.4284
2074-07-13,289.13162
2074-07-14,288.83487
2074-07-15,288.53812
2074-07-16,288.24136
2074-07-17,288.1389
2074-07-18,288.03644
2074-07-19,287.93396
2074-07-20,287.83148
2074-07-21,287.72903
2074-07-22,287.62656
2074-07-23,287.52408
2074-07-24,287.42163
2074-07-25,287.31915
2074-07-26,287.21667
2074-07-27,287.11423
2074-07-28,287.01175
2074-07-29,286.90927
2074-07-30,286.80682
2074-07-31,286.70435
2074-08-01,286.60187
2074-08-02,286.4994
2074-08-03,286.39694
2074-08-04,286.29446
2074-08-05,286.192
2074-08-06,286.08954
2074-08-07,285.98706
2074-08-08,285.88458
2074-08-09,285.78214
2074-08-10,285.67966
2074-08-11,285.57718
2074-08-12,285.47473
2074-08-13,285.37225
2074-08-14,285.26978
2074-08-15,285.16733
2074-08-16,285.06485
2074-08-17,284.15466
2074-08-18,283.24448
2074-08-19,282.3343
2074-08-20,281.4241
2074-08-21,280.51392
2074-08-22,279.6037
2074-08-23,278.6935
2074-08-24,277.78333
2074-08-25,276.87314
2074-08-26,275.96295
2074-08-27,275.05276
2074-08-28,274.14258
2074-08-29,273.2324
2074-08-30,272.3222
2074-08-31,271.41202
2074-09-01,270.5018
2074-09-02,269.5916
2074-09-03,268.68143
2074-09-04,267.77124
2074-09-05,266.86105
2074-09-06,265.95087
2074-09-07,265.04068
2074-09-08,264.1305
2074-09-09,263.2203
2074-09-10,262.31012
2074-09-11,261.3999
2074-09-12,260.48972
2074-09-13,259.57953
2074-09-14,258.66934
2074-09-15,257.75916
2074-09-16,256.84897
2074-09-17,255.89012
2074-09-18,254.93126
2074-09-19,253.97241
2074-09-20,253.01355
2074-09-21,252.0547
2074-09-22,251.09586
2074-09-23,250.137
2074-09-24,249.17815
2074-09-25,248.21928
2074-09-26,247.26044
2074-09-27,246.30159
2074-09-28,245.34273
2074-09-29,244.38388
2074-09-30,243.42502
2074-10-01,242.46617
2074-10-02,241.50732
2074-10-03,240.54846
2074-10-04,239.58961
2074-10-05,238.63075
2074-10-06,237.6719
2074-10-07,236.71306
2074-10-08,235.7542
2074-10-09,234.79535
2074-10-10,233.83649
2074-10-11,232.87764
2074-10-12,231.9188
2074-10-13,230.95993
2074-10-14,230.00108
2074-10-15,229.04222
2074-10-16,228.08337
2074-10-17,226.68864
2074-10-18,225.29393
2074-10-19,223.8992
2074-10-20,222.50447
2074-10-21,221.10974
2074-10-22,219.71503
2074-10-23,218.3203
2074-10-24,216.92557
2074-10-25,215.53085
2074-10-26,214.13612
2074-10-27,212.7414
2074-10-28,211.34666
2074-10-29,209.95195
2074-10-30,208.55722
2074-10-31,207.16249
2074-11-01,205.76778
2074-11-02,204.37305
2074-11-03,202.97832
2074-11-04,201.5836
2074-11-05,200.18887
2074-11-06,198.79414
2074-11-07,197.39941
2074-11-08,196.0047
2074-11-09,194.60997
2074-11-10,193.21524
2074-11-11,191.82053
2074-11-12,190.4258
2074-11-13,189.03107
2074-11-14,187.63634
2074-11-15,186.24162
2074-11-16,184.8469
2074-11-17,184.35706
2074-11-18,183.86723
2074-11-19,183.3774
2074-11-20,182.88756
2074-11-21,182.39772
2074-11-22,181.9079
2074-11-23,181.41806
2074-11-24,180.92822
2074-11-25,180.43839
2074-11-26,179.94856
2074-11-27,179.45872
2074-11-28,178.96889
2074-11-29,178.47905
2074-11-30,177.98923
2074-12-01,177.49939
2074-12-02,177.00955
2074-12-03,176.51973
2074-12-04,176.02989
2074-12-05,175.54005
2074-12-06,175.05022
2074-12-07,174.5604
2074-12-08,174.07056
2074-12-09,173.58072
2074-12-10,173.09088
2074-12-11,172.60106
2074-12-12,172.11122
2074-12-13,171.62138
2074-12-14,171.13155
2074-12-15,170.64172
2074-12-16,170.15189
2074-12-17,170.20314
2074-12-18,170.2544
2074-12-19,170.30563
2074-12-20,170.35689
2074-12-21,170.40814
2074-12-22,170.4594
2074-12-23,170.51064
2074-12-24,170.56189
2074-12-25,170.61314
2074-12-26,170.6644
2074-12-27,170.71565
2074-12-28,170.76689
2074-12-29,170.81815
2074-12-30,170.8694
2074-12-31,170.92065
2075-01-01,170.9719
2075-01-02,171.02315
2075-01-03,171.0744
2075-01-04,171.12566
2075-01-05,171.1769
2075-01-06,171.22815
2075-01-07,171.2794
2075-01-08,171.33066
2075-01-09,171.38191
2075-01-10,171.43315
2075-01-11,171.4844
2075-01-12,171.53566
2075-01-13,171.58691
2075-01-14,171.63815
2075-01-15,171.6894
2075-01-16,171.74066
2075-01-17,172.91335
2075-01-18,174.08603
2075-01-19,175.25871
2075-01-20,176.4314
2075-01-21,177.60408
2075-01-22,178.77676
2075-01-23,179.94945
2075-01-24,181.12213
2075-01-25,182.29482
2075-01-26,183.4675
2075-01-27,184.64018
2075-01-28,185.81287
2075-01-29,186.98555
2075-01-30,188.15823
2075-01-31,189.33093
2075-02-01,190.50362
2075-02-02,191.6763
2075-02-03,192.84898
2075-02-04,194.02167
2075-02-05,195.19435
2075-02-06,196.36703
2075-02-07,197.53972
2075-02-08,198.7124
2075-02-09,199.88509
2075-02-10,201.05777
2075-02-11,202.23045
2075-02-12,203.40314
2075-02-13,204.57582
2075-02-14,205.7485
2075-02-15,206.92119
2075-02-16,208.27002
2075-02-17,209.61887
2075-02-18,210.9677
2075-02-19,212.31654
2075-02-20,213.66537
2075-02-21,215.01422
2075-02-22,216.36305
2075-02-23,217.7119
2075-02-24,219.06073
2075-02-25,220.40956
2075-02-26,221.7584
2075-02-27,223.10724
2075-02-28,224.45609
2075-03-01,225.80492
2075-03-02,227.15376
2075-03-03,228.5026
2075-03-04,229.85144
2075-03-05,231.20027
2075-03-06,232.54912
2075-03-07,233.89795
2075-03-08,235.24678
2075-03-09,236.59563
2075-03-10,237.94446
2075-03-11,239.2933
2075-03-12,240.64214
2075-03-13,241.99098
2075-03-14,243.33981
2075-03-15,244.68866
2075-03-16,246.03749
2075-03-17,246.9571
2075-03-18,247.87674
2075-03-19,248.79636
2075-03-20,249.71599
2075-03-21,250.6356
2075-03-22,251.55524
2075-03-23,252.47485
2075-03-24,253.39447
2075-03-25,254.3141
2075-03-26,255.23372
2075-03-27,256.15335
2075-03-28,257.07297
2075-03-29,257.99258
2075-03-30,258.9122
2075-03-31,259.83185
2075-04-01,260.75146
2075-04-02,261.67108
2075-04-03,262.5907
2075-04-04,263.5103
2075-04-05,264.42996
2075-04-06,265.34958
2075-04-07,266.2692
2075-04-08,267.1888
2075-04-09,268.10846
2075-04-10,269.02808
2075-04-11,269.9477
2075-04-12,270.8673
2075-04-13,271.78693
2075-04-14,272.70657
2075-04-15,273.6262
2075-04-16,274.5458
2075-04-17,275.81818
2075-04-18,277.09055
2075-04-19,278.3629
2075-04-20,279.6353
2075-04-21,280.90768
2075-04-22,282.18005
2075-04-23,283.45242
2075-04-24,284.7248
2075-04-25,285.99716
2075-04-26,287.26953
2075-04-27,288.5419
2075-04-28,289.8143
2075-04-29,291.08667
2075-04-30,292.35904
2075-05-01,293.6314
2075-05-02,294.90378
2075-05-03,296.17615
2075-05-04,297.44852
2075-05-05,298.72092
2075-05-06,299.9933
2075-05-07,301.26566
2075-05-08,302.53802
2075-05-09,303.8104
2075-05-10,305.08276
2075-05-11,306.35513
2075-05-12,307.6275
2075-05-13,308.8999
2075-05-14,310.17227
2075-05-15,311.44464
2075-05-16,312.717
2075-05-17,312.51602
2075-05-18,312.315
2075-05-19,312.114
2075-05-20,311.91302
2075-05-21,311.712
2075-05-22,311.51102
2075-05-23,311.31003
2075-05-24,311.109
2075-05-25,310.90802
2075-05-26,310.707
2075-05-27,310.506
2075-05-28,310.30502
2075-05-29,310.104
2075-05-30,309.903
2075-05-31,309.70203
2075-06-01,309.501
2075-06-02,309.30002
2075-06-03,309.09903
2075-06-04,308.898
2075-06-05,308.69702
2075-06-06,308.49603
2075-06-07,308.295
2075-06-08,308.09402
2075-06-09,307.893
2075-06-10,307.69202
2075-06-11,307.49103
2075-06-12,307.29
2075-06-13,307.08902
2075-06-14,306.88803
2075-06-15,306.687
2075-06-16,306.48602
2075-06-17,306.21835
2075-06-18,305.95068
2075-06-19,305.68298
2075-06-20,305.4153
2075-06-21,305.14764
2075-06-22,304.87997
2075-06-23,304.6123
2075-06-24,304.3446
2075-06-25,304.07693
2075-06-26,303.80927
2075-06-27,303.5416
2075-06-28,303.27393
2075-06-29,303.00623
2075-06-30,302.73856
2075-07-01,302.4709
2075-07-02,302.20322
2075-07-03,301.93555
2075-07-04,301.66785
2075-07-05,301.40018
2075-07-06,301.1325
2075-07-07,300.86484
2075-07-08,300.59717
2075-07-09,300.32947
2075-07-10,300.0618
2075-07-11,299.79413
2075-07-12,299.52646
2075-07-13,299.2588
2075-07-14,298.9911
2075-07-15,298.72342
2075-07-16,298.45575
2075-07-17,297.69226
2075-07-18,296.9288
2075-07-19,296.1653
2075-07-20,295.40186
2075-07-21,294.63837
2075-07-22,293.8749
2075-07-23,293.11142
2075-07-24,292.34796
2075-07-25,291.58447
2075-07-26,290.821
2075-07-27,290.05753
2075-07-28,289.29404
2075-07-29,288.53058
2075-07-30,287.7671
2075-07-31,287.00363
2075-08-01,286.24014
2075-08-02,285.47668
2075-08-03,284.7132
2075-08-04,283.94974
2075-08-05,283.18625
2075-08-06,282.42276
2075-08-07,281.6593
2075-08-08,280.8958
2075-08-09,280.13235
2075-08-10,279.36887
2075-08-11,278.6054
2075-08-12,277.84192
2075-08-13,277.07846
2075-08-14,276.31497
2075-08-15,275.5515
2075-08-16,274.78802
2075-08-17,273.90198
2075-08-18,273.01593
2075-08-19,272.12985
2075-08-20,271.2438
2075-08-21,270.35776
2075-08-22,269.4717
2075-08-23,268.58566
2075-08-24,267.6996
2075-08-25,266.81354
2075-08-26,265.9275
2075-08-27,265.04144
2075-08-28,264.1554
2075-08-29,263.26932
2075-08-30,262.38327
2075-08-31,261.49722
2075-09-01,260.61118
2075-09-02,259.72513
2075-09-03,258.83908
2075-09-04,257.953
2075-09-05,257.06696
2075-09-06,256.1809
2075-09-07,255.29485
2075-09-08,254.4088
2075-09-09,253.52275
2075-09-10,252.63669
2075-09-11,251.75064
2075-09-12,250.8646
2075-09-13,249.97853
2075-09-14,249.09248
2075-09-15,248.20642
2075-09-16,247.32037
2075-09-17,245.50865
2075-09-18,243.69693
2075-09-19,241.88521
2075-09-20,240.07349
2075-09-21,238.26176
2075-09-22,236.45004
2075-09-23,234.63832
2075-09-24,232.8266
2075-09-25,231.01488
2075-09-26,229.20316
2075-09-27,227.39143
2075-09-28,225.57971
2075-09-29,223.76799
2075-09-30,221.95627
2075-10-01,220.14456
2075-10-02,218.33284
2075-10-03,216.52112
2075-10-04,214.7094
2075-10-05,212.89767
2075-10-06,211.08595
2075-10-07,209.27423
2075-10-08,207.46251
2075-10-09,205.65079
2075-10-10,203.83907
2075-10-11,202.02734
2075-10-12,200.21562
2075-10-13,198.4039
2075-10-14,196.59218
2075-10-15,194.78046
2075-10-16,192.96873
2075-10-17,192.83052
2075-10-18,192.6923
2075-10-19,192.5541
2075-10-20,192.41588
2075-10-21,192.27766
2075-10-22,192.13945
2075-10-23,192.00124
2075-10-24,191.86302
2075-10-25,191.72481
2075-10-26,191.5866
2075-10-27,191.44838
2075-10-28,191.31017
2075-10-29,191.17195
2075-10-30,191.03374
2075-10-31,190.89552
2075-11-01,190.75732
2075-11-02,190.61911
2075-11-03,190.4809
2075-11-04,190.34268
2075-11-05,190.20447
2075-11-06,190.06625
2075-11-07,189.92804
2075-11-08,189.78983
2075-11-09,189.65161
2075-11-10,189.5134
2075-11-11,189.37518
2075-11-12,189.23697
2075-11-13,189.09875
2075-11-14,188.96054
2075-11-15,188.82233
2075-11-16,188.68411
2075-11-17,187.98827
2075-11-18,187.29242
2075-11-19,186.59656
2075-11-20,185.90071
2075-11-21,185.20486
2075-11-22,184.50902
2075-11-23,183.81317
2075-11-24,183.11732
2075-11-25,182.42148
2075-11-26,181.72562
2075-11-27,181.02977
2075-11-28,180.33392
2075-11-29,179.63808
2075-11-30,178.94223
2075-12-01,178.24637
2075-12-02,177.55052
2075-12-03,176.85468
2075-12-04,176.15883
2075-12-05,175.46298
2075-12-06,174.76714
2075-12-07,174.07129
2075-12-08,173.37543
2075-12-09,172.67958
2075-12-10,171.98373
2075-12-11,171.28789
2075-12-12,170.59204
2075-12-13,169.89618
2075-12-14,169.20033
2075-12-15,168.50449
2075-12-16,167.80864
2075-12-17,167.84076
2075-12-18,167.87286
2075-12-19,167.90498
2075-12-20,167.9371
2075-12-21,167.96921
2075-12-22,168.00133
2075-12-23,168.03345
2075-12-24,168.06555
2075-12-25,168.09767
2075-12-26,168.12978
2075-12-27,168.1619
2075-12-28,168.19402
2075-12-29,168.22612
2075-12-30,168.25824
2075-12-31,168.29036
2076-01-01,168.32246
2076-01-02,168.35458
2076-01-03,168.3867
2076-01-04,168.41881
2076-01-05,168.45093
2076-01-06,168.48305
2076-01-07,168.51515
2076-01-08,168.54727
2076-01-09,168.57938
2076-01-10,168.6115
2076-01-11,168.64362
2076-01-12,168.67572
2076-01-13,168.70784
2076-01-14,168.73996
2076-01-15,168.77206
2076-01-16,168.80418
2076-01-17,169.49736
2076-01-18,170.19052
2076-01-19,170.8837
2076-01-20,171.57686
2076-01-21,172.27003
2076-01-22,172.9632
2076-01-23,173.65637
2076-01-24,174.34955
2076-01-25,175.04271
2076-01-26,175.73589
2076-01-27,176.42905
2076-01-28,177.12222
2076-01-29,177.81538
2076-01-30,178.50856
2076-01-31,179.20172
2076-02-01,179.8949
2076-02-02,180.58807
2076-02-03,181.28123
2076-02-04,181.97441
2076-02-05,182.66757
2076-02-06,183.36075
2076-02-07,184.05391
2076-02-08,184.74709
2076-02-09,185.44026
2076-02-10,186.13342
2076-02-11,186.8266
2076-02-12,187.51976
2076-02-13,188.21294
2076-02-14,188.9061
2076-02-15,189.59927
2076-02-16,191.47638
2076-02-17,193.35347
2076-02-18,195.23056
2076-02-19,197.10767
2076-02-20,198.98477
2076-02-21,200.86186
2076-02-22,202.73895
2076-02-23,204.61606
2076-02-24,206.49316
2076-02-25,208.37025
2076-02-26,210.24734
2076-02-27,212.12445
2076-02-28,214.00156
2076-02-29,215.87865
2076-03-01,217.75574
2076-03-02,219.63284
2076-03-03,221.50995
2076-03-04,223.38704
2076-03-05,225.26413
2076-03-06,227.14124
2076-03-07,229.01834
2076-03-08,230.89543
2076-03-09,232.77252
2076-03-10,234.64963
2076-03-11,236.52673
2076-03-12,238.40382
2076-03-13,240.28091
2076-03-14,242.15802
2076-03-15,244.03513
2076-03-16,245.91222
2076-03-17,247.13533
2076-03-18,248.35844
2076-03-19,249.58156
2076-03-20,250.80467
2076-03-21,252.02779
2076-03-22,253.2509
2076-03-23,254.47401
2076-03-24,255.69713
2076-03-25,256.92023
2076-03-26,258.14334
2076-03-27,259.36646
2076-03-28,260.58957
2076-03-29,261.81268
2076-03-30,263.0358
2076-03-31,264.2589
2076-04-01,265.48203
2076-04-02,266.70514
2076-04-03,267.92825
2076-04-04,269.15137
2076-04-05,270.37448
2076-04-06,271.5976
2076-04-07,272.8207
2076-04-08,274.04382
2076-04-09,275.26694
2076-04-10,276.49005
2076-04-11,277.71317
2076-04-12,278.93628
2076-04-13,280.1594
2076-04-14,281.3825
2076-04-15,282.60562
2076-04-16,283.82874
2076-04-17,283.87473
2076-04-18,283.92075
2076-04-19,283.96674
2076-04-20,284.01276
2076-04-21,284.05875
2076-04-22,284.10474
2076-04-23,284.15076
2076-04-24,284.19675
2076-04-25,284.24277
2076-04-26,284.28876
2076-04-27,284.33475
2076-04-28,284.38077
2076-04-29,284.42676
2076-04-30,284.47278
2076-05-01,284.51877
2076-05-02,284.56476
2076-05-03,284.61078
2076-05-04,284.65677
2076-05-05,284.7028
2076-05-06,284.74878
2076-05-07,284.79477
2076-05-08,284.8408
2076-05-09,284.88678
2076-05-10,284.9328
2076-05-11,284.9788
2076-05-12,285.02478
2076-05-13,285.0708
2076-05-14,285.1168
2076-05-15,285.1628
2076-05-16,285.2088
2076-05-17,285.9472
2076-05-18,286.6856
2076-05-19,287.424
2076-05-20,288.1624
2076-05-21,288.90082
2076-05-22,289.63922
2076-05-23,290.37762
2076-05-24,291.116
2076-05-25,291.8544
2076-05-26,292.5928
2076-05-27,293.3312
2076-05-28,294.0696
2076-05-29,294.808
2076-05-30,295.54642
2076-05-31,296.28482
2076-06-01,297.02322
2076-06-02,297.76163
2076-06-03,298.50003
2076-06-04,299.23843
2076-06-05,299.97684
2076-06-06,300.71524
2076-06-07,301.45364
2076-06-08,302.19205
2076-06-09,302.93042
2076-06-10,303.66882
2076-06-11,304.40723
2076-06-12,305.14563
2076-06-13,305.88403
2076-06-14,306.62244
2076-06-15,307.36084
2076-06-16,308.09924
2076-06-17,307.7642
2076-06-18,307.42914
2076-06-19,307.0941
2076-06-20,306.75906
2076-06-21,306.424
2076-06-22,306.08896
2076-06-23,305.7539
2076-06-24,305.41885
2076-06-25,305.0838
2076-06-26,304.74875
2076-06-27,304.4137
2076-06-28,304.07867
2076-06-29,303.74362
2076-06-30,303.40857
2076-07-01,303.07352
2076-07-02,302.73846
2076-07-03,302.4034
2076-07-04,302.06836
2076-07-05,301.73334
2076-07-06,301.3983
2076-07-07,301.06323
2076-07-08,300.72818
2076-07-09,300.39313
2076-07-10,300.05807
2076-07-11,299.72302
2076-07-12,299.38797
2076-07-13,299.05295
2076-07-14,298.7179
2076-07-15,298.38284
2076-07-16,298.0478
2076-07-17,297.3114
2076-07-18,296.57498
2076-07-19,295.8386
2076-07-20,295.1022
2076-07-21,294.36578
2076-07-22,293.6294
2076-07-23,292.893
2076-07-24,292.1566
2076-07-25,291.4202
2076-07-26,290.6838
2076-07-27,289.9474
2076-07-28,289.211
2076-07-29,288.4746
2076-07-30,287.7382
2076-07-31,287.0018
2076-08-01,286.2654
2076-08-02,285.52902
2076-08-03,284.7926
2076-08-04,284.0562
2076-08-05,283.31982
2076-08-06,282.5834
2076-08-07,281.84702
2076-08-08,281.11063
2076-08-09,280.3742
2076-08-10,279.63782
2076-08-11,278.90143
2076-08-12,278.165
2076-08-13,277.42862
2076-08-14,276.69223
2076-08-15,275.9558
2076-08-16,275.21942
2076-08-17,274.10846
2076-08-18,272.99747
2076-08-19,271.8865
2076-08-20,270.77554
2076-08-21,269.66455
2076-08-22,268.5536
2076-08-23,267.44263
2076-08-24,266.33163
2076-08-25,265.22067
2076-08-26,264.1097
2076-08-27,262.99872
2076-08-28,261.88776
2076-08-29,260.7768
2076-08-30,259.6658
2076-08-31,258.55484
2076-09-01,257.44388
2076-09-02,256.3329
2076-09-03,255.22192
2076-09-04,254.11095
2076-09-05,252.99997
2076-09-06,251.889
2076-09-07,250.77803
2076-09-08,249.66705
2076-09-09,248.55609
2076-09-10,247.44511
2076-09-11,246.33414
2076-09-12,245.22318
2076-09-13,244.1122
2076-09-14,243.00122
2076-09-15,241.89026
2076-09-16,240.77928
2076-09-17,239.7216
2076-09-18,238.66393
2076-09-19,237.60625
2076-09-20,236.54857
2076-09-21,235.49089
2076-09-22,234.43321
2076-09-23,233.37553
2076-09-24,232.31787
2076-09-25,231.2602
2076-09-26,230.20251
2076-09-27,229.14484
2076-09-28,228.08716
2076-09-29,227.02948
2076-09-30,225.9718
2076-10-01,224.91412
2076-10-02,223.85645
2076-10-03,222.79877
2076-10-04,221.74109
2076-10-05,220.68341
2076-10-06,219.62573
2076-10-07,218.56805
2076-10-08,217.51038
2076-10-09,216.45271
2076-10-10,215.39503
2076-10-11,214.33736
2076-10-12,213.27968
2076-10-13,212.222
2076-10-14,211.16432
2076-10-15,210.10664
2076-10-16,209.04897
2076-10-17,208.33952
2076-10-18,207.6301
2076-10-19,206.92065
2076-10-20,206.21121
2076-10-21,205.50179
2076-10-22,204.79234
2076-10-23,204.0829
2076-10-24,203.37347
2076-10-25,202.66403
2076-10-26,201.95459
2076-10-27,201.24516
2076-10-28,200.53572
2076-10-29,199.82628
2076-10-30,199.11685
2076-10-31,198.40741
2076-11-01,197.69797
2076-11-02,196.98853
2076-11-03,196.2791
2076-11-04,195.56966
2076-11-05,194.86021
2076-11-06,194.15079
2076-11-07,193.44135
2076-11-08,192.7319
2076-11-09,192.02248
2076-11-10,191.31303
2076-11-11,190.60359
2076-11-12,189.89417
2076-11-13,189.18472
2076-11-14,188.47528
2076-11-15,187.76585
2076-11-16,187.05641
2076-11-17,185.0957
2076-11-18,183.135
2076-11-19,181.17427
2076-11-20,179.21356
2076-11-21,177.25285
2076-11-22,175.29214
2076-11-23,173.33142
2076-11-24,171.37071
2076-11-25,169.41
2076-11-26,167.4493
2076-11-27,165.48857
2076-11-28,163.52786
2076-11-29,161.56715
2076-11-30,159.60645
2076-12-01,157.64572
2076-12-02,155.68501
2076-12-03,153.7243
2076-12-04,151.7636
2076-12-05,149.80289
2076-12-06,147.84216
2076-12-07,145.88145
2076-12-08,143.92075
2076-12-09,141.96004
2076-12-10,139.99931
2076-12-11,138.0386
2076-12-12,136.0779
2076-12-13,134.11719
2076-12-14,132.15646
2076-12-15,130.19576
2076-12-16,128.23505
2076-12-17,129.62915
2076-12-18,131.02325
2076-12-19,132.41736
2076-12-20,133.81146
2076-12-21,135.20557
2076-12-22,136.59967
2076-12-23,137.99377
2076-12-24,139.3879
2076-12-25,140.782
2076-12-26,142.1761
2076-12-27,143.5702
2076-12-28,144.96431
2076-12-29,146.35841
2076-12-30,147.75252
2076-12-31,149.14662
2077-01-01,150.54073
2077-01-02,151.93483
2077-01-03,153.32893
2077-01-04,154.72304
2077-01-05,156.11714
2077-01-06,157.51125
2077-01-07,158.90535
2077-01-08,160.29945
2077-01-09,161.69357
2077-01-10,163.08768
2077-01-11,164.48178
2077-01-12,165.87589
2077-01-13,167.26999
2077-01-14,168.6641
2077-01-15,170.0582
2077-01-16,171.4523
2077-01-17,172.78389
2077-01-18,174.1155
2077-01-19,175.44708
2077-01-20,176.77867
2077-01-21,178.11028
2077-01-22,179.44186
2077-01-23,180.77345
2077-01-24,182.10506
2077-01-25,183.43665
2077-01-26,184.76823
2077-01-27,186.09984
2077-01-28,187.43143
2077-01-29,188.76302
2077-01-30,190.09462
2077-01-31,191.42621
2077-02-01,192.7578
2077-02-02,194.0894
2077-02-03,195.42099
2077-02-04,196.75258
2077-02-05,198.08418
2077-02-06,199.41577
2077-02-07,200.74736
2077-02-08,202.07896
2077-02-09,203.41055
2077-02-10,204.74214
2077-02-11,206.07375
2077-02-12,207.40533
2077-02-13,208.73692
2077-02-14,210.06853
2077-02-15,211.40012
2077-02-16,213.03313
2077-02-17,214.66615
2077-02-18,216.29916
2077-02-19,217.93217
2077-02-20,219.5652
2077-02-21,221.19821
2077-02-22,222.83122
2077-02-23,224.46423
2077-02-24,226.09726
2077-02-25,227.73027
2077-02-26,229.36328
2077-02-27,230.9963
2077-02-28,232.62932
2077-03-01,234.26233
2077-03-02,235.89536
2077-03-03,237.52837
2077-03-04,239.16138
2077-03-05,240.7944
2077-03-06,242.42741
2077-03-07,244.06042
2077-03-08,245.69345
2077-03-09,247.32646
2077-03-10,248.95947
2077-03-11,250.59248
2077-03-12,252.22551
2077-03-13,253.85852
2077-03-14,255.49153
2077-03-15,257.12454
2077-03-16,258.75757
2077-03-17,259.81274
2077-03-18,260.86792
2077-03-19,261.9231
2077-03-20,262.97827
2077-03-21,264.03345
2077-03-22,265.08865
2077-03-23,266.14383
2077-03-24,267.199
2077-03-25,268.25418
2077-03-26,269.30936
2077-03-27,270.36453
2077-03-28,271.4197
2077-03-29,272.47488
2077-03-30,273.53006
2077-03-31,274.58524
2077-04-01,275.64044
2077-04-02,276.69562
2077-04-03,277.7508
2077-04-04,278.80597
2077-04-05,279.86115
2077-04-06,280.91632
2077-04-07,281.9715
2077-04-08,283.02667
2077-04-09,284.08185
2077-04-10,285.13702
2077-04-11,286.19223
2077-04-12,287.2474
2077-04-13,288.30258
2077-04-14,289.35776
2077-04-15,290.41293
2077-04-16,291.4681
2077-04-17,291.6073
2077-04-18,291.7465
2077-04-19,291.88568
2077-04-20,292.0249
2077-04-21,292.1641
2077-04-22,292.30328
2077-04-23,292.44247
2077-04-24,292.58167
2077-04-25,292.7209
2077-04-26,292.86008
2077-04-27,292.99927
2077-04-28,293.13846
2077-04-29,293.27765
2077-04-30,293.41684
2077-05-01,293.55603
2077-05-02,293.69525
2077-05-03,293.83444
2077-05-04,293.97363
2077-05-05,294.11282
2077-05-06,294.252
2077-05-07,294.39124
2077-05-08,294.53043
2077-05-09,294.66962
2077-05-10,294.8088
2077-05-11,294.948
2077-05-12,295.0872
2077-05-13,295.22638
2077-05-14,295.3656
2077-05-15,295.5048
2077-05-16,295.64398
2077-05-17,295.3667
2077-05-18,295.08942
2077-05-19,294.81213
2077-05-20,294.53488
2077-05-21,294.2576
2077-05-22,293.98032
2077-05-23,293.70303
2077-05-24,293.42575
2077-05-25,293.14847
2077-05-26,292.87122
2077-05-27,292.59393
2077-05-28,292.31665
2077-05-29,292.03937
2077-05-30,291.7621
2077-05-31,291.4848
2077-06-01,291.20755
2077-06-02,290.93027
2077-06-03,290.65298
2077-06-04,290.3757
2077-06-05,290.09842
2077-06-06,289.82114
2077-06-07,289.54388
2077-06-08,289.2666
2077-06-09,288.98932
2077-06-10,288.71204
2077-06-11,288.43475
2077-06-12,288.15747
2077-06-13,287.88022
2077-06-14,287.60294
2077-06-15,287.32565
2077-06-16,287.04837
2077-06-17,287.45065
2077-06-18,287.85294
2077-06-19,288.25525
2077-06-20,288.65753
2077-06-21,289.0598
2077-06-22,289.4621
2077-06-23,289.8644
2077-06-24,290.2667
2077-06-25,290.66898
2077-06-26,291.07126
2077-06-27,291.47357
2077-06-28,291.87585
2077-06-29,292.27814
2077-06-30,292.68042
2077-07-01,293.0827
2077-07-02,293.48502
2077-07-03,293.8873
2077-07-04,294.28958
2077-07-05,294.69186
2077-07-06,295.09418
2077-07-07,295.49646
2077-07-08,295.89874
2077-07-09,296.30103
2077-07-10,296.70334
2077-07-11,297.10562
2077-07-12,297.5079
2077-07-13,297.9102
2077-07-14,298.3125
2077-07-15,298.71478
2077-07-16,299.11707
2077-07-17,299.13937
2077-07-18,299.16165
2077-07-19,299.18396
2077-07-20,299.20627
2077-07-21,299.22855
2077-07-22,299.25085
2077-07-23,299.27316
2077-07-24,299.29544
2077-07-25,299.31775
2077-07-26,299.34003
2077-07-27,299.36234
2077-07-28,299.38464
2077-07-29,299.40692
2077-07-30,299.42923
2077-07-31,299.45154
2077-08-01,299.47382
2077-08-02,299.49612
2077-08-03,299.51843
2077-08-04,299.5407
2077-08-05,299.56302
2077-08-06,299.58533
2077-08-07,299.6076
2077-08-08,299.6299
2077-08-09,299.6522
2077-08-10,299.6745
2077-08-11,299.6968
2077-08-12,299.7191
2077-08-13,299.7414
2077-08-14,299.7637
2077-08-15,299.78598
2077-08-16,299.8083
2077-08-17,298.25488
2077-08-18,296.70148
2077-08-19,295.14804
2077-08-20,293.59464
2077-08-21,292.04123
2077-08-22,290.48782
2077-08-23,288.93442
2077-08-24,287.38098
2077-08-25,285.82758
2077-08-26,284.27417
2077-08-27,282.72076
2077-08-28,281.16736
2077-08-29,279.61392
2077-08-30,278.06052
2077-08-31,276.5071
2077-09-01,274.9537
2077-09-02,273.4003
2077-09-03,271.8469
2077-09-04,270.29346
2077-09-05,268.74005
2077-09-06,267.18665
2077-09-07,265.63324
2077-09-08,264.07983
2077-09-09,262.5264
2077-09-10,260.973
2077-09-11,259.4196
2077-09-12,257.86618
2077-09-13,256.31277
2077-09-14,254.75935
2077-09-15,253.20593
2077-09-16,251.65253
2077-09-17,250.87578
2077-09-18,250.09903
2077-09-19,249.3223
2077-09-20,248.54555
2077-09-21,247.7688
2077-09-22,246.99205
2077-09-23,246.21532
2077-09-24,245.43857
2077-09-25,244.66182
2077-09-26,243.88507
2077-09-27,243.10834
2077-09-28,242.33159
2077-09-29,241.55484
2077-09-30,240.77809
2077-10-01,240.00134
2077-10-02,239.22461
2077-10-03,238.44786
2077-10-04,237.67111
2077-10-05,236.89436
2077-10-06,236.11763
2077-10-07,235.34088
2077-10-08,234.56413
2077-10-09,233.78738
2077-10-10,233.01065
2077-10-11,232.2339
2077-10-12,231.45715
2077-10-13,230.6804
2077-10-14,229.90367
2077-10-15,229.12692
2077-10-16,228.35017
2077-10-17,227.04886
2077-10-18,225.74754
2077-10-19,224.44623
2077-10-20,223.1449
2077-10-21,221.84358
2077-10-22,220.54227
2077-10-23,219.24095
2077-10-24,217.93964
2077-10-25,216.63832
2077-10-26,215.33699
2077-10-27,214.03568
2077-10-28,212.73436
2077-10-29,211.43304
2077-10-30,210.13173
2077-10-31,208.83041
2077-11-01,207.52908
2077-11-02,206.22777
2077-11-03,204.92645
2077-11-04,203.62514
2077-11-05,202.32382
2077-11-06,201.0225
2077-11-07,199.72118
2077-11-08,198.41986
2077-11-09,197.11855
2077-11-10,195.81723
2077-11-11,194.51591
2077-11-12,193.2146
2077-11-13,191.91327
2077-11-14,190.61195
2077-11-15,189.31064
2077-11-16,188.00932
2077-11-17,187.34244
2077-11-18,186.67557
2077-11-19,186.00868
2077-11-20,185.34181
2077-11-21,184.67493
2077-11-22,184.00806
2077-11-23,183.34117
2077-11-24,182.6743
2077-11-25,182.00742
2077-11-26,181.34055
2077-11-27,180.67366
2077-11-28,180.00679
2077-11-29,179.3399
2077-11-30,178.67303
2077-12-01,178.00615
2077-12-02,177.33926
2077-12-03,176.6724
2077-12-04,176.00551
2077-12-05,175.33864
2077-12-06,174.67175
2077-12-07,174.00488
2077-12-08,173.338
2077-12-09,172.67113
2077-12-10,172.00424
2077-12-11,171.33737
2077-12-12,170.67049
2077-12-13,170.00362
2077-12-14,169.33673
2077-12-15,168.66986
2077-12-16,168.00298
2077-12-17,168.55916
2077-12-18,169.11533
2077-12-19,169.67151
2077-12-20,170.22768
2077-12-21,170.78386
2077-12-22,171.34003
2077-12-23,171.89621
2077-12-24,172.45238
2077-12-25,173.00856
2077-12-26,173.56473
2077-12-27,174.12091
2077-12-28,174.6771
2077-12-29,175.23326
2077-12-30,175.78944
2077-12-31,176.34561
2078-01-01,176.9018
2078-01-02,177.45796
2078-01-03,178.01414
2078-01-04,178.57031
2078-01-05,179.1265
2078-01-06,179.68268
2078-01-07,180.23885
2078-01-08,180.79503
2078-01-09,181.3512
2078-01-10,181.90738
2078-01-11,182.46355
2078-01-12,183.01973
2078-01-13,183.5759
2078-01-14,184.13208
2078-01-15,184.68825
2078-01-16,185.24443
2078-01-17,185.5667
2078-01-18,185.88895
2078-01-19,186.21121
2078-01-20,186.53348
2078-01-21,186.85574
2078-01-22,187.178
2078-01-23,187.50026
2078-01-24,187.82253
2078-01-25,188.14478
2078-01-26,188.46704
2078-01-27,188.7893
2078-01-28,189.11156
2078-01-29,189.43382
2078-01-30,189.75609
2078-01-31,190.07834
2078-02-01,190.4006
2078-02-02,190.72287
2078-02-03,191.04514
2078-02-04,191.36739
2078-02-05,191.68965
2078-02-06,192.01192
2078-02-07,192.33417
2078-02-08,192.65643
2078-02-09,192.9787
2078-02-10,193.30096
2078-02-11,193.62321
2078-02-12,193.94548
2078-02-13,194.26775
2078-02-14,194.59
2078-02-15,194.91226
2078-02-16,197.39026
2078-02-17,199.86826
2078-02-18,202.34625
2078-02-19,204.82425
2078-02-20,207.30225
2078-02-21,209.78024
2078-02-22,212.25824
2078-02-23,214.73622
2078-02-24,217.21422
2078-02-25,219.69221
2078-02-26,222.17021
2078-02-27,224.64821
2078-02-28,227.1262
2078-03-01,229.6042
2078-03-02,232.0822
2078-03-03,234.5602
2078-03-04,237.0382
2078-03-05,239.51619
2078-03-06,241.99419
2078-03-07,244.47218
2078-03-08,246.95018
2078-03-09,249.42816
2078-03-10,251.90616
2078-03-11,254.38416
2078-03-12,256.86215
2078-03-13,259.34015
2078-03-14,261.81815
2078-03-15,264.29614
2078-03-16,266.77414
2078-03-17,266.41547
2078-03-18,266.0568
2078-03-19,265.69812
2078-03-20,265.33942
2078-03-21,264.98074
2078-03-22,264.62207
2078-03-23,264.2634
2078-03-24,263.90472
2078-03-25,263.54605
2078-03-26,263.18738
2078-03-27,262.82867
2078-03-28,262.47
2078-03-29,262.11133
2078-03-30,261.75266
2078-03-31,261.39398
2078-04-01,261.0353
2078-04-02,260.67664
2078-04-03,260.31793
2078-04-04,259.95926
2078-04-05,259.6006
2078-04-06,259.2419
2078-04-07,258.88324
2078-04-08,258.52457
2078-04-09,258.1659
2078-04-10,257.8072
2078-04-11,257.44852
2078-04-12,257.08984
2078-04-13,256.73117
2078-04-14,256.3725
2078-04-15,256.01382
2078-04-16,255.65514
2078-04-17,257.31058
2078-04-18,258.96603
2078-04-19,260.6215
2078-04-20,262.27695
2078-04-21,263.9324
2078-04-22,265.58786
2078-04-23,267.24332
2078-04-24,268.89877
2078-04-25,270.5542
2078-04-26,272.20966
2078-04-27,273.8651
2078-04-28,275.52057
2078-04-29,277.17603
2078-04-30,278.83148
2078-05-01,280.48694
2078-05-02,282.1424
2078-05-03,283.79785
2078-05-04,285.45328
2078-05-05,287.10873
2078-05-06,288.7642
2078-05-07,290.41965
2078-05-08,292.0751
2078-05-09,293.73056
2078-05-10,295.38602
2078-05-11,297.04147
2078-05-12,298.6969
2078-05-13,300.35236
2078-05-14,302.0078
2078-05-15,303.66327
2078-05-16,305.31873
2078-05-17,304.86996
2078-05-18,304.42123
2078-05-19,303.97247
2078-05-20,303.52374
2078-05-21,303.07498
2078-05-22,302.62625
2078-05-23,302.1775
2078-05-24,301.72876
2078-05-25,301.28
2078-05-26,300.83127
2078-05-27,300.3825
2078-05-28,299.93378
2078-05-29,299.48502
2078-05-30,299.0363
2078-05-31,298.58752
2078-06-01,298.1388
2078-06-02,297.69003
2078-06-03,297.2413
2078-06-04,296.79254
2078-06-05,296.3438
2078-06-06,295.89505
2078-06-07,295.44632
2078-06-08,294.99756
2078-06-09,294.54883
2078-06-10,294.10007
2078-06-11,293.65134
2078-06-12,293.20258
2078-06-13,292.75385
2078-06-14,292.30508
2078-06-15,291.85635
2078-06-16,291.4076
2078-06-17,291.57117
2078-06-18,291.73474
2078-06-19,291.89832
2078-06-20,292.0619
2078-06-21,292.22546
2078-06-22,292.38904
2078-06-23,292.5526
2078-06-24,292.7162
2078-06-25,292.87976
2078-06-26,293.04333
2078-06-27,293.2069
2078-06-28,293.37048
2078-06-29,293.53406
2078-06-30,293.69763
2078-07-01,293.8612
2078-07-02,294.02478
2078-07-03,294.18835
2078-07-04,294.35193
2078-07-05,294.5155
2078-07-06,294.67908
2078-07-07,294.84265
2078-07-08,295.00623
2078-07-09,295.1698
2078-07-10,295.33337
2078-07-11,295.49695
2078-07-12,295.66052
2078-07-13,295.8241
2078-07-14,295.98767
2078-07-15,296.15125
2078-07-16,296.31482
2078-07-17,295.3017
2078-07-18,294.28857
2078-07-19,293.27545
2078-07-20,292.26233
2078-07-21,291.2492
2078-07-22,290.23608
2078-07-23,289.22296
2078-07-24,288.20987
2078-07-25,287.19675
2078-07-26,286.18362
2078-07-27,285.1705
2078-07-28,284.15738
2078-07-29,283.14426
2078-07-30,282.13113
2078-07-31,281.118
2078-08-01,280.1049
2078-08-02,279.09177
2078-08-03,278.07864
2078-08-04,277.06552
2078-08-05,276.0524
2078-08-06,275.03928
2078-08-07,274.02615
2078-08-08,273.01303
2078-08-09,271.99994
2078-08-10,270.98682
2078-08-11,269.9737
2078-08-12,268.96057
2078-08-13,267.94745
2078-08-14,266.93433
2078-08-15,265.9212
2078-08-16,264.90808
2078-08-17,264.28848
2078-08-18,263.66888
2078-08-19,263.0493
2078-08-20,262.4297
2078-08-21,261.8101
2078-08-22,261.1905
2078-08-23,260.5709
2078-08-24,259.9513
2078-08-25,259.3317
2078-08-26,258.7121
2078-08-27,258.0925
2078-08-28,257.4729
2078-08-29,256.8533
2078-08-30,256.2337
2078-08-31,255.6141
2078-09-01,254.99452
2078-09-02,254.37492
2078-09-03,253.75533
2078-09-04,253.13573
2078-09-05,252.51613
2078-09-06,251.89653
2078-09-07,251.27693
2078-09-08,250.65733
2078-09-09,250.03773
2078-09-10,249.41814
2078-09-11,248.79854
2078-09-12,248.17894
2078-09-13,247.55934
2078-09-14,246.93974
2078-09-15,246.32014
2078-09-16,245.70055
2078-09-17,245.11087
2078-09-18,244.5212
2078-09-19,243.93152
2078-09-20,243.34186
2078-09-21,242.75218
2078-09-22,242.1625
2078-09-23,241.57283
2078-09-24,240.98315
2078-09-25,240.3935
2078-09-26,239.80382
2078-09-27,239.21414
2078-09-28,238.62447
2078-09-29,238.03479
2078-09-30,237.44511
2078-10-01,236.85544
2078-10-02,236.26578
2078-10-03,235.6761
2078-10-04,235.08643
2078-10-05,234.49675
2078-10-06,233.90707
2078-10-07,233.31741
2078-10-08,232.72774
2078-10-09,232.13806
2078-10-10,231.54839
2078-10-11,230.95871
2078-10-12,230.36903
2078-10-13,229.77936
2078-10-14,229.1897
2078-10-15,228.60002
2078-10-16,228.01035
2078-10-17,226.54016
2078-10-18,225.06998
2078-10-19,223.5998
2078-10-20,222.12961
2078-10-21,220.65942
2078-10-22,219.18924
2078-10-23,217.71906
2078-10-24,216.24887
2078-10-25,214.77869
2078-10-26,213.3085
2078-10-27,211.83832
2078-10-28,210.36813
2078-10-29,208.89795
2078-10-30,207.42776
2078-10-31,205.95758
2078-11-01,204.48741
2078-11-02,203.01723
2078-11-03,201.54704
2078-11-04,200.07686
2078-11-05,198.60667
2078-11-06,197.13649
2078-11-07,195.6663
2078-11-08,194.19612
2078-11-09,192.72594
2078-11-10,191.25575
2078-11-11,189.78557
2078-11-12,188.31538
2078-11-13,186.8452
2078-11-14,185.37502
2078-11-15,183.90483
2078-11-16,182.43465
2078-11-17,181.63788
2078-11-18,180.84111
2078-11-19,180.04436
2078-11-20,179.24759
2078-11-21,178.45082
2078-11-22,177.65405
2078-11-23,176.85728
2078-11-24,176.06053
2078-11-25,175.26376
2078-11-26,174.467
2078-11-27,173.67023
2078-11-28,172.87346
2078-11-29,172.0767
2078-11-30,171.27994
2078-12-01,170.48317
2078-12-02,169.6864
2078-12-03,168.88963
2078-12-04,168.09288
2078-12-05,167.29611
2078-12-06,166.49934
2078-12-07,165.70258
2078-12-08,164.9058
2078-12-09,164.10905
2078-12-10,163.31229
2078-12-11,162.51552
2078-12-12,161.71875
2078-12-13,160.92198
2078-12-14,160.12523
2078-12-15,159.32846
2078-12-16,158.5317
2078-12-17,158.58218
2078-12-18,158.63266
2078-12-19,158.68315
2078-12-20,158.73363
2078-12-21,158.78412
2078-12-22,158.8346
2078-12-23,158.88509
2078-12-24,158.93556
2078-12-25,158.98605
2078-12-26,159.03653
2078-12-27,159.08702
2078-12-28,159.1375
2078-12-29,159.18799
2078-12-30,159.23846
2078-12-31,159.28896
2079-01-01,159.33943
2079-01-02,159.38992
2079-01-03,159.4404
2079-01-04,159.49089
2079-01-05,159.54137
2079-01-06,159.59186
2079-01-07,159.64233
2079-01-08,159.69283
2079-01-09,159.7433
2079-01-10,159.7938
2079-01-11,159.84427
2079-01-12,159.89476
2079-01-13,159.94524
2079-01-14,159.99573
2079-01-15,160.0462
2079-01-16,160.0967
2079-01-17,161.6664
2079-01-18,163.23611
2079-01-19,164.80582
2079-01-20,166.37553
2079-01-21,167.94524
2079-01-22,169.51495
2079-01-23,171.08466
2079-01-24,172.65436
2079-01-25,174.22408
2079-01-26,175.79378
2079-01-27,177.3635
2079-01-28,178.9332
2079-01-29,180.50291
2079-01-30,182.07262
2079-01-31,183.64233
2079-02-01,185.21204
2079-02-02,186.78174
2079-02-03,188.35146
2079-02-04,189.92116
2079-02-05,191.49088
2079-02-06,193.06058
2079-02-07,194.6303
2079-02-08,196.2
2079-02-09,197.7697
2079-02-10,199.33942
2079-02-11,200.90912
2079-02-12,202.47884
2079-02-13,204.04854
2079-02-14,205.61826
2079-02-15,207.18796
2079-02-16,208.36316
2079-02-17,209.53836
2079-02-18,210.71355
2079-02-19,211.88875
2079-02-20,213.06395
2079-02-21,214.23915
2079-02-22,215.41435
2079-02-23,216.58954
2079-02-24,217.76474
2079-02-25,218.93994
2079-02-26,220.11514
2079-02-27,221.29034
2079-02-28,222.46553
2079-03-01,223.64073
2079-03-02,224.81593
2079-03-03,225.99113
2079-03-04,227.16632
2079-03-05,228.34152
2079-03-06,229.51672
2079-03-07,230.69193
2079-03-08,231.86713
2079-03-09,233.04231
2079-03-10,234.21751
2079-03-11,235.39272
2079-03-12,236.56792
2079-03-13,237.74312
2079-03-14,238.9183
2079-03-15,240.0935
2079-03-16,241.2687
2079-03-17,242.61807
2079-03-18,243.96742
2079-03-19,245.31679
2079-03-20,246.66614
2079-03-21,248.0155
2079-03-22,249.36487
2079-03-23,250.71422
2079-03-24,252.06358
2079-03-25,253.41295
2079-03-26,254.7623
2079-03-27,256.11166
2079-03-28,257.46103
2079-03-29,258.81036
2079-03-30,260.15973
2079-03-31,261.5091
2079-04-01,262.85846
2079-04-02,264.20782
2079-04-03,265.5572
2079-04-04,266.90652
2079-04-05,268.2559
2079-04-06,269.60526
2079-04-07,270.95462
2079-04-08,272.304
2079-04-09,273.65332
2079-04-10,275.0027
2079-04-11,276.35205
2079-04-12,277.70142
2079-04-13,279.05078
2079-04-14,280.40012
2079-04-15,281.74948
2079-04-16,283.09885
2079-04-17,283.89197
2079-04-18,284.6851
2079-04-19,285.4782
2079-04-20,286.27133
2079-04-21,287.06445
2079-04-22,287.85757
2079-04-23,288.6507
2079-04-24,289.44382
2079-04-25,290.23694
2079-04-26,291.03006
2079-04-27,291.82318
2079-04-28,292.6163
2079-04-29,293.40942
2079-04-30,294.20255
2079-05-01,294.99567
2079-05-02,295.78876
2079-05-03,296.58188
2079-05-04,297.375
2079-05-05,298.16812
2079-05-06,298.96124
2079-05-07,299.75436
2079-05-08,300.5475
2079-05-09,301.3406
2079-05-10,302.13373
2079-05-11,302.92685
2079-05-12,303.71997
2079-05-13,304.5131
2079-05-14,305.3062
2079-05-15,306.09933
2079-05-16,306.89246
2079-05-17,306.90332
2079-05-18,306.91415
2079-05-19,306.92502
2079-05-20,306.93588
2079-05-21,306.94675
2079-05-22,306.95758
2079-05-23,306.96844
2079-05-24,306.9793
2079-05-25,306.99014
2079-05-26,307.001
2079-05-27,307.01187
2079-05-28,307.02274
2079-05-29,307.03357
2079-05-30,307.04443
2079-05-31,307.0553
2079-06-01,307.06613
2079-06-02,307.077
2079-06-03,307.08786
2079-06-04,307.0987
2079-06-05,307.10956
2079-06-06,307.12042
2079-06-07,307.1313
2079-06-08,307.14212
2079-06-09,307.15298
2079-06-10,307.16385
2079-06-11,307.17468
2079-06-12,307.18555
2079-06-13,307.1964
2079-06-14,307.20728
2079-06-15,307.2181
2079-06-16,307.22897
2079-06-17,306.4082
2079-06-18,305.58743
2079-06-19,304.7667
2079-06-20,303.94592
2079-06-21,303.12515
2079-06-22,302.30438
2079-06-23,301.4836
2079-06-24,300.66287
2079-06-25,299.8421
2079-06-26,299.02133
2079-06-27,298.20056
2079-06-28,297.3798
2079-06-29,296.55905
2079-06-30,295.73828
2079-07-01,294.9175
2079-07-02,294.09674
2079-07-03,293.27597
2079-07-04,292.45523
2079-07-05,291.63446
2079-07-06,290.8137
2079-07-07,289.99292
2079-07-08,289.17215
2079-07-09,288.3514
2079-07-10,287.53064
2079-07-11,286.70987
2079-07-12,285.8891
2079-07-13,285.06833
2079-07-14,284.2476
2079-07-15,283.42682
2079-07-16,282.60605
2079-07-17,281.71338
2079-07-18,280.82074
2079-07-19,279.92807
2079-07-20,279.0354
2079-07-21,278.14276
2079-07-22,277.2501
2079-07-23,276.35742
2079-07-24,275.46478
2079-07-25,274.5721
2079-07-26,273.67944
2079-07-27,272.7868
2079-07-28,271.89413
2079-07-29,271.00146
2079-07-30,270.10883
2079-07-31,269.21616
2079-08-01,268.3235
2079-08-02,267.43082
2079-08-03,266.53818
2079-08-04,265.6455
2079-08-05,264.75284
2079-08-06,263.8602
2079-08-07,262.96753
2079-08-08,262.07486
2079-08-09,261.18222
2079-08-10,260.28955
2079-08-11,259.39688
2079-08-12,258.50424
2079-08-13,257.61157
2079-08-14,256.7189
2079-08-15,255.82625
2079-08-16,254.9336
2079-08-17,254.90948
2079-08-18,254.88539
2079-08-19,254.86128
2079-08-20,254.83719
2079-08-21,254.81308
2079-08-22,254.78899
2079-08-23,254.76488
2079-08-24,254.74078
2079-08-25,254.71667
2079-08-26,254.69258
2079-08-27,254.66847
2079-08-28,254.64436
2079-08-29,254.62027
2079-08-30,254.59616
2079-08-31,254.57207
2079-09-01,254.54796
2079-09-02,254.52386
2079-09-03,254.49976
2079-09-04,254.47566
2079-09-05,254.45155
2079-09-06,254.42744
2079-09-07,254.40335
2079-09-08,254.37924
2079-09-09,254.35515
2079-09-10,254.33104
2079-09-11,254.30695
2079-09-12,254.28284
2079-09-13,254.25874
2079-09-14,254.23463
2079-09-15,254.21054
2079-09-16,254.18643
2079-09-17,251.88545
2079-09-18,249.58449
2079-09-19,247.28351
2079-09-20,244.98253
2079-09-21,242.68156
2079-09-22,240.38058
2079-09-23,238.07962
2079-09-24,235.77864
2079-09-25,233.47766
2079-09-26,231.1767
2079-09-27,228.87572
2079-09-28,226.57474
2079-09-29,224.27377
2079-09-30,221.9728
2079-10-01,219.67181
2079-10-02,217.37085
2079-10-03,215.06987
2079-10-04,212.7689
2079-10-05,210.46793
2079-10-06,208.16695
2079-10-07,205.86598
2079-10-08,203.565
2079-10-09,201.26402
2079-10-10,198.96306
2079-10-11,196.66208
2079-10-12,194.36111
2079-10-13,192.06013
2079-10-14,189.75916
2079-10-15,187.45819
2079-10-16,185.15721
2079-10-17,185.09505
2079-10-18,185.03288
2079-10-19,184.97073
2079-10-20,184.90857
2079-10-21,184.8464
2079-10-22,184.78424
2079-10-23,184.72209
2079-10-24,184.65993
2079-10-25,184.59776
2079-10-26,184.5356
2079-10-27,184.47343
2079-10-28,184.41129
2079-10-29,184.34912
2079-10-30,184.28696
2079-10-31,184.2248
2079-11-01,184.16264
2079-11-02,184.10048
2079-11-03,184.03831
2079-11-04,183.97615
2079-11-05,183.914
2079-11-06,183.85184
2079-11-07,183.78967
2079-11-08,183.72751
2079-11-09,183.66534
2079-11-10,183.6032
2079-11-11,183.54103
2079-11-12,183.47887
2079-11-13,183.4167
2079-11-14,183.35455
2079-11-15,183.29239
2079-11-16,183.23022
2079-11-17,182.66838
2079-11-18,182.10654
2079-11-19,181.5447
2079-11-20,180.98285
2079-11-21,180.421
2079-11-22,179.85916
2079-11-23,179.29732
2079-11-24,178.73547
2079-11-25,178.17363
2079-11-26,177.61179
2079-11-27,177.04994
2079-11-28,176.4881
2079-11-29,175.92625
2079-11-30,175.36441
2079-12-01,174.80258
2079-12-02,174.24074
2079-12-03,173.6789
2079-12-04,173.11705
2079-12-05,172.5552
2079-12-06,171.99336
2079-12-07,171.43152
2079-12-08,170.86967
2079-12-09,170.30783
2079-12-10,169.74599
2079-12-11,169.18414
2079-12-12,168.6223
2079-12-13,168.06046
2079-12-14,167.49861
2079-12-15,166.93677
2079-12-16,166.37492
2079-12-17,166.48402
2079-12-18,166.59312
2079-12-19,166.70222
2079-12-20,166.81131
2079-12-21,166.92041
2079-12-22,167.02951
2079-12-23,167.13861
2079-12-24,167.24771
2079-12-25,167.35681
2079-12-26,167.4659
2079-12-27,167.575
2079-12-28,167.6841
2079-12-29,167.7932
2079-12-30,167.9023
2079-12-31,168.0114
2080-01-01,168.12048
2080-01-02,168.22958
2080-01-03,168.33868
2080-01-04,168.44778
2080-01-05,168.55688
2080-01-06,168.66599
2080-01-07,168.77507
2080-01-08,168.88417
2080-01-09,168.99327
2080-01-10,169.10237
2080-01-11,169.21147
2080-01-12,169.32057
2080-01-13,169.42966
2080-01-14,169.53876
2080-01-15,169.64786
2080-01-16,169.75696
2080-01-17,170.9957
2080-01-18,172.23444
2080-01-19,173.47318
2080-01-20,174.7119
2080-01-21,175.95064
2080-01-22,177.18938
2080-01-23,178.42812
2080-01-24,179.66685
2080-01-25,180.90558
2080-01-26,182.14432
2080-01-27,183.38306
2080-01-28,184.6218
2080-01-29,185.86053
2080-01-30,187.09927
2080-01-31,188.33801
2080-02-01,189.57674
2080-02-02,190.81548
2080-02-03,192.05421
2080-02-04,193.29295
2080-02-05,194.5317
2080-02-06,195.77042
2080-02-07,197.00916
2080-02-08,198.2479
2080-02-09,199.48663
2080-02-10,200.72537
2080-02-11,201.96411
2080-02-12,203.20285
2080-02-13,204.44157
2080-02-14,205.68031
2080-02-15,206.91905
2080-02-16,208.28319
2080-02-17,209.64731
2080-02-18,211.01144
2080-02-19,212.37558
2080-02-20,213.7397
2080-02-21,215.10384
2080-02-22,216.46797
2080-02-23,217.83209
2080-02-24,219.19623
2080-02-25,220.56036
2080-02-26,221.92448
2080-02-27,223.28862
2080-02-28,224.65276
2080-02-29,226.01688
2080-03-01,227.38101
2080-03-02,228.74515
2080-03-03,230.10927
2080-03-04,231.4734
2080-03-05,232.83754
2080-03-06,234.20166
2080-03-07,235.5658
2080-03-08,236.92993
2080-03-09,238.29405
2080-03-10,239.65819
2080-03-11,241.02232
2080-03-12,242.38644
2080-03-13,243.75058
2080-03-14,245.11472
2080-03-15,246.47884
2080-03-16,247.84297
2080-03-17,248.50665
2080-03-18,249.17033
2080-03-19,249.83403
2080-03-20,250.49771
2080-03-21,251.16139
2080-03-22,251.82507
2080-03-23,252.48875
2080-03-24,253.15245
2080-03-25,253.81613
2080-03-26,254.47981
2080-03-27,255.1435
2080-03-28,255.80717
2080-03-29,256.47086
2080-03-30,257.13455
2080-03-31,257.79822
2080-04-01,258.4619
2080-04-02,259.1256
2080-04-03,259.78928
2080-04-04,260.45297
2080-04-05,261.11664
2080-04-06,261.78033
2080-04-07,262.44403
2080-04-08,263.1077
2080-04-09,263.7714
2080-04-10,264.43506
2080-04-11,265.09875
2080-04-12,265.76245
2080-04-13,266.42612
2080-04-14,267.0898
2080-04-15,267.75348
2080-04-16,268.41718
2080-04-17,269.50357
2080-04-18,270.58997
2080-04-19,271.6764
2080-04-20,272.7628
2080-04-21,273.84918
2080-04-22,274.93558
2080-04-23,276.022
2080-04-24,277.1084
2080-04-25,278.1948
2080-04-26,279.2812
2080-04-27,280.3676
2080-04-28,281.454
2080-04-29,282.5404
2080-04-30,283.6268
2080-05-01,284.7132
2080-05-02,285.79962
2080-05-03,286.88602
2080-05-04,287.9724
2080-05-05,289.0588
2080-05-06,290.14523
2080-05-07,291.23163
2080-05-08,292.31802
2080-05-09,293.40442
2080-05-10,294.49084
2080-05-11,295.57724
2080-05-12,296.66364
2080-05-13,297.75003
2080-05-14,298.83646
2080-05-15,299.92285
2080-05-16,301.00925
2080-05-17,300.389
2080-05-18,299.76874
2080-05-19,299.1485
2080-05-20,298.52826
2080-05-21,297.90802
2080-05-22,297.28775
2080-05-23,296.6675
2080-05-24,296.04727
2080-05-25,295.42703
2080-05-26,294.80676
2080-05-27,294.18652
2080-05-28,293.56628
2080-05-29,292.94604
2080-05-30,292.32578
2080-05-31,291.70554
2080-06-01,291.0853
2080-06-02,290.46506
2080-06-03,289.8448
2080-06-04,289.22455
2080-06-05,288.6043
2080-06-06,287.98407
2080-06-07,287.3638
2080-06-08,286.74356
2080-06-09,286.12332
2080-06-10,285.50308
2080-06-11,284.8828
2080-06-12,284.26257
2080-06-13,283.64233
2080-06-14,283.0221
2080-06-15,282.40182
2080-06-16,281.7816
2080-06-17,282.25726
2080-06-18,282.73294
2080-06-19,283.20862
2080-06-20,283.6843
2080-06-21,284.15997
2080-06-22,284.63565
2080-06-23,285.11133
2080-06-24,285.587
2080-06-25,286.06268
2080-06-26,286.53836
2080-06-27,287.01404
2080-06-28,287.48972
2080-06-29,287.9654
2080-06-30,288.44107
2080-07-01,288.91675
2080-07-02,289.39246
2080-07-03,289.86813
2080-07-04,290.3438
2080-07-05,290.8195
2080-07-06,291.29517
2080-07-07,291.77084
2080-07-08,292.24652
2080-07-09,292.7222
2080-07-10,293.19788
2080-07-11,293.67355
2080-07-12,294.14923
2080-07-13,294.6249
2080-07-14,295.1006
2080-07-15,295.57626
2080-07-16,296.05194
2080-07-17,295.70734
2080-07-18,295.36276
2080-07-19,295.01816
2080-07-20,294.67355
2080-07-21,294.32898
2080-07-22,293.98438
2080-07-23,293.63977
2080-07-24,293.2952
2080-07-25,292.9506
2080-07-26,292.606
2080-07-27,292.2614
2080-07-28,291.9168
2080-07-29,291.5722
2080-07-30,291.22763
2080-07-31,290.88303
2080-08-01,290.53842
2080-08-02,290.19382
2080-08-03,289.84924
2080-08-04,289.50464
2080-08-05,289.16003
2080-08-06,288.81546
2080-08-07,288.47086
2080-08-08,288.12625
2080-08-09,287.78168
2080-08-10,287.43707
2080-08-11,287.09247
2080-08-12,286.7479
2080-08-13,286.4033
2080-08-14,286.0587
2080-08-15,285.7141
2080-08-16,285.3695
2080-08-17,284.6359
2080-08-18,283.90228
2080-08-19,283.16864
2080-08-20,282.43503
2080-08-21,281.70142
2080-08-22,280.9678
2080-08-23,280.23416
2080-08-24,279.50055
2080-08-25,278.76694
2080-08-26,278.03333
2080-08-27,277.2997
2080-08-28,276.56607
2080-08-29,275.83246
2080-08-30,275.09885
2080-08-31,274.36523
2080-09-01,273.6316
2080-09-02,272.89798
2080-09-03,272.16437
2080-09-04,271.43076
2080-09-05,270.6971
2080-09-06,269.9635
2080-09-07,269.2299
2080-09-08,268.49628
2080-09-09,267.76266
2080-09-10,267.02902
2080-09-11,266.2954
2080-09-12,265.5618
2080-09-13,264.8282
2080-09-14,264.09454
2080-09-15,263.36093
2080-09-16,262.62732
2080-09-17,261.16165
2080-09-18,259.69598
2080-09-19,258.2303
2080-09-20,256.76462
2080-09-21,255.29895
2080-09-22,253.83327
2080-09-23,252.36758
2080-09-24,250.90192
2080-09-25,249.43625
2080-09-26,247.97057
2080-09-27,246.50488
2080-09-28,245.03922
2080-09-29,243.57355
2080-09-30,242.10786
2080-10-01,240.64218
2080-10-02,239.17651
2080-10-03,237.71085
2080-10-04,236.24516
2080-10-05,234.77948
2080-10-06,233.31381
2080-10-07,231.84814
2080-10-08,230.38246
2080-10-09,228.91678
2080-10-10,227.45111
2080-10-11,225.98544
2080-10-12,224.51976
2080-10-13,223.05408
2080-10-14,221.58841
2080-10-15,220.12274
2080-10-16,218.65706
2080-10-17,217.67317
2080-10-18,216.68927
2080-10-19,215.70538
2080-10-20,214.72148
2080-10-21,213.7376
2080-10-22,212.7537
2080-10-23,211.7698
2080-10-24,210.7859
2080-10-25,209.80202
2080-10-26,208.81812
2080-10-27,207.83423
2080-10-28,206.85034
2080-10-29,205.86644
2080-10-30,204.88255
2080-10-31,203.89865
2080-11-01,202.91476
2080-11-02,201.93086
2080-11-03,200.94698
2080-11-04,199.96307
2080-11-05,198.97919
2080-11-06,197.9953
2080-11-07,197.0114
2080-11-08,196.02751
2080-11-09,195.04361
2080-11-10,194.05972
2080-11-11,193.07582
2080-11-12,192.09193
2080-11-13,191.10803
2080-11-14,190.12415
2080-11-15,189.14024
2080-11-16,188.15636
2080-11-17,187.07347
2080-11-18,185.99059
2080-11-19,184.90771
2080-11-20,183.82483
2080-11-21,182.74194
2080-11-22,181.65906
2080-11-23,180.57617
2080-11-24,179.49329
2080-11-25,178.4104
2080-11-26,177.32753
2080-11-27,176.24464
2080-11-28,175.16176
2080-11-29,174.07887
2080-11-30,172.99599
2080-12-01,171.91312
2080-12-02,170.83023
2080-12-03,169.74734
2080-12-04,168.66446
2080-12-05,167.58157
2080-12-06,166.49869
2080-12-07,165.4158
2080-12-08,164.33293
2080-12-09,163.25005
2080-12-10,162.16716
2080-12-11,161.08427
2080-12-12,160.00139
2080-12-13,158.91852
2080-12-14,157.83563
2080-12-15,156.75275
2080-12-16,155.66986
2080-12-17,155.10298
2080-12-18,154.53612
2080-12-19,153.96924
2080-12-20,153.40236
2080-12-21,152.83548
2080-12-22,152.26862
2080-12-23,151.70174
2080-12-24,151.13486
2080-12-25,150.568
2080-12-26,150.00111
2080-12-27,149.43423
2080-12-28,148.86736
2080-12-29,148.30049
2080-12-30,147.73361
2080-12-31,147.16673
2081-01-01,146.59987
2081-01-02,146.03299
2081-01-03,145.46611
2081-01-04,144.89925
2081-01-05,144.33237
2081-01-06,143.76549
2081-01-07,143.19861
2081-01-08,142.63174
2081-01-09,142.06487
2081-01-10,141.49799
2081-01-11,140.93112
2081-01-12,140.36424
2081-01-13,139.79736
2081-01-14,139.23048
2081-01-15,138.66362
2081-01-16,138.09674
2081-01-17,139.39516
2081-01-18,140.69359
2081-01-19,141.992
2081-01-20,143.29042
2081-01-21,144.58884
2081-01-22,145.88727
2081-01-23,147.18568
2081-01-24,148.4841
2081-01-25,149.78252
2081-01-26,151.08095
2081-01-27,152.37936
2081-01-28,153.67778
2081-01-29,154.9762
2081-01-30,156.27463
2081-01-31,157.57304
2081-02-01,158.87146
2081-02-02,160.16989
2081-02-03,161.4683
2081-02-04,162.76672
2081-02-05,164.06514
2081-02-06,165.36357
2081-02-07,166.66199
2081-02-08,167.9604
2081-02-09,169.25882
2081-02-10,170.55725
2081-02-11,171.85567
2081-02-12,173.15408
2081-02-13,174.4525
2081-02-14,175.75093
2081-02-15,177.04935
2081-02-16,179.44586
2081-02-17,181.84238
2081-02-18,184.2389
2081-02-19,186.63542
2081-02-20,189.03194
2081-02-21,191.42845
2081-02-22,193.82498
2081-02-23,196.2215
2081-02-24,198.61801
2081-02-25,201.01453
2081-02-26,203.41106
2081-02-27,205.80757
2081-02-28,208.20409
2081-03-01,210.6006
2081-03-02,212.99713
2081-03-03,215.39365
2081-03-04,217.79016
2081-03-05,220.18668
2081-03-06,222.5832
2081-03-07,224.97972
2081-03-08,227.37624
2081-03-09,229.77275
2081-03-10,232.16928
2081-03-11,234.5658
2081-03-12,236.96231
2081-03-13,239.35883
2081-03-14,241.75536
2081-03-15,244.15187
2081-03-16,246.54839
2081-03-17,246.88782
2081-03-18,247.22725
2081-03-19,247.56667
2081-03-20,247.9061
2081-03-21,248.24553
2081-03-22,248.58496
2081-03-23,248.9244
2081-03-24,249.26381
2081-03-25,249.60324
2081-03-26,249.94267
2081-03-27,250.2821
2081-03-28,250.62154
2081-03-29,250.96095
2081-03-30,251.30038
2081-03-31,251.63982
2081-04-01,251.97925
2081-04-02,252.31868
2081-04-03,252.65811
2081-04-04,252.99753
2081-04-05,253.33696
2081-04-06,253.67639
2081-04-07,254.01582
2081-04-08,254.35526
2081-04-09,254.69467
2081-04-10,255.0341
2081-04-11,255.37354
2081-04-12,255.71297
2081-04-13,256.0524
2081-04-14,256.3918
2081-04-15,256.73126
2081-04-16,257.07068
2081-04-17,258.68726
2081-04-18,260.30383
2081-04-19,261.92038
2081-04-20,263.53696
2081-04-21,265.15353
2081-04-22,266.7701
2081-04-23,268.3867
2081-04-24,270.00323
2081-04-25,271.6198
2081-04-26,273.2364
2081-04-27,274.85297
2081-04-28,276.46954
2081-04-29,278.0861
2081-04-30,279.70267
2081-05-01,281.31924
2081-05-02,282.93582
2081-05-03,284.5524
2081-05-04,286.16895
2081-05-05,287.78552
2081-05-06,289.4021
2081-05-07,291.01868
2081-05-08,292.63525
2081-05-09,294.2518
2081-05-10,295.86838
2081-05-11,297.48495
2081-05-12,299.10153
2081-05-13,300.7181
2081-05-14,302.33466
2081-05-15,303.95123
2081-05-16,305.5678
2081-05-17,305.58826
2081-05-18,305.6087
2081-05-19,305.62915
2081-05-20,305.64957
2081-05-21,305.67
2081-05-22,305.69046
2081-05-23,305.7109
2081-05-24,305.73135
2081-05-25,305.7518
2081-05-26,305.77222
2081-05-27,305.79266
2081-05-28,305.8131
2081-05-29,305.83356
2081-05-30,305.854
2081-05-31,305.87445
2081-06-01,305.89487
2081-06-02,305.9153
2081-06-03,305.93576
2081-06-04,305.9562
2081-06-05,305.97665
2081-06-06,305.9971
2081-06-07,306.01752
2081-06-08,306.03796
2081-06-09,306.0584
2081-06-10,306.07886
2081-06-11,306.0993
2081-06-12,306.11975
2081-06-13,306.14017
2081-06-14,306.1606
2081-06-15,306.18106
2081-06-16,306.2015
2081-06-17,304.85886
2081-06-18,303.5162
2081-06-19,302.17352
2081-06-20,300.83087
2081-06-21,299.48822
2081-06-22,298.14557
2081-06-23,296.80292
2081-06-24,295.46024
2081-06-25,294.11758
2081-06-26,292.77493
2081-06-27,291.43228
2081-06-28,290.08963
2081-06-29,288.74695
2081-06-30,287.4043
2081-07-01,286.06165
2081-07-02,284.719
2081-07-03,283.37634
2081-07-04,282.03366
2081-07-05,280.691
2081-07-06,279.34836
2081-07-07,278.0057
2081-07-08,276.66306
2081-07-09,275.32037
2081-07-10,273.97772
2081-07-11,272.63507
2081-07-12,271.29242
2081-07-13,269.94977
2081-07-14,268.6071
2081-07-15,267.26443
2081-07-16,265.92178
2081-07-17,266.755
2081-07-18,267.58823
2081-07-19,268.42145
2081-07-20,269.25467
2081-07-21,270.0879
2081-07-22,270.9211
2081-07-23,271.75433
2081-07-24,272.5876
2081-07-25,273.4208
2081-07-26,274.25403
2081-07-27,275.08725
2081-07-28,275.92047
2081-07-29,276.7537
2081-07-30,277.5869
2081-07-31,278.42014
2081-08-01,279.25336
2081-08-02,280.08658
2081-08-03,280.9198
2081-08-04,281.75302
2081-08-05,282.58624
2081-08-06,283.41946
2081-08-07,284.2527
2081-08-08,285.0859
2081-08-09,285.91916
2081-08-10,286.75238
2081-08-11,287.5856
2081-08-12,288.41882
2081-08-13,289.25204
2081-08-14,290.08527
2081-08-15,290.9185
2081-08-16,291.7517
2081-08-17,290.94412
2081-08-18,290.13654
2081-08-19,289.32895
2081-08-20,288.52136
2081-08-21,287.71378
2081-08-22,286.9062
2081-08-23,286.0986
2081-08-24,285.29102
2081-08-25,284.48343
2081-08-26,283.67584
2081-08-27,282.86826
2081-08-28,282.06067
2081-08-29,281.25308
2081-08-30,280.4455
2081-08-31,279.6379
2081-09-01,278.83035
2081-09-02,278.02277
2081-09-03,277.21518
2081-09-04,276.4076
2081-09-05,275.6
2081-09-06,274.79242
2081-09-07,273.98483
2081-09-08,273.17725
2081-09-09,272.36966
2081-09-10,271.56207
2081-09-11,270.7545
2081-09-12,269.9469
2081-09-13,269.1393
2081-09-14,268.33173
2081-09-15,267.52414
2081-09-16,266.71655
2081-09-17,264.83936
2081-09-18,262.96216
2081-09-19,261.08496
2081-09-20,259.20776
2081-09-21,257.33057
2081-09-22,255.45337
2081-09-23,253.57617
2081-09-24,251.69896
2081-09-25,249.82176
2081-09-26,247.94456
2081-09-27,246.06737
2081-09-28,244.19017
2081-09-29,242.31297
2081-09-30,240.43578
2081-10-01,238.55858
2081-10-02,236.68138
2081-10-03,234.80418
2081-10-04,232.92699
2081-10-05,231.04979
2081-10-06,229.17259
2081-10-07,227.2954
2081-10-08,225.4182
2081-10-09,223.54099
2081-10-10,221.66379
2081-10-11,219.78659
2081-10-12,217.9094
2081-10-13,216.0322
2081-10-14,214.155
2081-10-15,212.2778
2081-10-16,210.4006
2081-10-17,209.33499
2081-10-18,208.26936
2081-10-19,207.20375
2081-10-20,206.13814
2081-10-21,205.07251
2081-10-22,204.0069
2081-10-23,202.94128
2081-10-24,201.87566
2081-10-25,200.81004
2081-10-26,199.74443
2081-10-27,198.6788
2081-10-28,197.61319
2081-10-29,196.54758
2081-10-30,195.48195
2081-10-31,194.41634
2081-11-01,193.35072
2081-11-02,192.28511
2081-11-03,191.21948
2081-11-04,190.15387
2081-11-05,189.08826
2081-11-06,188.02263
2081-11-07,186.95702
2081-11-08,185.8914
2081-11-09,184.82578
2081-11-10,183.76016
2081-11-11,182.69455
2081-11-12,181.62892
2081-11-13,180.56331
2081-11-14,179.4977
2081-11-15,178.43207
2081-11-16,177.36646
2081-11-17,176.2707
2081-11-18,175.17496
2081-11-19,174.07921
2081-11-20,172.98346
2081-11-21,171.88773
2081-11-22,170.79198
2081-11-23,169.69623
2081-11-24,168.60048
2081-11-25,167.50473
2081-11-26,166.40898
2081-11-27,165.31323
2081-11-28,164.21748
2081-11-29,163.12173
2081-11-30,162.02599
2081-12-01,160.93024
2081-12-02,159.8345
2081-12-03,158.73875
2081-12-04,157.643
2081-12-05,156.54726
2081-12-06,155.4515
2081-12-07,154.35576
2081-12-08,153.26001
2081-12-09,152.16426
2081-12-10,151.06851
2081-12-11,149.97278
2081-12-12,148.87703
2081-12-13,147.78128
2081-12-14,146.68553
2081-12-15,145.58978
2081-12-16,144.49403
2081-12-17,145.41373
2081-12-18,146.33342
2081-12-19,147.25311
2081-12-20,148.1728
2081-12-21,149.0925
2081-12-22,150.0122
2081-12-23,150.9319
2081-12-24,151.8516
2081-12-25,152.77129
2081-12-26,153.69098
2081-12-27,154.61067
2081-12-28,155.53036
2081-12-29,156.45006
2081-12-30,157.36975
2081-12-31,158.28944
2082-01-01,159.20915
2082-01-02,160.12885
2082-01-03,161.04854
2082-01-04,161.96823
2082-01-05,162.88792
2082-01-06,163.80762
2082-01-07,164.72731
2082-01-08,165.647
2082-01-09,166.5667
2082-01-10,167.48639
2082-01-11,168.4061
2082-01-12,169.32579
2082-01-13,170.24548
2082-01-14,171.16518
2082-01-15,172.08487
2082-01-16,173.00456
2082-01-17,173.28459
2082-01-18,173.56462
2082-01-19,173.84467
2082-01-20,174.1247
2082-01-21,174.40472
2082-01-22,174.68475
2082-01-23,174.96478
2082-01-24,175.24481
2082-01-25,175.52484
2082-01-26,175.80489
2082-01-27,176.08492
2082-01-28,176.36494
2082-01-29,176.64497
2082-01-30,176.925
2082-01-31,177.20505
2082-02-01,177.48508
2082-02-02,177.7651
2082-02-03,178.04514
2082-02-04,178.32516
2082-02-05,178.6052
2082-02-06,178.88522
2082-02-07,179.16527
2082-02-08,179.4453
2082-02-09,179.72533
2082-02-10,180.00536
2082-02-11,180.28539
2082-02-12,180.56543
2082-02-13,180.84546
2082-02-14,181.12549
2082-02-15,181.40552
2082-02-16,181.93054
2082-02-17,182.45555
2082-02-18,182.98058
2082-02-19,183.50558
2082-02-20,184.03061
2082-02-21,184.55563
2082-02-22,185.08064
2082-02-23,185.60567
2082-02-24,186.13068
2082-02-25,186.6557
2082-02-26,187.18071
2082-02-27,187.70573
2082-02-28,188.23076
2082-03-01,188.75577
2082-03-02,189.28079
2082-03-03,189.8058
2082-03-04,190.33083
2082-03-05,190.85585
2082-03-06,191.38086
2082-03-07,191.90588
2082-03-08,192.4309
2082-03-09,192.95592
2082-03-10,193.48093
2082-03-11,194.00595
2082-03-12,194.53098
2082-03-13,195.05598
2082-03-14,195.58101
2082-03-15,196.10602
2082-03-16,196.63104
2082-03-17,197.69217
2082-03-18,198.7533
2082-03-19,199.81442
2082-03-20,200.87555
2082-03-21,201.93668
2082-03-22,202.9978
2082-03-23,204.05893
2082-03-24,205.12007
2082-03-25,206.1812
2082-03-26,207.24232
2082-03-27,208.30345
2082-03-28,209.36458
2082-03-29,210.4257
2082-03-30,211.48683
2082-03-31,212.54796
2082-04-01,213.60909
2082-04-02,214.67021
2082-04-03,215.73134
2082-04-04,216.79247
2082-04-05,217.85359
2082-04-06,218.91472
2082-04-07,219.97585
2082-04-08,221.03697
2082-04-09,222.09811
2082-04-10,223.15924
2082-04-11,224.22037
2082-04-12,225.2815
2082-04-13,226.34262
2082-04-14,227.40375
2082-04-15,228.46487
2082-04-16,229.526
2082-04-17,229.25398
2082-04-18,228.98196
2082-04-19,228.70995
2082-04-20,228.43791
2082-04-21,228.1659
2082-04-22,227.89388
2082-04-23,227.62186
2082-04-24,227.34984
2082-04-25,227.07782
2082-04-26,226.8058
2082-04-27,226.53378
2082-04-28,226.26175
2082-04-29,225.98973
2082-04-30,225.71771
2082-05-01,225.4457
2082-05-02,225.17368
2082-05-03,224.90166
2082-05-04,224.62964
2082-05-05,224.3576
2082-05-06,224.08559
2082-05-07,223.81357
2082-05-08,223.54155
2082-05-09,223.26953
2082-05-10,222.99751
2082-05-11,222.7255
2082-05-12,222.45348
2082-05-13,222.18144
2082-05-14,221.90942
2082-05-15,221.6374
2082-05-16,221.36539
2082-05-17,222.5245
2082-05-18,223.68361
2082-05-19,224.84273
2082-05-20,226.00185
2082-05-21,227.16096
2082-05-22,228.32007
2082-05-23,229.47919
2082-05-24,230.6383
2082-05-25,231.79742
2082-05-26,232.95653
2082-05-27,234.11565
2082-05-28,235.27477
2082-05-29,236.43388
2082-05-30,237.59299
2082-05-31,238.7521
2082-06-01,239.91122
2082-06-02,241.07034
2082-06-03,242.22945
2082-06-04,243.38857
2082-06-05,244.54768
2082-06-06,245.7068
2082-06-07,246.8659
2082-06-08,248.02502
2082-06-09,249.18414
2082-06-10,250.34326
2082-06-11,251.50237
2082-06-12,252.66148
2082-06-13,253.8206
2082-06-14,254.97972
2082-06-15,256.13882
2082-06-16,257.29794
2082-06-17,257.52545
2082-06-18,257.75296
2082-06-19,257.98047
2082-06-20,258.20798
2082-06-21,258.4355
2082-06-22,258.663
2082-06-23,258.8905
2082-06-24,259.118
2082-06-25,259.34552
2082-06-26,259.57303
2082-06-27,259.80054
2082-06-28,260.02805
2082-06-29,260.25555
2082-06-30,260.48306
2082-07-01,260.71057
2082-07-02,260.9381
2082-07-03,261.16562
2082-07-04,261.39313
2082-07-05,261.62064
2082-07-06,261.84814
2082-07-07,262.07565
2082-07-08,262.30316
2082-07-09,262.53067
2082-07-10,262.75818
2082-07-11,262.9857
2082-07-12,263.2132
2082-07-13,263.4407
2082-07-14,263.6682
2082-07-15,263.89572
2082-07-16,264.12323
2082-07-17,264.6557
2082-07-18,265.18814
2082-07-19,265.7206
2082-07-20,266.25305
2082-07-21,266.78552
2082-07-22,267.31796
2082-07-23,267.85043
2082-07-24,268.3829
2082-07-25,268.91534
2082-07-26,269.4478
2082-07-27,269.98026
2082-07-28,270.51273
2082-07-29,271.0452
2082-07-30,271.57764
2082-07-31,272.1101
2082-08-01,272.64255
2082-08-02,273.17502
2082-08-03,273.70746
2082-08-04,274.23993
2082-08-05,274.7724
2082-08-06,275.30484
2082-08-07,275.8373
2082-08-08,276.36975
2082-08-09,276.90222
2082-08-10,277.4347
2082-08-11,277.96713
2082-08-12,278.4996
2082-08-13,279.03204
2082-08-14,279.5645
2082-08-15,280.09695
2082-08-16,280.62943
2082-08-17,279.13153
2082-08-18,277.63367
2082-08-19,276.13577
2082-08-20,274.6379
2082-08-21,273.14
2082-08-22,271.64215
2082-08-23,270.14426
2082-08-24,268.6464
2082-08-25,267.1485
2082-08-26,265.65063
2082-08-27,264.15274
2082-08-28,262.65488
2082-08-29,261.15698
2082-08-30,259.65912
2082-08-31,258.16122
2082-09-01,256.66336
2082-09-02,255.16547
2082-09-03,253.66759
2082-09-04,252.16971
2082-09-05,250.67183
2082-09-06,249.17395
2082-09-07,247.67607
2082-09-08,246.17819
2082-09-09,244.68031
2082-09-10,243.18243
2082-09-11,241.68456
2082-09-12,240.18668
2082-09-13,238.6888
2082-09-14,237.19092
2082-09-15,235.69304
2082-09-16,234.19516
2082-09-17,233.5971
2082-09-18,232.99904
2082-09-19,232.40099
2082-09-20,231.80292
2082-09-21,231.20486
2082-09-22,230.60681
2082-09-23,230.00874
2082-09-24,229.41069
2082-09-25,228.81262
2082-09-26,228.21457
2082-09-27,227.61652
2082-09-28,227.01845
2082-09-29,226.4204
2082-09-30,225.82233
2082-10-01,225.22427
2082-10-02,224.62622
2082-10-03,224.02815
2082-10-04,223.4301
2082-10-05,222.83203
2082-10-06,222.23398
2082-10-07,221.63593
2082-10-08,221.03786
2082-10-09,220.4398
2082-10-10,219.84174
2082-10-11,219.24368
2082-10-12,218.64563
2082-10-13,218.04756
2082-10-14,217.44951
2082-10-15,216.85144
2082-10-16,216.25339
2082-10-17,215.50764
2082-10-18,214.7619
2082-10-19,214.01616
2082-10-20,213.27042
2082-10-21,212.52467
2082-10-22,211.77893
2082-10-23,211.03319
2082-10-24,210.28743
2082-10-25,209.54169
2082-10-26,208.79594
2082-10-27,208.0502
2082-10-28,207.30446
2082-10-29,206.55872
2082-10-30,205.81297
2082-10-31,205.06723
2082-11-01,204.32149
2082-11-02,203.57574
2082-11-03,202.83
2082-11-04,202.08426
2082-11-05,201.33852
2082-11-06,200.59277
2082-11-07,199.84703
2082-11-08,199.10129
2082-11-09,198.35553
2082-11-10,197.60979
2082-11-11,196.86404
2082-11-12,196.1183
2082-11-13,195.37256
2082-11-14,194.62682
2082-11-15,193.88107
2082-11-16,193.13533
2082-11-17,192.08932
2082-11-18,191.04332
2082-11-19,189.9973
2082-11-20,188.9513
2082-11-21,187.90529
2082-11-22,186.85928
2082-11-23,185.81326
2082-11-24,184.76726
2082-11-25,183.72125
2082-11-26,182.67525
2082-11-27,181.62923
2082-11-28,180.58322
2082-11-29,179.53722
2082-11-30,178.49121
2082-12-01,177.44519
2082-12-02,176.39919
2082-12-03,175.35318
2082-12-04,174.30717
2082-12-05,173.26117
2082-12-06,172.21515
2082-12-07,171.16914
2082-12-08,170.12314
2082-12-09,169.07713
2082-12-10,168.03111
2082-12-11,166.9851
2082-12-12,165.9391
2082-12-13,164.8931
2082-12-14,163.84708
2082-12-15,162.80107
2082-12-16,161.75507
2082-12-17,162.00558
2082-12-18,162.2561
2082-12-19,162.50662
2082-12-20,162.75714
2082-12-21,163.00766
2082-12-22,163.25818
2082-12-23,163.5087
2082-12-24,163.75922
2082-12-25,164.00974
2082-12-26,164.26025
2082-12-27,164.51077
2082-12-28,164.76129
2082-12-29,165.01181
2082-12-30,165.26233
2082-12-31,165.51285
2083-01-01,165.76338
2083-01-02,166.0139
2083-01-03,166.26442
2083-01-04,166.51494
2083-01-05,166.76546
2083-01-06,167.01598
2083-01-07,167.2665
2083-01-08,167.51701
2083-01-09,167.76753
2083-01-10,168.01805
2083-01-11,168.26857
2083-01-12,168.51909
2083-01-13,168.7696
2083-01-14,169.02013
2083-01-15,169.27065
2083-01-16,169.52116
2083-01-17,171.06052
2083-01-18,172.59987
2083-01-19,174.13922
2083-01-20,175.67857
2083-01-21,177.21793
2083-01-22,178.75728
2083-01-23,180.29663
2083-01-24,181.83598
2083-01-25,183.37534
2083-01-26,184.91469
2083-01-27,186.45404
2083-01-28,187.9934
2083-01-29,189.53275
2083-01-30,191.0721
2083-01-31,192.61145
2083-02-01,194.15082
2083-02-02,195.69017
2083-02-03,197.22952
2083-02-04,198.76888
2083-02-05,200.30823
2083-02-06,201.84758
2083-02-07,203.38693
2083-02-08,204.92628
2083-02-09,206.46564
2083-02-10,208.00499
2083-02-11,209.54434
2083-02-12,211.0837
2083-02-13,212.62305
2083-02-14,214.1624
2083-02-15,215.70175
2083-02-16,217.36658
2083-02-17,219.0314
2083-02-18,220.69623
2083-02-19,222.36105
2083-02-20,224.02588
2083-02-21,225.6907
2083-02-22,227.35553
2083-02-23,229.02034
2083-02-24,230.68517
2083-02-25,232.34999
2083-02-26,234.01482
2083-02-27,235.67964
2083-02-28,237.34447
2083-03-01,239.0093
2083-03-02,240.67412
2083-03-03,242.33894
2083-03-04,244.00377
2083-03-05,245.6686
2083-03-06,247.33342
2083-03-07,248.99825
2083-03-08,250.66307
2083-03-09,252.32788
2083-03-10,253.9927
2083-03-11,255.65753
2083-03-12,257.32236
2083-03-13,258.98718
2083-03-14,260.652
2083-03-15,262.31683
2083-03-16,263.98166
2083-03-17,264.85535
2083-03-18,265.729
2083-03-19,266.6027
2083-03-20,267.47638
2083-03-21,268.35007
2083-03-22,269.22372
2083-03-23,270.0974
2083-03-24,270.9711
2083-03-25,271.84476
2083-03-26,272.71844
2083-03-27,273.59213
2083-03-28,274.46582
2083-03-29,275.33948
2083-03-30,276.21317
2083-03-31,277.08685
2083-04-01,277.9605
2083-04-02,278.8342
2083-04-03,279.7079
2083-04-04,280.58154
2083-04-05,281.45523
2083-04-06,282.32892
2083-04-07,283.2026
2083-04-08,284.07626
2083-04-09,284.94995
2083-04-10,285.82364
2083-04-11,286.6973
2083-04-12,287.57098
2083-04-13,288.44467
2083-04-14,289.31836
2083-04-15,290.19202
2083-04-16,291.0657
2083-04-17,291.47687
2083-04-18,291.88803
2083-04-19,292.2992
2083-04-20,292.7104
2083-04-21,293.12155
2083-04-22,293.5327
2083-04-23,293.94388
2083-04-24,294.35504
2083-04-25,294.76624
2083-04-26,295.1774
2083-04-27,295.58856
2083-04-28,295.99973
2083-04-29,296.4109
2083-04-30,296.82205
2083-05-01,297.23322
2083-05-02,297.6444
2083-05-03,298.05557
2083-05-04,298.46674
2083-05-05,298.8779
2083-05-06,299.28906
2083-05-07,299.70026
2083-05-08,300.11142
2083-05-09,300.52258
2083-05-10,300.93375
2083-05-11,301.3449
2083-05-12,301.75607
2083-05-13,302.16724
2083-05-14,302.57843
2083-05-15,302.9896
2083-05-16,303.40076
2083-05-17,303.51645
2083-05-18,303.63217
2083-05-19,303.74786
2083-05-20,303.8636
2083-05-21,303.97928
2083-05-22,304.095
2083-05-23,304.2107
2083-05-24,304.3264
2083-05-25,304.4421
2083-05-26,304.5578
2083-05-27,304.67352
2083-05-28,304.7892
2083-05-29,304.9049
2083-05-30,305.02063
2083-05-31,305.13632
2083-06-01,305.25204
2083-06-02,305.36774
2083-06-03,305.48346
2083-06-04,305.59915
2083-06-05,305.71484
2083-06-06,305.83057
2083-06-07,305.94626
2083-06-08,306.06198
2083-06-09,306.17767
2083-06-10,306.29337
2083-06-11,306.4091
2083-06-12,306.52478
2083-06-13,306.6405
2083-06-14,306.7562
2083-06-15,306.87192
2083-06-16,306.9876
2083-06-17,306.77917
2083-06-18,306.57077
2083-06-19,306.36234
2083-06-20,306.1539
2083-06-21,305.94547
2083-06-22,305.73706
2083-06-23,305.52863
2083-06-24,305.3202
2083-06-25,305.11176
2083-06-26,304.90335
2083-06-27,304.69492
2083-06-28,304.48648
2083-06-29,304.27805
2083-06-30,304.06964
2083-07-01,303.8612
2083-07-02,303.65277
2083-07-03,303.44437
2083-07-04,303.23593
2083-07-05,303.0275
2083-07-06,302.81906
2083-07-07,302.61066
2083-07-08,302.40222
2083-07-09,302.1938
2083-07-10,301.98535
2083-07-11,301.77695
2083-07-12,301.5685
2083-07-13,301.36008
2083-07-14,301.15164
2083-07-15,300.94324
2083-07-16,300.7348
2083-07-17,298.4383
2083-07-18,296.14178
2083-07-19,293.84528
2083-07-20,291.54877
2083-07-21,289.25226
2083-07-22,286.95575
2083-07-23,284.65924
2083-07-24,282.36273
2083-07-25,280.06622
2083-07-26,277.7697
2083-07-27,275.47318
2083-07-28,273.17667
2083-07-29,270.88016
2083-07-30,268.58365
2083-07-31,266.28714
2083-08-01,263.99063
2083-08-02,261.69412
2083-08-03,259.3976
2083-08-04,257.1011
2083-08-05,254.8046
2083-08-06,252.50809
2083-08-07,250.21158
2083-08-08,247.91507
2083-08-09,245.61856
2083-08-10,243.32205
2083-08-11,241.02553
2083-08-12,238.72902
2083-08-13,236.43251
2083-08-14,234.136
2083-08-15,231.8395
2083-08-16,229.54298
2083-08-17,229.54854
2083-08-18,229.5541
2083-08-19,229.55965
2083-08-20,229.5652
2083-08-21,229.57076
2083-08-22,229.57631
2083-08-23,229.58186
2083-08-24,229.58742
2083-08-25,229.59297
2083-08-26,229.59853
2083-08-27,229.60408
2083-08-28,229.60963
2083-08-29,229.61519
2083-08-30,229.62074
2083-08-31,229.6263
2083-09-01,229.63184
2083-09-02,229.63739
2083-09-03,229.64294
2083-09-04,229.6485
2083-09-05,229.65405
2083-09-06,229.6596
2083-09-07,229.66516
2083-09-08,229.67072
2083-09-09,229.67627
2083-09-10,229.68182
2083-09-11,229.68738
2083-09-12,229.69293
2083-09-13,229.69849
2083-09-14,229.70404
2083-09-15,229.7096
2083-09-16,229.71515
2083-09-17,229.1542
2083-09-18,228.59328
2083-09-19,228.03233
2083-09-20,227.47139
2083-09-21,226.91045
2083-09-22,226.34952
2083-09-23,225.78857
2083-09-24,225.22763
2083-09-25,224.66669
2083-09-26,224.10576
2083-09-27,223.54482
2083-09-28,222.98387
2083-09-29,222.42293
2083-09-30,221.862
2083-10-01,221.30106
2083-10-02,220.74011
2083-10-03,220.17918
2083-10-04,219.61824
2083-10-05,219.0573
2083-10-06,218.49635
2083-10-07,217.93542
2083-10-08,217.37448
2083-10-09,216.81354
2083-10-10,216.2526
2083-10-11,215.69167
2083-10-12,215.13072
2083-10-13,214.56978
2083-10-14,214.00883
2083-10-15,213.4479
2083-10-16,212.88696
2083-10-17,211.92
2083-10-18,210.95303
2083-10-19,209.98607
2083-10-20,209.0191
2083-10-21,208.05214
2083-10-22,207.08516
2083-10-23,206.1182
2083-10-24,205.15123
2083-10-25,204.18427
2083-10-26,203.2173
2083-10-27,202.25034
2083-10-28,201.28337
2083-10-29,200.3164
2083-10-30,199.34944
2083-10-31,198.38248
2083-11-01,197.4155
2083-11-02,196.44853
2083-11-03,195.48157
2083-11-04,194.5146
2083-11-05,193.54764
2083-11-06,192.58067
2083-11-07,191.61371
2083-11-08,190.64674
2083-11-09,189.67978
2083-11-10,188.71281
2083-11-11,187.74583
2083-11-12,186.77887
2083-11-13,185.8119
2083-11-14,184.84494
2083-11-15,183.87798
2083-11-16,182.91101
2083-11-17,182.25537
2083-11-18,181.59972
2083-11-19,180.94408
2083-11-20,180.28842
2083-11-21,179.63278
2083-11-22,178.97713
2083-11-23,178.32149
2083-11-24,177.66583
2083-11-25,177.0102
2083-11-26,176.35454
2083-11-27,175.6989
2083-11-28,175.04324
2083-11-29,174.3876
2083-11-30,173.73195
2083-12-01,173.07631
2083-12-02,172.42067
2083-12-03,171.76501
2083-12-04,171.10938
2083-12-05,170.45372
2083-12-06,169.79808
2083-12-07,169.14243
2083-12-08,168.48679
2083-12-09,167.83113
2083-12-10,167.17549
2083-12-11,166.51984
2083-12-12,165.8642
2083-12-13,165.20854
2083-12-14,164.5529
2083-12-15,163.89725
2083-12-16,163.24161
2083-12-17,163.08028
2083-12-18,162.91893
2083-12-19,162.7576
2083-12-20,162.59625
2083-12-21,162.43492
2083-12-22,162.27357
2083-12-23,162.11224
2083-12-24,161.9509
2083-12-25,161.78957
2083-12-26,161.62822
2083-12-27,161.46689
2083-12-28,161.30554
2083-12-29,161.14421
2083-12-30,160.98286
2083-12-31,160.82153
2084-01-01,160.66019
2084-01-02,160.49886
2084-01-03,160.33751
2084-01-04,160.17618
2084-01-05,160.01483
2084-01-06,159.8535
2084-01-07,159.69215
2084-01-08,159.53082
2084-01-09,159.36948
2084-01-10,159.20815
2084-01-11,159.0468
2084-01-12,158.88547
2084-01-13,158.72412
2084-01-14,158.56279
2084-01-15,158.40144
2084-01-16,158.24011
2084-01-17,158.9883
2084-01-18,159.73647
2084-01-19,160.48465
2084-01-20,161.23282
2084-01-21,161.981
2084-01-22,162.72917
2084-01-23,163.47736
2084-01-24,164.22554
2084-01-25,164.97371
2084-01-26,165.7219
2084-01-27,166.47006
2084-01-28,167.21825
2084-01-29,167.96642
2084-01-30,168.7146
2084-01-31,169.46277
2084-02-01,170.21095
2084-02-02,170.95914
2084-02-03,171.7073
2084-02-04,172.45549
2084-02-05,173.20366
2084-02-06,173.95184
2084-02-07,174.70001
2084-02-08,175.4482
2084-02-09,176.19638
2084-02-10,176.94455
2084-02-11,177.69273
2084-02-12,178.4409
2084-02-13,179.18909
2084-02-14,179.93726
2084-02-15,180.68544
2084-02-16,181.78395
2084-02-17,182.88246
2084-02-18,183.98099
2084-02-19,185.0795
2084-02-20,186.17801
2084-02-21,187.27652
2084-02-22,188.37503
2084-02-23,189.47354
2084-02-24,190.57205
2084-02-25,191.67058
2084-02-26,192.76909
2084-02-27,193.8676
2084-02-28,194.96611
2084-02-29,196.06462
2084-03-01,197.16315
2084-03-02,198.26166
2084-03-03,199.36017
2084-03-04,200.45868
2084-03-05,201.55719
2084-03-06,202.6557
2084-03-07,203.75421
2084-03-08,204.85274
2084-03-09,205.95125
2084-03-10,207.04976
2084-03-11,208.14827
2084-03-12,209.24678
2084-03-13,210.3453
2084-03-14,211.44382
2084-03-15,212.54233
2084-03-16,213.64084
2084-03-17,214.8868
2084-03-18,216.13275
2084-03-19,217.37871
2084-03-20,218.62466
2084-03-21,219.87062
2084-03-22,221.11656
2084-03-23,222.36252
2084-03-24,223.60847
2084-03-25,224.85443
2084-03-26,226.10039
2084-03-27,227.34634
2084-03-28,228.5923
2084-03-29,229.83826
2084-03-30,231.08421
2084-03-31,232.33017
2084-04-01,233.57611
2084-04-02,234.82207
2084-04-03,236.06802
2084-04-04,237.31398
2084-04-05,238.55994
2084-04-06,239.8059
2084-04-07,241.05185
2084-04-08,242.2978
2084-04-09,243.54376
2084-04-10,244.78972
2084-04-11,246.03566
2084-04-12,247.28162
2084-04-13,248.52757
2084-04-14,249.77353
2084-04-15,251.01949
2084-04-16,252.26544
2084-04-17,254.31172
2084-04-18,256.358
2084-04-19,258.40427
2084-04-20,260.45056
2084-04-21,262.49683
2084-04-22,264.54312
2084-04-23,266.5894
2084-04-24,268.63565
2084-04-25,270.68195
2084-04-26,272.7282
2084-04-27,274.7745
2084-04-28,276.82077
2084-04-29,278.86707
2084-04-30,280.91333
2084-05-01,282.9596
2084-05-02,285.0059
2084-05-03,287.05215
2084-05-04,289.09845
2084-05-05,291.1447
2084-05-06,293.191
2084-05-07,295.23727
2084-05-08,297.28357
2084-05-09,299.32983
2084-05-10,301.3761
2084-05-11,303.4224
2084-05-12,305.46866
2084-05-13,307.51495
2084-05-14,309.56122
2084-05-15,311.6075
2084-05-16,313.65378
2084-05-17,313.43445
2084-05-18,313.21512
2084-05-19,312.9958
2084-05-20,312.77646
2084-05-21,312.55713
2084-05-22,312.3378
2084-05-23,312.11847
2084-05-24,311.89914
2084-05-25,311.6798
2084-05-26,311.46048
2084-05-27,311.24115
2084-05-28,311.02182
2084-05-29,310.8025
2084-05-30,310.58316
2084-05-31,310.36383
2084-06-01,310.1445
2084-06-02,309.92517
2084-06-03,309.70584
2084-06-04,309.4865
2084-06-05,309.26718
2084-06-06,309.04785
2084-06-07,308.82852
2084-06-08,308.6092
2084-06-09,308.38986
2084-06-10,308.17053
2084-06-11,307.9512
2084-06-12,307.73187
2084-06-13,307.51254
2084-06-14,307.2932
2084-06-15,307.07388
2084-06-16,306.85455
2084-06-17,306.87686
2084-06-18,306.89917
2084-06-19,306.92148
2084-06-20,306.9438
2084-06-21,306.9661
2084-06-22,306.9884
2084-06-23,307.0107
2084-06-24,307.03302
2084-06-25,307.05533
2084-06-26,307.07764
2084-06-27,307.09995
2084-06-28,307.12225
2084-06-29,307.14456
2084-06-30,307.16687
2084-07-01,307.18915
2084-07-02,307.21146
2084-07-03,307.23376
2084-07-04,307.25607
2084-07-05,307.27838
2084-07-06,307.3007
2084-07-07,307.323
2084-07-08,307.3453
2084-07-09,307.3676
2084-07-10,307.38992
2084-07-11,307.41223
2084-07-12,307.43454
2084-07-13,307.45685
2084-07-14,307.47916
2084-07-15,307.50146
2084-07-16,307.52377
2084-07-17,306.68286
2084-07-18,305.84195
2084-07-19,305.00104
2084-07-20,304.1601
2084-07-21,303.31918
2084-07-22,302.47827
2084-07-23,301.63736
2084-07-24,300.79645
2084-07-25,299.95554
2084-07-26,299.11462
2084-07-27,298.2737
2084-07-28,297.43277
2084-07-29,296.59186
2084-07-30,295.75095
2084-07-31,294.91003
2084-08-01,294.06912
2084-08-02,293.2282
2084-08-03,292.3873
2084-08-04,291.5464
2084-08-05,290.70544
2084-08-06,289.86453
2084-08-07,289.02362
2084-08-08,288.1827
2084-08-09,287.3418
2084-08-10,286.5009
2084-08-11,285.65997
2084-08-12,284.81906
2084-08-13,283.97812
2084-08-14,283.1372
2084-08-15,282.2963
2084-08-16,281.45538
2084-08-17,280.8229
2084-08-18,280.19046
2084-08-19,279.55798
2084-08-20,278.92554
2084-08-21,278.29306
2084-08-22,277.6606
2084-08-23,277.02814
2084-08-24,276.3957
2084-08-25,275.7632
2084-08-26,275.13077
2084-08-27,274.4983
2084-08-28,273.86584
2084-08-29,273.23337
2084-08-30,272.60092
2084-08-31,271.96844
2084-09-01,271.336
2084-09-02,270.70352
2084-09-03,270.07108
2084-09-04,269.4386
2084-09-05,268.80615
2084-09-06,268.17368
2084-09-07,267.54123
2084-09-08,266.90875
2084-09-09,266.2763
2084-09-10,265.64383
2084-09-11,265.01138
2084-09-12,264.3789
2084-09-13,263.74646
2084-09-14,263.11398
2084-09-15,262.48154
2084-09-16,261.84906
2084-09-17,260.20496
2084-09-18,258.56085
2084-09-19,256.91672
2084-09-20,255.27263
2084-09-21,253.62851
2084-09-22,251.9844
2084-09-23,250.34029
2084-09-24,248.69618
2084-09-25,247.05208
2084-09-26,245.40796
2084-09-27,243.76385
2084-09-28,242.11975
2084-09-29,240.47563
2084-09-30,238.83153
2084-10-01,237.18741
2084-10-02,235.5433
2084-10-03,233.8992
2084-10-04,232.25508
2084-10-05,230.61098
2084-10-06,228.96687
2084-10-07,227.32275
2084-10-08,225.67865
2084-10-09,224.03455
2084-10-10,222.39043
2084-10-11,220.74632
2084-10-12,219.1022
2084-10-13,217.4581
2084-10-14,215.814
2084-10-15,214.16988
2084-10-16,212.52577
2084-10-17,211.3179
2084-10-18,210.11005
2084-10-19,208.90218
2084-10-20,207.6943
2084-10-21,206.48643
2084-10-22,205.27858
2084-10-23,204.07071
2084-10-24,202.86284
2084-10-25,201.65498
2084-10-26,200.44711
2084-10-27,199.23924
2084-10-28,198.03137
2084-10-29,196.82352
2084-10-30,195.61565
2084-10-31,194.40778
2084-11-01,193.19992
2084-11-02,191.99205
2084-11-03,190.78418
2084-11-04,189.57632
2084-11-05,188.36845
2084-11-06,187.16058
2084-11-07,185.95271
2084-11-08,184.74486
2084-11-09,183.53699
2084-11-10,182.32912
2084-11-11,181.12126
2084-11-12,179.91339
2084-11-13,178.70552
2084-11-14,177.49765
2084-11-15,176.2898
2084-11-16,175.08192
2084-11-17,174.09612
2084-11-18,173.11029
2084-11-19,172.12448
2084-11-20,171.13867
2084-11-21,170.15286
2084-11-22,169.16704
2084-11-23,168.18123
2084-11-24,167.19542
2084-11-25,166.20961
2084-11-26,165.22379
2084-11-27,164.23798
2084-11-28,163.25217
2084-11-29,162.26636
2084-11-30,161.28053
2084-12-01,160.29472
2084-12-02,159.30891
2084-12-03,158.32309
2084-12-04,157.33728
2084-12-05,156.35147
2084-12-06,155.36566
2084-12-07,154.37984
2084-12-08,153.39403
2084-12-09,152.40822
2084-12-10,151.42241
2084-12-11,150.43658
2084-12-12,149.45078
2084-12-13,148.46497
2084-12-14,147.47916
2084-12-15,146.49333
2084-12-16,145.50752
2084-12-17,145.74748
2084-12-18,145.98743
2084-12-19,146.22739
2084-12-20,146.46733
2084-12-21,146.70729
2084-12-22,146.94724
2084-12-23,147.1872
2084-12-24,147.42715
2084-12-25,147.6671
2084-12-26,147.90706
2084-12-27,148.147
2084-12-28,148.38696
2084-12-29,148.62692
2084-12-30,148.86687
2084-12-31,149.10683
2085-01-01,149.34677
2085-01-02,149.58673
2085-01-03,149.82668
2085-01-04,150.06664
2085-01-05,150.3066
2085-01-06,150.54654
2085-01-07,150.7865
2085-01-08,151.02644
2085-01-09,151.2664
2085-01-10,151.50636
2085-01-11,151.7463
2085-01-12,151.98627
2085-01-13,152.22621
2085-01-14,152.46617
2085-01-15,152.70612
2085-01-16,152.94608
2085-01-17,154.80257
2085-01-18,156.65906
2085-01-19,158.51555
2085-01-20,160.37204
2085-01-21,162.22853
2085-01-22,164.08502
2085-01-23,165.94151
2085-01-24,167.798
2085-01-25,169.6545
2085-01-26,171.51099
2085-01-27,173.36748
2085-01-28,175.22397
2085-01-29,177.08046
2085-01-30,178.93695
2085-01-31,180.79346
2085-02-01,182.64995
2085-02-02,184.50644
2085-02-03,186.36293
2085-02-04,188.21942
2085-02-05,190.07591
2085-02-06,191.9324
2085-02-07,193.7889
2085-02-08,195.64539
2085-02-09,197.50188
2085-02-10,199.35837
2085-02-11,201.21486
2085-02-12,203.07135
2085-02-13,204.92784
2085-02-14,206.78433
2085-02-15,208.64082
2085-02-16,208.80821
2085-02-17,208.97562
2085-02-18,209.143
2085-02-19,209.31041
2085-02-20,209.4778
2085-02-21,209.64519
2085-02-22,209.81259
2085-02-23,209.97998
2085-02-24,210.14738
2085-02-25,210.31477
2085-02-26,210.48218
2085-02-27,210.64957
2085-02-28,210.81696
2085-03-01,210.98436
2085-03-02,211.15175
2085-03-03,211.31915
2085-03-04,211.48654
2085-03-05,211.65393
2085-03-06,211.82133
2085-03-07,211.98872
2085-03-08,212.15613
2085-03-09,212.32352
2085-03-10,212.49092
2085-03-11,212.65831
2085-03-12,212.8257
2085-03-13,212.9931
2085-03-14,213.16049
2085-03-15,213.3279
2085-03-16,213.49529
2085-03-17,214.99196
2085-03-18,216.48862
2085-03-19,217.98529
2085-03-20,219.48196
2085-03-21,220.97862
2085-03-22,222.4753
2085-03-23,223.97197
2085-03-24,225.46863
2085-03-25,226.9653
2085-03-26,228.46196
2085-03-27,229.95863
2085-03-28,231.4553
2085-03-29,232.95197
2085-03-30,234.44864
2085-03-31,235.94531
2085-04-01,237.44197
2085-04-02,238.93864
2085-04-03,240.43532
2085-04-04,241.93198
2085-04-05,243.42865
2085-04-06,244.92532
2085-04-07,246.42198
2085-04-08,247.91866
2085-04-09,249.41531
2085-04-10,250.91199
2085-04-11,252.40866
2085-04-12,253.90532
2085-04-13,255.402
2085-04-14,256.89865
2085-04-15,258.39532
2085-04-16,259.892
2085-04-17,260.6551
2085-04-18,261.4182
2085-04-19,262.1813
2085-04-20,262.94443
2085-04-21,263.70752
2085-04-22,264.47064
2085-04-23,265.23373
2085-04-24,265.99686
2085-04-25,266.75995
2085-04-26,267.52307
2085-04-27,268.28616
2085-04-28,269.0493
2085-04-29,269.81238
2085-04-30,270.5755
2085-05-01,271.3386
2085-05-02,272.10168
2085-05-03,272.8648
2085-05-04,273.6279
2085-05-05,274.39102
2085-05-06,275.1541
2085-05-07,275.91724
2085-05-08,276.68033
2085-05-09,277.44345
2085-05-10,278.20654
2085-05-11,278.96967
2085-05-12,279.73276
2085-05-13,280.49588
2085-05-14,281.25897
2085-05-15,282.0221
2085-05-16,282.7852
2085-05-17,283.39468
2085-05-18,284.00418
2085-05-19,284.61368
2085-05-20,285.22318
2085-05-21,285.83267
2085-05-22,286.44217
2085-05-23,287.05167
2085-05-24,287.66113
2085-05-25,288.27063
2085-05-26,288.88013
2085-05-27,289.48962
2085-05-28,290.09912
2085-05-29,290.70862
2085-05-30,291.3181
2085-05-31,291.9276
2085-06-01,292.5371
2085-06-02,293.1466
2085-06-03,293.7561
2085-06-04,294.3656
2085-06-05,294.9751
2085-06-06,295.5846
2085-06-07,296.1941
2085-06-08,296.8036
2085-06-09,297.41306
2085-06-10,298.02255
2085-06-11,298.63205
2085-06-12,299.24155
2085-06-13,299.85104
2085-06-14,300.46054
2085-06-15,301.07004
2085-06-16,301.67953
2085-06-17,300.73074
2085-06-18,299.78195
2085-06-19,298.83316
2085-06-20,297.88437
2085-06-21,296.93558
2085-06-22,295.9868
2085-06-23,295.038
2085-06-24,294.0892
2085-06-25,293.1404
2085-06-26,292.19162
2085-06-27,291.24283
2085-06-28,290.29404
2085-06-29,289.34525
2085-06-30,288.39645
2085-07-01,287.44763
2085-07-02,286.49884
2085-07-03,285.55005
2085-07-04,284.60126
2085-07-05,283.65247
2085-07-06,282.70367
2085-07-07,281.75488
2085-07-08,280.8061
2085-07-09,279.8573
2085-07-10,278.9085
2085-07-11,277.95972
2085-07-12,277.01093
2085-07-13,276.06213
2085-07-14,275.11334
2085-07-15,274.16455
2085-07-16,273.21576
2085-07-17,273.02466
2085-07-18,272.83353
2085-07-19,272.64243
2085-07-20,272.4513
2085-07-21,272.2602
2085-07-22,272.0691
2085-07-23,271.87796
2085-07-24,271.68686
2085-07-25,271.49576
2085-07-26,271.30463
2085-07-27,271.11353
2085-07-28,270.9224
2085-07-29,270.7313
2085-07-30,270.5402
2085-07-31,270.34906
2085-08-01,270.15796
2085-08-02,269.96683
2085-08-03,269.77573
2085-08-04,269.58463
2085-08-05,269.3935
2085-08-06,269.2024
2085-08-07,269.01126
2085-08-08,268.82016
2085-08-09,268.62906
2085-08-10,268.43793
2085-08-11,268.24683
2085-08-12,268.05573
2085-08-13,267.8646
2085-08-14,267.6735
2085-08-15,267.48236
2085-08-16,267.29126
2085-08-17,266.4923
2085-08-18,265.6934
2085-08-19,264.89444
2085-08-20,264.0955
2085-08-21,263.29654
2085-08-22,262.49762
2085-08-23,261.69867
2085-08-24,260.89972
2085-08-25,260.1008
2085-08-26,259.30185
2085-08-27,258.5029
2085-08-28,257.70395
2085-08-29,256.90503
2085-08-30,256.10608
2085-08-31,255.30714
2085-09-01,254.5082
2085-09-02,253.70926
2085-09-03,252.91031
2085-09-04,252.11137
2085-09-05,251.31244
2085-09-06,250.51349
2085-09-07,249.71455
2085-09-08,248.9156
2085-09-09,248.11667
2085-09-10,247.31773
2085-09-11,246.51878
2085-09-12,245.71985
2085-09-13,244.9209
2085-09-14,244.12196
2085-09-15,243.32301
2085-09-16,242.52408
2085-09-17,240.85486
2085-09-18,239.18565
2085-09-19,237.51643
2085-09-20,235.84723
2085-09-21,234.17801
2085-09-22,232.5088
2085-09-23,230.83958
2085-09-24,229.17036
2085-09-25,227.50116
2085-09-26,225.83194
2085-09-27,224.16273
2085-09-28,222.49352
2085-09-29,220.82431
2085-09-30,219.15509
2085-10-01,217.48587
2085-10-02,215.81667
2085-10-03,214.14745
2085-10-04,212.47824
2085-10-05,210.80902
2085-10-06,209.13982
2085-10-07,207.4706
2085-10-08,205.80139
2085-10-09,204.13217
2085-10-10,202.46295
2085-10-11,200.79375
2085-10-12,199.12453
2085-10-13,197.45532
2085-10-14,195.7861
2085-10-15,194.1169
2085-10-16,192.44768
2085-10-17,192.31201
2085-10-18,192.17635
2085-10-19,192.0407
2085-10-20,191.90503
2085-10-21,191.76936
2085-10-22,191.6337
2085-10-23,191.49803
2085-10-24,191.36238
2085-10-25,191.22672
2085-10-26,191.09105
2085-10-27,190.95538
2085-10-28,190.81972
2085-10-29,190.68407
2085-10-30,190.5484
2085-10-31,190.41273
2085-11-01,190.27707
2085-11-02,190.1414
2085-11-03,190.00574
2085-11-04,189.87009
2085-11-05,189.73442
2085-11-06,189.59875
2085-11-07,189.46309
2085-11-08,189.32742
2085-11-09,189.19177
2085-11-10,189.0561
2085-11-11,188.92044
2085-11-12,188.78477
2085-11-13,188.64911
2085-11-14,188.51346
2085-11-15,188.37779
2085-11-16,188.24213
2085-11-17,187.19012
2085-11-18,186.1381
2085-11-19,185.0861
2085-11-20,184.03409
2085-11-21,182.98209
2085-11-22,181.93008
2085-11-23,180.87807
2085-11-24,179.82607
2085-11-25,178.77405
2085-11-26,177.72205
2085-11-27,176.67004
2085-11-28,175.61803
2085-11-29,174.56602
2085-11-30,173.514
2085-12-01,172.462
2085-12-02,171.41
2085-12-03,170.35799
2085-12-04,169.30598
2085-12-05,168.25397
2085-12-06,167.20197
2085-12-07,166.14996
2085-12-08,165.09795
2085-12-09,164.04594
2085-12-10,162.99393
2085-12-11,161.94193
2085-12-12,160.88992
2085-12-13,159.8379
2085-12-14,158.7859
2085-12-15,157.73389
2085-12-16,156.68188
2085-12-17,157.48102
2085-12-18,158.28015
2085-12-19,159.07928
2085-12-20,159.8784
2085-12-21,160.67754
2085-12-22,161.47667
2085-12-23,162.2758
2085-12-24,163.07494
2085-12-25,163.87407
2085-12-26,164.67319
2085-12-27,165.47232
2085-12-28,166.27145
2085-12-29,167.07059
2085-12-30,167.86972
2085-12-31,168.66885
2086-01-01,169.46797
2086-01-02,170.2671
2086-01-03,171.06624
2086-01-04,171.86537
2086-01-05,172.6645
2086-01-06,173.46364
2086-01-07,174.26276
2086-01-08,175.06189
2086-01-09,175.86102
2086-01-10,176.66016
2086-01-11,177.45929
2086-01-12,178.25842
2086-01-13,179.05754
2086-01-14,179.85667
2086-01-15,180.6558
2086-01-16,181.45494
2086-01-17,182.30191
2086-01-18,183.14888
2086-01-19,183.99583
2086-01-20,184.8428
2086-01-21,185.68977
2086-01-22,186.53674
2086-01-23,187.3837
2086-01-24,188.23067
2086-01-25,189.07764
2086-01-26,189.9246
2086-01-27,190.77156
2086-01-28,191.61853
2086-01-29,192.4655
2086-01-30,193.31247
2086-01-31,194.15942
2086-02-01,195.0064
2086-02-02,195.85336
2086-02-03,196.70033
2086-02-04,197.5473
2086-02-05,198.39426
2086-02-06,199.24123
2086-02-07,200.0882
2086-02-08,200.93517
2086-02-09,201.78212
2086-02-10,202.62909
2086-02-11,203.47606
2086-02-12,204.32303
2086-02-13,205.16998
2086-02-14,206.01695
2086-02-15,206.86392
2086-02-16,208.13771
2086-02-17,209.41151
2086-02-18,210.6853
2086-02-19,211.9591
2086-02-20,213.2329
2086-02-21,214.5067
2086-02-22,215.78049
2086-02-23,217.05429
2086-02-24,218.32808
2086-02-25,219.60187
2086-02-26,220.87567
2086-02-27,222.14946
2086-02-28,223.42326
2086-03-01,224.69705
2086-03-02,225.97086
2086-03-03,227.24464
2086-03-04,228.51845
2086-03-05,229.79224
2086-03-06,231.06604
2086-03-07,232.33983
2086-03-08,233.61362
2086-03-09,234.88742
2086-03-10,236.16121
2086-03-11,237.43501
2086-03-12,238.7088
2086-03-13,239.9826
2086-03-14,241.2564
2086-03-15,242.5302
2086-03-16,243.80399
2086-03-17,244.48744
2086-03-18,245.17088
2086-03-19,245.85434
2086-03-20,246.5378
2086-03-21,247.22124
2086-03-22,247.9047
2086-03-23,248.58815
2086-03-24,249.27159
2086-03-25,249.95505
2086-03-26,250.63849
2086-03-27,251.32195
2086-03-28,252.0054
2086-03-29,252.68884
2086-03-30,253.3723
2086-03-31,254.05576
2086-04-01,254.7392
2086-04-02,255.42265
2086-04-03,256.1061
2086-04-04,256.78955
2086-04-05,257.473
2086-04-06,258.15646
2086-04-07,258.8399
2086-04-08,259.52335
2086-04-09,260.20682
2086-04-10,260.89026
2086-04-11,261.5737
2086-04-12,262.25717
2086-04-13,262.9406
2086-04-14,263.62405
2086-04-15,264.30753
2086-04-16,264.99097
2086-04-17,266.4008
2086-04-18,267.8106
2086-04-19,269.22043
2086-04-20,270.63025
2086-04-21,272.04007
2086-04-22,273.4499
2086-04-23,274.8597
2086-04-24,276.2695
2086-04-25,277.67932
2086-04-26,279.08914
2086-04-27,280.49896
2086-04-28,281.90878
2086-04-29,283.3186
2086-04-30,284.72842
2086-05-01,286.13824
2086-05-02,287.54807
2086-05-03,288.9579
2086-05-04,290.3677
2086-05-05,291.77753
2086-05-06,293.18735
2086-05-07,294.59717
2086-05-08,296.007
2086-05-09,297.41678
2086-05-10,298.8266
2086-05-11,300.23642
2086-05-12,301.64624
2086-05-13,303.05606
2086-05-14,304.46588
2086-05-15,305.8757
2086-05-16,307.28552
2086-05-17,307.55374
2086-05-18,307.82193
2086-05-19,308.09015
2086-05-20,308.35834
2086-05-21,308.62656
2086-05-22,308.89474
2086-05-23,309.16296
2086-05-24,309.43115
2086-05-25,309.69937
2086-05-26,309.96756
2086-05-27,310.23578
2086-05-28,310.504
2086-05-29,310.7722
2086-05-30,311.0404
2086-05-31,311.3086
2086-06-01,311.5768
2086-06-02,311.845
2086-06-03,312.11322
2086-06-04,312.3814
2086-06-05,312.64963
2086-06-06,312.91785
2086-06-07,313.18604
2086-06-08,313.45425
2086-06-09,313.72244
2086-06-10,313.99066
2086-06-11,314.25885
2086-06-12,314.52707
2086-06-13,314.79526
2086-06-14,315.06348
2086-06-15,315.33167
2086-06-16,315.59988
2086-06-17,314.96036
2086-06-18,314.32083
2086-06-19,313.6813
2086-06-20,313.04178
2086-06-21,312.40225
2086-06-22,311.76273
2086-06-23,311.1232
2086-06-24,310.48367
2086-06-25,309.84415
2086-06-26,309.20462
2086-06-27,308.5651
2086-06-28,307.92557
2086-06-29,307.28604
2086-06-30,306.6465
2086-07-01,306.00702
2086-07-02,305.3675
2086-07-03,304.72797
2086-07-04,304.08844
2086-07-05,303.4489
2086-07-06,302.8094
2086-07-07,302.16986
2086-07-08,301.53033
2086-07-09,300.8908
2086-07-10,300.25128
2086-07-11,299.61176
2086-07-12,298.97223
2086-07-13,298.3327
2086-07-14,297.69318
2086-07-15,297.05365
2086-07-16,296.41412
2086-07-17,295.50763
2086-07-18,294.60117
2086-07-19,293.69467
2086-07-20,292.78818
2086-07-21,291.88168
2086-07-22,290.97522
2086-07-23,290.06873
2086-07-24,289.16223
2086-07-25,288.25577
2086-07-26,287.34927
2086-07-27,286.44278
2086-07-28,285.5363
2086-07-29,284.62982
2086-07-30,283.72333
2086-07-31,282.81683
2086-08-01,281.91037
2086-08-02,281.00388
2086-08-03,280.09738
2086-08-04,279.19092
2086-08-05,278.28442
2086-08-06,277.37793
2086-08-07,276.47144
2086-08-08,275.56497
2086-08-09,274.65848
2086-08-10,273.75198
2086-08-11,272.84552
2086-08-12,271.93903
2086-08-13,271.03253
2086-08-14,270.12604
2086-08-15,269.21957
2086-08-16,268.31308
2086-08-17,267.27457
2086-08-18,266.23608
2086-08-19,265.19757
2086-08-20,264.1591
2086-08-21,263.12057
2086-08-22,262.08206
2086-08-23,261.04358
2086-08-24,260.00507
2086-08-25,258.96655
2086-08-26,257.92807
2086-08-27,256.88956
2086-08-28,255.85106
2086-08-29,254.81256
2086-08-30,253.77406
2086-08-31,252.73557
2086-09-01,251.69705
2086-09-02,250.65855
2086-09-03,249.62006
2086-09-04,248.58156
2086-09-05,247.54305
2086-09-06,246.50455
2086-09-07,245.46605
2086-09-08,244.42755
2086-09-09,243.38905
2086-09-10,242.35054
2086-09-11,241.31204
2086-09-12,240.27354
2086-09-13,239.23505
2086-09-14,238.19653
2086-09-15,237.15804
2086-09-16,236.11954
2086-09-17,236.02402
2086-09-18,235.92848
2086-09-19,235.83296
2086-09-20,235.73743
2086-09-21,235.6419
2086-09-22,235.54639
2086-09-23,235.45085
2086-09-24,235.35533
2086-09-25,235.2598
2086-09-26,235.16428
2086-09-27,235.06876
2086-09-28,234.97322
2086-09-29,234.8777
2086-09-30,234.78217
2086-10-01,234.68665
2086-10-02,234.59113
2086-10-03,234.49559
2086-10-04,234.40007
2086-10-05,234.30453
2086-10-06,234.20901
2086-10-07,234.1135
2086-10-08,234.01796
2086-10-09,233.92244
2086-10-10,233.8269
2086-10-11,233.73138
2086-10-12,233.63586
2086-10-13,233.54033
2086-10-14,233.44481
2086-10-15,233.34927
2086-10-16,233.25375
2086-10-17,231.5255
2086-10-18,229.79724
2086-10-19,228.06897
2086-10-20,226.34071
2086-10-21,224.61246
2086-10-22,222.8842
2086-10-23,221.15593
2086-10-24,219.42767
2086-10-25,217.69942
2086-10-26,215.97116
2086-10-27,214.2429
2086-10-28,212.51463
2086-10-29,210.78638
2086-10-30,209.05812
2086-10-31,207.32986
2086-11-01,205.6016
2086-11-02,203.87334
2086-11-03,202.14508
2086-11-04,200.41682
2086-11-05,198.68855
2086-11-06,196.9603
2086-11-07,195.23204
2086-11-08,193.50378
2086-11-09,191.77553
2086-11-10,190.04726
2086-11-11,188.319
2086-11-12,186.59074
2086-11-13,184.86249
2086-11-14,183.13422
2086-11-15,181.40596
2086-11-16,179.6777
2086-11-17,178.98833
2086-11-18,178.29897
2086-11-19,177.60959
2086-11-20,176.92021
2086-11-21,176.23083
2086-11-22,175.54147
2086-11-23,174.8521
2086-11-24,174.16272
2086-11-25,173.47334
2086-11-26,172.78398
2086-11-27,172.0946
2086-11-28,171.40523
2086-11-29,170.71585
2086-11-30,170.02649
2086-12-01,169.33711
2086-12-02,168.64774
2086-12-03,167.95837
2086-12-04,167.269
2086-12-05,166.57962
2086-12-06,165.89024
2086-12-07,165.20088
2086-12-08,164.5115
2086-12-09,163.82213
2086-12-10,163.13275
2086-12-11,162.44339
2086-12-12,161.75401
2086-12-13,161.06464
2086-12-14,160.37526
2086-12-15,159.6859
2086-12-16,158.99652
2086-12-17,159.45857
2086-12-18,159.92062
2086-12-19,160.38268
2086-12-20,160.84473
2086-12-21,161.30678
2086-12-22,161.76883
2086-12-23,162.23088
2086-12-24,162.69295
2086-12-25,163.155
2086-12-26,163.61705
2086-12-27,164.0791
2086-12-28,164.54115
2086-12-29,165.0032
2086-12-30,165.46526
2086-12-31,165.9273
2087-01-01,166.38936
2087-01-02,166.85141
2087-01-03,167.31346
2087-01-04,167.77551
2087-01-05,168.23756
2087-01-06,168.69962
2087-01-07,169.16167
2087-01-08,169.62372
2087-01-09,170.08578
2087-01-10,170.54784
2087-01-11,171.00989
2087-01-12,171.47194
2087-01-13,171.93399
2087-01-14,172.39604
2087-01-15,172.8581
2087-01-16,173.32014
2087-01-17,174.31253
2087-01-18,175.30492
2087-01-19,176.2973
2087-01-20,177.28969
2087-01-21,178.28207
2087-01-22,179.27448
2087-01-23,180.26686
2087-01-24,181.25925
2087-01-25,182.25163
2087-01-26,183.24402
2087-01-27,184.2364
2087-01-28,185.22879
2087-01-29,186.22118
2087-01-30,187.21356
2087-01-31,188.20596
2087-02-01,189.19835
2087-02-02,190.19073
2087-02-03,191.18312
2087-02-04,192.1755
2087-02-05,193.1679
2087-02-06,194.16028
2087-02-07,195.15266
2087-02-08,196.14505
2087-02-09,197.13744
2087-02-10,198.12982
2087-02-11,199.12222
2087-02-12,200.11461
2087-02-13,201.107
2087-02-14,202.09938
2087-02-15,203.09177
2087-02-16,204.37706
2087-02-17,205.66234
2087-02-18,206.94763
2087-02-19,208.23293
2087-02-20,209.5182
2087-02-21,210.8035
2087-02-22,212.08879
2087-02-23,213.37408
2087-02-24,214.65936
2087-02-25,215.94466
2087-02-26,217.22995
2087-02-27,218.51523
2087-02-28,219.80052
2087-03-01,221.08582
2087-03-02,222.3711
2087-03-03,223.65639
2087-03-04,224.94168
2087-03-05,226.22696
2087-03-06,227.51225
2087-03-07,228.79755
2087-03-08,230.08282
2087-03-09,231.36812
2087-03-10,232.65341
2087-03-11,233.9387
2087-03-12,235.22398
2087-03-13,236.50928
2087-03-14,237.79457
2087-03-15,239.07985
2087-03-16,240.36514
2087-03-17,241.12993
2087-03-18,241.89471
2087-03-19,242.6595
2087-03-20,243.42429
2087-03-21,244.18907
2087-03-22,244.95386
2087-03-23,245.71864
2087-03-24,246.48343
2087-03-25,247.24821
2087-03-26,248.013
2087-03-27,248.77779
2087-03-28,249.54257
2087-03-29,250.30736
2087-03-30,251.07214
2087-03-31,251.83693
2087-04-01,252.6017
2087-04-02,253.36649
2087-04-03,254.13127
2087-04-04,254.89606
2087-04-05,255.66084
2087-04-06,256.42563
2087-04-07,257.19043
2087-04-08,257.9552
2087-04-09,258.72
2087-04-10,259.48477
2087-04-11,260.24957
2087-04-12,261.01434
2087-04-13,261.77914
2087-04-14,262.5439
2087-04-15,263.30872
2087-04-16,264.0735
2087-04-17,265.4973
2087-04-18,266.9211
2087-04-19,268.34494
2087-04-20,269.76874
2087-04-21,271.19257
2087-04-22,272.61636
2087-04-23,274.0402
2087-04-24,275.46402
2087-04-25,276.88782
2087-04-26,278.31165
2087-04-27,279.73544
2087-04-28,281.15927
2087-04-29,282.58307
2087-04-30,284.0069
2087-05-01,285.43073
2087-05-02,286.85452
2087-05-03,288.27835
2087-05-04,289.70215
2087-05-05,291.12598
2087-05-06,292.54977
2087-05-07,293.9736
2087-05-08,295.3974
2087-05-09,296.82123
2087-05-10,298.24506
2087-05-11,299.66885
2087-05-12,301.09268
2087-05-13,302.51648
2087-05-14,303.9403
2087-05-15,305.3641
2087-05-16,306.78793
2087-05-17,306.786
2087-05-18,306.78412
2087-05-19,306.7822
2087-05-20,306.78027
2087-05-21,306.77835
2087-05-22,306.77646
2087-05-23,306.77454
2087-05-24,306.7726
2087-05-25,306.7707
2087-05-26,306.7688
2087-05-27,306.76688
2087-05-28,306.76495
2087-05-29,306.76303
2087-05-30,306.76114
2087-05-31,306.75922
2087-06-01,306.7573
2087-06-02,306.75537
2087-06-03,306.75348
2087-06-04,306.75156
2087-06-05,306.74963
2087-06-06,306.7477
2087-06-07,306.74582
2087-06-08,306.7439
2087-06-09,306.74197
2087-06-10,306.74005
2087-06-11,306.73816
2087-06-12,306.73624
2087-06-13,306.7343
2087-06-14,306.7324
2087-06-15,306.7305
2087-06-16,306.72858
2087-06-17,306.6024
2087-06-18,306.4762
2087-06-19,306.35
2087-06-20,306.22382
2087-06-21,306.09763
2087-06-22,305.97144
2087-06-23,305.84525
2087-06-24,305.71906
2087-06-25,305.59286
2087-06-26,305.46667
2087-06-27,305.34048
2087-06-28,305.2143
2087-06-29,305.0881
2087-06-30,304.9619
2087-07-01,304.8357
2087-07-02,304.7095
2087-07-03,304.5833
2087-07-04,304.45712
2087-07-05,304.33093
2087-07-06,304.20474
2087-07-07,304.07855
2087-07-08,303.95236
2087-07-09,303.82617
2087-07-10,303.69998
2087-07-11,303.5738
2087-07-12,303.4476
2087-07-13,303.3214
2087-07-14,303.19522
2087-07-15,303.06903
2087-07-16,302.94284
2087-07-17,301.02908
2087-07-18,299.11533
2087-07-19,297.20157
2087-07-20,295.2878
2087-07-21,293.37405
2087-07-22,291.4603
2087-07-23,289.54654
2087-07-24,287.63278
2087-07-25,285.71902
2087-07-26,283.80527
2087-07-27,281.8915
2087-07-28,279.97775
2087-07-29,278.064
2087-07-30,276.15024
2087-07-31,274.23648
2087-08-01,272.32272
2087-08-02,270.40897
2087-08-03,268.4952
2087-08-04,266.58145
2087-08-05,264.6677
2087-08-06,262.75394
2087-08-07,260.84018
2087-08-08,258.92642
2087-08-09,257.01266
2087-08-10,255.0989
2087-08-11,253.18515
2087-08-12,251.2714
2087-08-13,249.35764
2087-08-14,247.44388
2087-08-15,245.53012
2087-08-16,243.61636
2087-08-17,243.63345
2087-08-18,243.65053
2087-08-19,243.66762
2087-08-20,243.6847
2087-08-21,243.70178
2087-08-22,243.71887
2087-08-23,243.73595
2087-08-24,243.75304
2087-08-25,243.77013
2087-08-26,243.7872
2087-08-27,243.80429
2087-08-28,243.82137
2087-08-29,243.83846
2087-08-30,243.85555
2087-08-31,243.87262
2087-09-01,243.88971
2087-09-02,243.90678
2087-09-03,243.92387
2087-09-04,243.94096
2087-09-05,243.95804
2087-09-06,243.97513
2087-09-07,243.9922
2087-09-08,244.0093
2087-09-09,244.02638
2087-09-10,244.04346
2087-09-11,244.06055
2087-09-12,244.07764
2087-09-13,244.09471
2087-09-14,244.1118
2087-09-15,244.12888
2087-09-16,244.14597
2087-09-17,242.99469
2087-09-18,241.8434
2087-09-19,240.69212
2087-09-20,239.54083
2087-09-21,238.38956
2087-09-22,237.23827
2087-09-23,236.08699
2087-09-24,234.9357
2087-09-25,233.78442
2087-09-26,232.63313
2087-09-27,231.48186
2087-09-28,230.33057
2087-09-29,229.17929
2087-09-30,228.028
2087-10-01,226.87672
2087-10-02,225.72545
2087-10-03,224.57416
2087-10-04,223.42288
2087-10-05,222.27159
2087-10-06,221.12032
2087-10-07,219.96902
2087-10-08,218.81775
2087-10-09,217.66646
2087-10-10,216.51518
2087-10-11,215.36389
2087-10-12,214.21262
2087-10-13,213.06133
2087-10-14,211.91005
2087-10-15,210.75876
2087-10-16,209.60748
2087-10-17,208.16882
2087-10-18,206.73015
2087-10-19,205.29149
2087-10-20,203.85281
2087-10-21,202.41415
2087-10-22,200.97548
2087-10-23,199.53682
2087-10-24,198.09814
2087-10-25,196.65948
2087-10-26,195.22081
2087-10-27,193.78215
2087-10-28,192.34348
2087-10-29,190.90482
2087-10-30,189.46614
2087-10-31,188.02748
2087-11-01,186.5888
2087-11-02,185.15015
2087-11-03,183.71147
2087-11-04,182.27281
2087-11-05,180.83414
2087-11-06,179.39548
2087-11-07,177.9568
2087-11-08,176.51814
2087-11-09,175.07947
2087-11-10,173.64081
2087-11-11,172.20213
2087-11-12,170.76347
2087-11-13,169.3248
2087-11-14,167.88614
2087-11-15,166.44746
2087-11-16,165.0088
2087-11-17,164.83545
2087-11-18,164.66211
2087-11-19,164.48875
2087-11-20,164.31541
2087-11-21,164.14206
2087-11-22,163.96872
2087-11-23,163.79536
2087-11-24,163.62201
2087-11-25,163.44867
2087-11-26,163.27531
2087-11-27,163.10197
2087-11-28,162.92862
2087-11-29,162.75528
2087-11-30,162.58192
2087-12-01,162.40857
2087-12-02,162.23523
2087-12-03,162.06187
2087-12-04,161.88853
2087-12-05,161.71518
2087-12-06,161.54184
2087-12-07,161.36848
2087-12-08,161.19514
2087-12-09,161.02179
2087-12-10,160.84843
2087-12-11,160.6751
2087-12-12,160.50174
2087-12-13,160.3284
2087-12-14,160.15504
2087-12-15,159.9817
2087-12-16,159.80835
2087-12-17,159.67389
2087-12-18,159.53941
2087-12-19,159.40495
2087-12-20,159.2705
2087-12-21,159.13603
2087-12-22,159.00156
2087-12-23,158.8671
2087-12-24,158.73264
2087-12-25,158.59816
2087-12-26,158.4637
2087-12-27,158.32924
2087-12-28,158.19478
2087-12-29,158.0603
2087-12-30,157.92584
2087-12-31,157.79138
2088-01-01,157.6569
2088-01-02,157.52245
2088-01-03,157.38799
2088-01-04,157.25351
2088-01-05,157.11905
2088-01-06,156.98459
2088-01-07,156.85013
2088-01-08,156.71565
2088-01-09,156.58119
2088-01-10,156.44673
2088-01-11,156.31226
2088-01-12,156.1778
2088-01-13,156.04333
2088-01-14,155.90887
2088-01-15,155.7744
2088-01-16,155.63994
2088-01-17,157.16284
2088-01-18,158.68575
2088-01-19,160.20865
2088-01-20,161.73154
2088-01-21,163.25444
2088-01-22,164.77734
2088-01-23,166.30025
2088-01-24,167.82315
2088-01-25,169.34604
2088-01-26,170.86894
2088-01-27,172.39185
2088-01-28,173.91475
2088-01-29,175.43765
2088-01-30,176.96056
2088-01-31,178.48346
2088-02-01,180.00635
2088-02-02,181.52925
2088-02-03,183.05215
2088-02-04,184.57506
2088-02-05,186.09796
2088-02-06,187.62085
2088-02-07,189.14375
2088-02-08,190.66666
2088-02-09,192.18956
2088-02-10,193.71246
2088-02-11,195.23537
2088-02-12,196.75827
2088-02-13,198.28116
2088-02-14,199.80406
2088-02-15,201.32697
2088-02-16,202.31367
2088-02-17,203.3004
2088-02-18,204.28711
2088-02-19,205.27382
2088-02-20,206.26053
2088-02-21,207.24725
2088-02-22,208.23396
2088-02-23,209.22067
2088-02-24,210.20738
2088-02-25,211.1941
2088-02-26,212.18082
2088-02-27,213.16753
2088-02-28,214.15424
2088-02-29,215.14096
2088-03-01,216.12767
2088-03-02,217.11438
2088-03-03,218.1011
2088-03-04,219.08781
2088-03-05,220.07452
2088-03-06,221.06123
2088-03-07,222.04796
2088-03-08,223.03467
2088-03-09,224.02138
2088-03-10,225.00809
2088-03-11,225.99481
2088-03-12,226.98152
2088-03-13,227.96823
2088-03-14,228.95494
2088-03-15,229.94167
2088-03-16,230.92838
2088-03-17,232.76012
2088-03-18,234.59186
2088-03-19,236.4236
2088-03-20,238.25534
2088-03-21,240.08708
2088-03-22,241.91881
2088-03-23,243.75055
2088-03-24,245.58229
2088-03-25,247.41403
2088-03-26,249.24577
2088-03-27,251.07751
2088-03-28,252.90926
2088-03-29,254.741
2088-03-30,256.57272
2088-03-31,258.40448
2088-04-01,260.2362
2088-04-02,262.06796
2088-04-03,263.8997
2088-04-04,265.73145
2088-04-05,267.56317
2088-04-06,269.3949
2088-04-07,271.22665
2088-04-08,273.05838
2088-04-09,274.89014
2088-04-10,276.72186
2088-04-11,278.55362
2088-04-12,280.38535
2088-04-13,282.2171
2088-04-14,284.04883
2088-04-15,285.88058
2088-04-16,287.7123
2088-04-17,287.32904
2088-04-18,286.94577
2088-04-19,286.5625
2088-04-20,286.17923
2088-04-21,285.79596
2088-04-22,285.4127
2088-04-23,285.02942
2088-04-24,284.64615
2088-04-25,284.26288
2088-04-26,283.8796
2088-04-27,283.49634
2088-04-28,283.11307
2088-04-29,282.7298
2088-04-30,282.34653
2088-05-01,281.96326
2088-05-02,281.58
2088-05-03,281.19672
2088-05-04,280.81345
2088-05-05,280.43018
2088-05-06,280.0469
2088-05-07,279.66364
2088-05-08,279.28036
2088-05-09,278.8971
2088-05-10,278.51382
2088-05-11,278.13055
2088-05-12,277.74728
2088-05-13,277.364
2088-05-14,276.98074
2088-05-15,276.59747
2088-05-16,276.2142
2088-05-17,276.97223
2088-05-18,277.73026
2088-05-19,278.48828
2088-05-20,279.2463
2088-05-21,280.00433
2088-05-22,280.76233
2088-05-23,281.52036
2088-05-24,282.27838
2088-05-25,283.0364
2088-05-26,283.79443
2088-05-27,284.55246
2088-05-28,285.3105
2088-05-29,286.0685
2088-05-30,286.82654
2088-05-31,287.58456
2088-06-01,288.34256
2088-06-02,289.1006
2088-06-03,289.8586
2088-06-04,290.61664
2088-06-05,291.37466
2088-06-06,292.1327
2088-06-07,292.89072
2088-06-08,293.64874
2088-06-09,294.40677
2088-06-10,295.1648
2088-06-11,295.9228
2088-06-12,296.68082
2088-06-13,297.43884
2088-06-14,298.19687
2088-06-15,298.9549
2088-06-16,299.71292
2088-06-17,299.16428
2088-06-18,298.61566
2088-06-19,298.06702
2088-06-20,297.5184
2088-06-21,296.96976
2088-06-22,296.42114
2088-06-23,295.8725
2088-06-24,295.32385
2088-06-25,294.77524
2088-06-26,294.2266
2088-06-27,293.67798
2088-06-28,293.12933
2088-06-29,292.58072
2088-06-30,292.03207
2088-07-01,291.48346
2088-07-02,290.9348
2088-07-03,290.38617
2088-07-04,289.83755
2088-07-05,289.2889
2088-07-06,288.7403
2088-07-07,288.19165
2088-07-08,287.64304
2088-07-09,287.0944
2088-07-10,286.54575
2088-07-11,285.99713
2088-07-12,285.4485
2088-07-13,284.89987
2088-07-14,284.35123
2088-07-15,283.8026
2088-07-16,283.25397
2088-07-17,281.99127
2088-07-18,280.72858
2088-07-19,279.46585
2088-07-20,278.20316
2088-07-21,276.94046
2088-07-22,275.67776
2088-07-23,274.41507
2088-07-24,273.15237
2088-07-25,271.88965
2088-07-26,270.62695
2088-07-27,269.36426
2088-07-28,268.10156
2088-07-29,266.83887
2088-07-30,265.57617
2088-07-31,264.31345
2088-08-01,263.05075
2088-08-02,261.78806
2088-08-03,260.52536
2088-08-04,259.26266
2088-08-05,257.99994
2088-08-06,256.73724
2088-08-07,255.47455
2088-08-08,254.21185
2088-08-09,252.94914
2088-08-10,251.68645
2088-08-11,250.42375
2088-08-12,249.16104
2088-08-13,247.89835
2088-08-14,246.63565
2088-08-15,245.37294
2088-08-16,244.11024
2088-08-17,244.27701
2088-08-18,244.44377
2088-08-19,244.61053
2088-08-20,244.77731
2088-08-21,244.94408
2088-08-22,245.11084
2088-08-23,245.2776
2088-08-24,245.44437
2088-08-25,245.61113
2088-08-26,245.77791
2088-08-27,245.94467
2088-08-28,246.11143
2088-08-29,246.2782
2088-08-30,246.44496
2088-08-31,246.61172
2088-09-01,246.7785
2088-09-02,246.94527
2088-09-03,247.11203
2088-09-04,247.2788
2088-09-05,247.44556
2088-09-06,247.61232
2088-09-07,247.7791
2088-09-08,247.94586
2088-09-09,248.11263
2088-09-10,248.27939
2088-09-11,248.44615
2088-09-12,248.61292
2088-09-13,248.7797
2088-09-14,248.94646
2088-09-15,249.11322
2088-09-16,249.27998
2088-09-17,247.56216
2088-09-18,245.84433
2088-09-19,244.12651
2088-09-20,242.40869
2088-09-21,240.69086
2088-09-22,238.97304
2088-09-23,237.25522
2088-09-24,235.5374
2088-09-25,233.81956
2088-09-26,232.10175
2088-09-27,230.38393
2088-09-28,228.66609
2088-09-29,226.94827
2088-09-30,225.23045
2088-10-01,223.51263
2088-10-02,221.7948
2088-10-03,220.07698
2088-10-04,218.35916
2088-10-05,216.64133
2088-10-06,214.92351
2088-10-07,213.20569
2088-10-08,211.48785
2088-10-09,209.77003
2088-10-10,208.05222
2088-10-11,206.33438
2088-10-12,204.61656
2088-10-13,202.89874
2088-10-14,201.18092
2088-10-15,199.46309
2088-10-16,197.74527
2088-10-17,197.20187
2088-10-18,196.65848
2088-10-19,196.11507
2088-10-20,195.57167
2088-10-21,195.02827
2088-10-22,194.48488
2088-10-23,193.94147
2088-10-24,193.39807
2088-10-25,192.85468
2088-10-26,192.31128
2088-10-27,191.76788
2088-10-28,191.22447
2088-10-29,190.68108
2088-10-30,190.13768
2088-10-31,189.59428
2088-11-01,189.05087
2088-11-02,188.50748
2088-11-03,187.96408
2088-11-04,187.42068
2088-11-05,186.87727
2088-11-06,186.33388
2088-11-07,185.79048
2088-11-08,185.24709
2088-11-09,184.70369
2088-11-10,184.16028
2088-11-11,183.61688
2088-11-12,183.07349
2088-11-13,182.53009
2088-11-14,181.98668
2088-11-15,181.44328
2088-11-16,180.89989
2088-11-17,180.25467
2088-11-18,179.60944
2088-11-19,178.96422
2088-11-20,178.31898
2088-11-21,177.67377
2088-11-22,177.02855
2088-11-23,176.38332
2088-11-24,175.7381
2088-11-25,175.09286
2088-11-26,174.44765
2088-11-27,173.80243
2088-11-28,173.1572
2088-11-29,172.51198
2088-11-30,171.86674
2088-12-01,171.22153
2088-12-02,170.57631
2088-12-03,169.93108
2088-12-04,169.28586
2088-12-05,168.64062
2088-12-06,167.9954
2088-12-07,167.35019
2088-12-08,166.70496
2088-12-09,166.05974
2088-12-10,165.4145
2088-12-11,164.76929
2088-12-12,164.12407
2088-12-13,163.47884
2088-12-14,162.83362
2088-12-15,162.18839
2088-12-16,161.54317
2088-12-17,161.0801
2088-12-18,160.617
2088-12-19,160.15393
2088-12-20,159.69084
2088-12-21,159.22777
2088-12-22,158.76468
2088-12-23,158.3016
2088-12-24,157.83852
2088-12-25,157.37544
2088-12-26,156.91235
2088-12-27,156.44928
2088-12-28,155.9862
2088-12-29,155.52312
2088-12-30,155.06004
2088-12-31,154.59695
2089-01-01,154.13388
2089-01-02,153.67079
2089-01-03,153.20772
2089-01-04,152.74463
2089-01-05,152.28156
2089-01-06,151.81848
2089-01-07,151.3554
2089-01-08,150.89232
2089-01-09,150.42923
2089-01-10,149.96616
2089-01-11,149.50307
2089-01-12,149.04
2089-01-13,148.5769
2089-01-14,148.11383
2089-01-15,147.65074
2089-01-16,147.18767
2089-01-17,148.69872
2089-01-18,150.20976
2089-01-19,151.72081
2089-01-20,153.23186
2089-01-21,154.7429
2089-01-22,156.25395
2089-01-23,157.765
2089-01-24,159.27603
2089-01-25,160.78708
2089-01-26,162.29813
2089-01-27,163.80917
2089-01-28,165.32022
2089-01-29,166.83127
2089-01-30,168.34232
2089-01-31,169.85336
2089-02-01,171.36441
2089-02-02,172.87546
2089-02-03,174.3865
2089-02-04,175.89755
2089-02-05,177.4086
2089-02-06,178.91965
2089-02-07,180.4307
2089-02-08,181.94173
2089-02-09,183.45277
2089-02-10,184.96382
2089-02-11,186.47487
2089-02-12,187.98592
2089-02-13,189.49696
2089-02-14,191.00801
2089-02-15,192.51906
2089-02-16,194.2552
2089-02-17,195.99135
2089-02-18,197.7275
2089-02-19,199.46364
2089-02-20,201.19978
2089-02-21,202.93593
2089-02-22,204.67207
2089-02-23,206.4082
2089-02-24,208.14435
2089-02-25,209.8805
2089-02-26,211.61664
2089-02-27,213.35278
2089-02-28,215.08893
2089-03-01,216.82507
2089-03-02,218.56122
2089-03-03,220.29736
2089-03-04,222.03351
2089-03-05,223.76965
2089-03-06,225.5058
2089-03-07,227.24194
2089-03-08,228.97809
2089-03-09,230.71422
2089-03-10,232.45036
2089-03-11,234.18651
2089-03-12,235.92265
2089-03-13,237.6588
2089-03-14,239.39494
2089-03-15,241.13109
2089-03-16,242.86723
2089-03-17,244.08098
2089-03-18,245.29472
2089-03-19,246.50847
2089-03-20,247.72221
2089-03-21,248.93596
2089-03-22,250.1497
2089-03-23,251.36345
2089-03-24,252.5772
2089-03-25,253.79094
2089-03-26,255.00468
2089-03-27,256.2184
2089-03-28,257.43216
2089-03-29,258.6459
2089-03-30,259.85965
2089-03-31,261.0734
2089-04-01,262.28714
2089-04-02,263.5009
2089-04-03,264.71463
2089-04-04,265.92838
2089-04-05,267.14212
2089-04-06,268.35587
2089-04-07,269.5696
2089-04-08,270.78336
2089-04-09,271.9971
2089-04-10,273.21085
2089-04-11,274.4246
2089-04-12,275.63834
2089-04-13,276.85208
2089-04-14,278.06583
2089-04-15,279.27957
2089-04-16,280.49332
2089-04-17,280.99197
2089-04-18,281.49066
2089-04-19,281.98932
2089-04-20,282.488
2089-04-21,282.98666
2089-04-22,283.48535
2089-04-23,283.984
2089-04-24,284.48267
2089-04-25,284.98135
2089-04-26,285.48
2089-04-27,285.9787
2089-04-28,286.47736
2089-04-29,286.97604
2089-04-30,287.4747
2089-05-01,287.9734
2089-05-02,288.47205
2089-05-03,288.9707
2089-05-04,289.4694
2089-05-05,289.96805
2089-05-06,290.46674
2089-05-07,290.9654
2089-05-08,291.46408
2089-05-09,291.96274
2089-05-10,292.4614
2089-05-11,292.96008
2089-05-12,293.45874
2089-05-13,293.95743
2089-05-14,294.4561
2089-05-15,294.95477
2089-05-16,295.45343
2089-05-17,295.79465
2089-05-18,296.1359
2089-05-19,296.4771
2089-05-20,296.81833
2089-05-21,297.15955
2089-05-22,297.5008
2089-05-23,297.842
2089-05-24,298.18323
2089-05-25,298.52448
2089-05-26,298.8657
2089-05-27,299.2069
2089-05-28,299.54813
2089-05-29,299.88937
2089-05-30,300.2306
2089-05-31,300.5718
2089-06-01,300.91306
2089-06-02,301.25427
2089-06-03,301.5955
2089-06-04,301.93674
2089-06-05,302.27795
2089-06-06,302.61917
2089-06-07,302.9604
2089-06-08,303.30164
2089-06-09,303.64285
2089-06-10,303.98407
2089-06-11,304.32532
2089-06-12,304.66653
2089-06-13,305.00775
2089-06-14,305.34897
2089-06-15,305.69022
2089-06-16,306.03143
2089-06-17,305.73874
2089-06-18,305.44604
2089-06-19,305.15335
2089-06-20,304.8607
2089-06-21,304.568
2089-06-22,304.2753
2089-06-23,303.9826
2089-06-24,303.6899
2089-06-25,303.39722
2089-06-26,303.10452
2089-06-27,302.81183
2089-06-28,302.51917
2089-06-29,302.22647
2089-06-30,301.93378
2089-07-01,301.64108
2089-07-02,301.3484
2089-07-03,301.0557
2089-07-04,300.763
2089-07-05,300.47034
2089-07-06,300.17764
2089-07-07,299.88495
2089-07-08,299.59225
2089-07-09,299.29956
2089-07-10,299.00687
2089-07-11,298.71417
2089-07-12,298.42148
2089-07-13,298.1288
2089-07-14,297.83612
2089-07-15,297.54343
2089-07-16,297.25073
2089-07-17,296.70435
2089-07-18,296.15793
2089-07-19,295.61154
2089-07-20,295.06516
2089-07-21,294.51877
2089-07-22,293.97235
2089-07-23,293.42596
2089-07-24,292.87958
2089-07-25,292.33316
2089-07-26,291.78677
2089-07-27,291.2404
2089-07-28,290.694
2089-07-29,290.14758
2089-07-30,289.6012
2089-07-31,289.0548
2089-08-01,288.5084
2089-08-02,287.962
2089-08-03,287.41562
2089-08-04,286.8692
2089-08-05,286.3228
2089-08-06,285.77643
2089-08-07,285.23004
2089-08-08,284.68362
2089-08-09,284.13724
2089-08-10,283.59085
2089-08-11,283.04443
2089-08-12,282.49805
2089-08-13,281.95166
2089-08-14,281.40527
2089-08-15,280.85886
2089-08-16,280.31247
2089-08-17,278.85968
2089-08-18,277.4069
2089-08-19,275.95407
2089-08-20,274.50128
2089-08-21,273.0485
2089-08-22,271.5957
2089-08-23,270.1429
2089-08-24,268.6901
2089-08-25,267.2373
2089-08-26,265.78452
2089-08-27,264.33173
2089-08-28,262.87894
2089-08-29,261.42612
2089-08-30,259.97333
2089-08-31,258.52054
2089-09-01,257.06775
2089-09-02,255.61494
2089-09-03,254.16216
2089-09-04,252.70937
2089-09-05,251.25656
2089-09-06,249.80377
2089-09-07,248.35097
2089-09-08,246.89818
2089-09-09,245.44539
2089-09-10,243.99258
2089-09-11,242.5398
2089-09-12,241.087
2089-09-13,239.6342
2089-09-14,238.18141
2089-09-15,236.7286
2089-09-16,235.27582
2089-09-17,234.6333
2089-09-18,233.99078
2089-09-19,233.34827
2089-09-20,232.70575
2089-09-21,232.06323
2089-09-22,231.42072
2089-09-23,230.7782
2089-09-24,230.13568
2089-09-25,229.49316
2089-09-26,228.85065
2089-09-27,228.20813
2089-09-28,227.56561
2089-09-29,226.9231
2089-09-30,226.28058
2089-10-01,225.63806
2089-10-02,224.99556
2089-10-03,224.35304
2089-10-04,223.71053
2089-10-05,223.06801
2089-10-06,222.42549
2089-10-07,221.78297
2089-10-08,221.14046
2089-10-09,220.49794
2089-10-10,219.85542
2089-10-11,219.2129
2089-10-12,218.57039
2089-10-13,217.92787
2089-10-14,217.28535
2089-10-15,216.64284
2089-10-16,216.00032
2089-10-17,214.85884
2089-10-18,213.71736
2089-10-19,212.57588
2089-10-20,211.4344
2089-10-21,210.29292
2089-10-22,209.15144
2089-10-23,208.00996
2089-10-24,206.86848
2089-10-25,205.727
2089-10-26,204.58553
2089-10-27,203.44405
2089-10-28,202.30257
2089-10-29,201.16109
2089-10-30,200.0196
2089-10-31,198.87813
2089-11-01,197.73666
2089-11-02,196.59518
2089-11-03,195.4537
2089-11-04,194.31223
2089-11-05,193.17075
2089-11-06,192.02927
2089-11-07,190.88779
2089-11-08,189.7463
2089-11-09,188.60483
2089-11-10,187.46335
2089-11-11,186.32187
2089-11-12,185.18039
2089-11-13,184.03891
2089-11-14,182.89743
2089-11-15,181.75595
2089-11-16,180.61447
2089-11-17,179.40154
2089-11-18,178.18861
2089-11-19,176.97568
2089-11-20,175.76274
2089-11-21,174.54982
2089-11-22,173.33688
2089-11-23,172.12395
2089-11-24,170.91103
2089-11-25,169.69809
2089-11-26,168.48515
2089-11-27,167.27223
2089-11-28,166.0593
2089-11-29,164.84636
2089-11-30,163.63344
2089-12-01,162.4205
2089-12-02,161.20757
2089-12-03,159.99464
2089-12-04,158.78171
2089-12-05,157.56877
2089-12-06,156.35585
2089-12-07,155.14291
2089-12-08,153.92998
2089-12-09,152.71706
2089-12-10,151.50412
2089-12-11,150.29118
2089-12-12,149.07826
2089-12-13,147.86533
2089-12-14,146.65239
2089-12-15,145.43947
2089-12-16,144.22653
2089-12-17,144.7799
2089-12-18,145.33328
2089-12-19,145.88666
2089-12-20,146.44003
2089-12-21,146.99341
2089-12-22,147.54677
2089-12-23,148.10014
2089-12-24,148.65352
2089-12-25,149.2069
2089-12-26,149.76027
2089-12-27,150.31364
2089-12-28,150.86702
2089-12-29,151.4204
2089-12-30,151.97377
2089-12-31,152.52715
2090-01-01,153.0805
2090-01-02,153.63388
2090-01-03,154.18726
2090-01-04,154.74063
2090-01-05,155.294
2090-01-06,155.84738
2090-01-07,156.40076
2090-01-08,156.95413
2090-01-09,157.5075
2090-01-10,158.06088
2090-01-11,158.61424
2090-01-12,159.16762
2090-01-13,159.721
2090-01-14,160.27437
2090-01-15,160.82774
2090-01-16,161.38112
2090-01-17,161.21883
2090-01-18,161.05655
2090-01-19,160.89426
2090-01-20,160.73196
2090-01-21,160.56969
2090-01-22,160.4074
2090-01-23,160.24512
2090-01-24,160.08282
2090-01-25,159.92053
2090-01-26,159.75826
2090-01-27,159.59596
2090-01-28,159.43367
2090-01-29,159.2714
2090-01-30,159.1091
2090-01-31,158.94681
2090-02-01,158.78453
2090-02-02,158.62224
2090-02-03,158.45996
2090-02-04,158.29767
2090-02-05,158.13538
2090-02-06,157.9731
2090-02-07,157.8108
2090-02-08,157.64851
2090-02-09,157.48624
2090-02-10,157.32394
2090-02-11,157.16167
2090-02-12,156.99937
2090-02-13,156.83708
2090-02-14,156.6748
2090-02-15,156.51251
2090-02-16,159.3612
2090-02-17,162.20988
2090-02-18,165.05858
2090-02-19,167.90727
2090-02-20,170.75595
2090-02-21,173.60464
2090-02-22,176.45334
2090-02-23,179.30203
2090-02-24,182.15071
2090-02-25,184.9994
2090-02-26,187.8481
2090-02-27,190.69678
2090-02-28,193.54547
2090-03-01,196.39417
2090-03-02,199.24284
2090-03-03,202.09154
2090-03-04,204.94023
2090-03-05,207.78891
2090-03-06,210.6376
2090-03-07,213.4863
2090-03-08,216.33498
2090-03-09,219.18367
2090-03-10,222.03236
2090-03-11,224.88106
2090-03-12,227.72974
2090-03-13,230.57843
2090-03-14,233.42712
2090-03-15,236.2758
2090-03-16,239.1245
2090-03-17,240.18335
2090-03-18,241.24222
2090-03-19,242.30107
2090-03-20,243.35992
2090-03-21,244.41878
2090-03-22,245.47765
2090-03-23,246.5365
2090-03-24,247.59535
2090-03-25,248.6542
2090-03-26,249.71307
2090-03-27,250.77193
2090-03-28,251.83078
2090-03-29,252.88963
2090-03-30,253.9485
2090-03-31,255.00735
2090-04-01,256.06622
2090-04-02,257.12506
2090-04-03,258.18393
2090-04-04,259.24277
2090-04-05,260.30164
2090-04-06,261.3605
2090-04-07,262.41934
2090-04-08,263.4782
2090-04-09,264.53708
2090-04-10,265.59592
2090-04-11,266.6548
2090-04-12,267.71362
2090-04-13,268.7725
2090-04-14,269.83136
2090-04-15,270.8902
2090-04-16,271.94907
2090-04-17,272.71353
2090-04-18,273.478
2090-04-19,274.24243
2090-04-20,275.0069
2090-04-21,275.77136
2090-04-22,276.53583
2090-04-23,277.3003
2090-04-24,278.06476
2090-04-25,278.82922
2090-04-26,279.59366
2090-04-27,280.35812
2090-04-28,281.1226
2090-04-29,281.88705
2090-04-30,282.65152
2090-05-01,283.41595
2090-05-02,284.18042
2090-05-03,284.9449
2090-05-04,285.70935
2090-05-05,286.47382
2090-05-06,287.23828
2090-05-07,288.00275
2090-05-08,288.76718
2090-05-09,289.53165
2090-05-10,290.2961
2090-05-11,291.06058
2090-05-12,291.82504
2090-05-13,292.58948
2090-05-14,293.35394
2090-05-15,294.1184
2090-05-16,294.88287
2090-05-17,294.91434
2090-05-18,294.9458
2090-05-19,294.97726
2090-05-20,295.00876
2090-05-21,295.04022
2090-05-22,295.0717
2090-05-23,295.10315
2090-05-24,295.1346
2090-05-25,295.16608
2090-05-26,295.19754
2090-05-27,295.229
2090-05-28,295.2605
2090-05-29,295.29196
2090-05-30,295.32343
2090-05-31,295.3549
2090-06-01,295.38635
2090-06-02,295.41782
2090-06-03,295.44928
2090-06-04,295.48074
2090-06-05,295.51224
2090-06-06,295.5437
2090-06-07,295.57516
2090-06-08,295.60663
2090-06-09,295.6381
2090-06-10,295.66956
2090-06-11,295.70102
2090-06-12,295.73248
2090-06-13,295.76398
2090-06-14,295.79544
2090-06-15,295.8269
2090-06-16,295.85837
2090-06-17,295.8716
2090-06-18,295.8849
2090-06-19,295.89813
2090-06-20,295.9114
2090-06-21,295.92465
2090-06-22,295.9379
2090-06-23,295.95117
2090-06-24,295.96442
2090-06-25,295.9777
2090-06-26,295.99094
2090-06-27,296.00418
2090-06-28,296.01746
2090-06-29,296.0307
2090-06-30,296.04398
2090-07-01,296.05722
2090-07-02,296.07047
2090-07-03,296.08374
2090-07-04,296.097
2090-07-05,296.11026
2090-07-06,296.1235
2090-07-07,296.13675
2090-07-08,296.15002
2090-07-09,296.16327
2090-07-10,296.17654
2090-07-11,296.1898
2090-07-12,296.20303
2090-07-13,296.2163
2090-07-14,296.22955
2090-07-15,296.24283
2090-07-16,296.25607
2090-07-17,295.17868
2090-07-18,294.10126
2090-07-19,293.02386
2090-07-20,291.94647
2090-07-21,290.86908
2090-07-22,289.79166
2090-07-23,288.71426
2090-07-24,287.63687
2090-07-25,286.55945
2090-07-26,285.48206
2090-07-27,284.40466
2090-07-28,283.32727
2090-07-29,282.24985
2090-07-30,281.17245
2090-07-31,280.09506
2090-08-01,279.01764
2090-08-02,277.94025
2090-08-03,276.86285
2090-08-04,275.78543
2090-08-05,274.70804
2090-08-06,273.63065
2090-08-07,272.55325
2090-08-08,271.47583
2090-08-09,270.39844
2090-08-10,269.32104
2090-08-11,268.24362
2090-08-12,267.16623
2090-08-13,266.08884
2090-08-14,265.01144
2090-08-15,263.93402
2090-08-16,262.85663
2090-08-17,261.01093
2090-08-18,259.16525
2090-08-19,257.31955
2090-08-20,255.47386
2090-08-21,253.62817
2090-08-22,251.78249
2090-08-23,249.93678
2090-08-24,248.0911
2090-08-25,246.2454
2090-08-26,244.39972
2090-08-27,242.55403
2090-08-28,240.70833
2090-08-29,238.86264
2090-08-30,237.01695
2090-08-31,235.17126
2090-09-01,233.32556
2090-09-02,231.47987
2090-09-03,229.63419
2090-09-04,227.7885
2090-09-05,225.9428
2090-09-06,224.0971
2090-09-07,222.25142
2090-09-08,220.40573
2090-09-09,218.56004
2090-09-10,216.71434
2090-09-11,214.86865
2090-09-12,213.02296
2090-09-13,211.17728
2090-09-14,209.33157
2090-09-15,207.48589
2090-09-16,205.6402
2090-09-17,205.94333
2090-09-18,206.24646
2090-09-19,206.5496
2090-09-20,206.85274
2090-09-21,207.15587
2090-09-22,207.459
2090-09-23,207.76213
2090-09-24,208.06528
2090-09-25,208.36841
2090-09-26,208.67154
2090-09-27,208.97467
2090-09-28,209.2778
2090-09-29,209.58095
2090-09-30,209.88408
2090-10-01,210.18721
2090-10-02,210.49034
2090-10-03,210.79347
2090-10-04,211.09662
2090-10-05,211.39975
2090-10-06,211.70288
2090-10-07,212.00601
2090-10-08,212.30914
2090-10-09,212.61229
2090-10-10,212.91542
2090-10-11,213.21855
2090-10-12,213.52168
2090-10-13,213.82481
2090-10-14,214.12796
2090-10-15,214.43109
2090-10-16,214.73422
2090-10-17,214.01497
2090-10-18,213.29572
2090-10-19,212.57646
2090-10-20,211.85722
2090-10-21,211.13797
2090-10-22,210.41872
2090-10-23,209.69946
2090-10-24,208.98021
2090-10-25,208.26096
2090-10-26,207.5417
2090-10-27,206.82245
2090-10-28,206.10321
2090-10-29,205.38396
2090-10-30,204.6647
2090-10-31,203.94545
2090-11-01,203.2262
2090-11-02,202.50694
2090-11-03,201.78769
2090-11-04,201.06844
2090-11-05,200.3492
2090-11-06,199.62994
2090-11-07,198.91069
2090-11-08,198.19144
2090-11-09,197.47218
2090-11-10,196.75293
2090-11-11,196.03368
2090-11-12,195.31442
2090-11-13,194.59518
2090-11-14,193.87593
2090-11-15,193.15668
2090-11-16,192.43742
2090-11-17,191.59122
2090-11-18,190.745
2090-11-19,189.89879
2090-11-20,189.05258
2090-11-21,188.20636
2090-11-22,187.36015
2090-11-23,186.51393
2090-11-24,185.66772
2090-11-25,184.82152
2090-11-26,183.9753
2090-11-27,183.12909
2090-11-28,182.28288
2090-11-29,181.43666
2090-11-30,180.59045
2090-12-01,179.74423
2090-12-02,178.89803
2090-12-03,178.05182
2090-12-04,177.2056
2090-12-05,176.35939
2090-12-06,175.51318
2090-12-07,174.66696
2090-12-08,173.82076
2090-12-09,172.97455
2090-12-10,172.12833
2090-12-11,171.28212
2090-12-12,170.4359
2090-12-13,169.58969
2090-12-14,168.74348
2090-12-15,167.89726
2090-12-16,167.05106
2090-12-17,167.25652
2090-12-18,167.46198
2090-12-19,167.66743
2090-12-20,167.87291
2090-12-21,168.07837
2090-12-22,168.28383
2090-12-23,168.48929
2090-12-24,168.69475
2090-12-25,168.9002
2090-12-26,169.10567
2090-12-27,169.31113
2090-12-28,169.5166
2090-12-29,169.72206
2090-12-30,169.92752
2090-12-31,170.13298
2091-01-01,170.33844
2091-01-02,170.5439
2091-01-03,170.74936
2091-01-04,170.95482
2091-01-05,171.1603
2091-01-06,171.36575
2091-01-07,171.57121
2091-01-08,171.77667
2091-01-09,171.98213
2091-01-10,172.18759
2091-01-11,172.39305
2091-01-12,172.59851
2091-01-13,172.80399
2091-01-14,173.00945
2091-01-15,173.2149
2091-01-16,173.42036
2091-01-17,173.97742
2091-01-18,174.53447
2091-01-19,175.09152
2091-01-20,175.64857
2091-01-21,176.20563
2091-01-22,176.76266
2091-01-23,177.31972
2091-01-24,177.87677
2091-01-25,178.43382
2091-01-26,178.99088
2091-01-27,179.54793
2091-01-28,180.10498
2091-01-29,180.66203
2091-01-30,181.21909
2091-01-31,181.77612
2091-02-01,182.33318
2091-02-02,182.89023
2091-02-03,183.44728
2091-02-04,184.00433
2091-02-05,184.56139
2091-02-06,185.11844
2091-02-07,185.67549
2091-02-08,186.23254
2091-02-09,186.7896
2091-02-10,187.34665
2091-02-11,187.90369
2091-02-12,188.46074
2091-02-13,189.01779
2091-02-14,189.57484
2091-02-15,190.1319
2091-02-16,191.12549
2091-02-17,192.11908
2091-02-18,193.11269
2091-02-19,194.10628
2091-02-20,195.09987
2091-02-21,196.09346
2091-02-22,197.08705
2091-02-23,198.08064
2091-02-24,199.07425
2091-02-25,200.06784
2091-02-26,201.06143
2091-02-27,202.05502
2091-02-28,203.04861
2091-03-01,204.0422
2091-03-02,205.03581
2091-03-03,206.0294
2091-03-04,207.023
2091-03-05,208.01659
2091-03-06,209.01018
2091-03-07,210.00377
2091-03-08,210.99738
2091-03-09,211.99097
2091-03-10,212.98456
2091-03-11,213.97815
2091-03-12,214.97174
2091-03-13,215.96533
2091-03-14,216.95894
2091-03-15,217.95253
2091-03-16,218.94612
2091-03-17,220.64238
2091-03-18,222.33864
2091-03-19,224.0349
2091-03-20,225.73117
2091-03-21,227.42743
2091-03-22,229.12369
2091-03-23,230.81995
2091-03-24,232.5162
2091-03-25,234.21246
2091-03-26,235.90874
2091-03-27,237.605
2091-03-28,239.30125
2091-03-29,240.99751
2091-03-30,242.69377
2091-03-31,244.39003
2091-04-01,246.0863
2091-04-02,247.78256
2091-04-03,249.47882
2091-04-04,251.17508
2091-04-05,252.87134
2091-04-06,254.5676
2091-04-07,256.26385
2091-04-08,257.9601
2091-04-09,259.65637
2091-04-10,261.35266
2091-04-11,263.04892
2091-04-12,264.74518
2091-04-13,266.44144
2091-04-14,268.1377
2091-04-15,269.83395
2091-04-16,271.5302
2091-04-17,272.67145
2091-04-18,273.81268
2091-04-19,274.9539
2091-04-20,276.09512
2091-04-21,277.23636
2091-04-22,278.3776
2091-04-23,279.5188
2091-04-24,280.66003
2091-04-25,281.80127
2091-04-26,282.9425
2091-04-27,284.0837
2091-04-28,285.22495
2091-04-29,286.36618
2091-04-30,287.50742
2091-05-01,288.64862
2091-05-02,289.78986
2091-05-03,290.9311
2091-05-04,292.07233
2091-05-05,293.21356
2091-05-06,294.35477
2091-05-07,295.496
2091-05-08,296.63724
2091-05-09,297.77847
2091-05-10,298.91968
2091-05-11,300.0609
2091-05-12,301.20215
2091-05-13,302.34338
2091-05-14,303.4846
2091-05-15,304.62582
2091-05-16,305.76706
2091-05-17,305.77872
2091-05-18,305.79037
2091-05-19,305.80203
2091-05-20,305.81366
2091-05-21,305.82532
2091-05-22,305.83698
2091-05-23,305.84863
2091-05-24,305.8603
2091-05-25,305.87195
2091-05-26,305.88358
2091-05-27,305.89523
2091-05-28,305.9069
2091-05-29,305.91855
2091-05-30,305.9302
2091-05-31,305.94186
2091-06-01,305.9535
2091-06-02,305.96515
2091-06-03,305.9768
2091-06-04,305.98846
2091-06-05,306.00012
2091-06-06,306.01178
2091-06-07,306.0234
2091-06-08,306.03506
2091-06-09,306.04672
2091-06-10,306.05838
2091-06-11,306.07004
2091-06-12,306.0817
2091-06-13,306.09332
2091-06-14,306.10498
2091-06-15,306.11664
2091-06-16,306.1283
2091-06-17,305.0477
2091-06-18,303.96713
2091-06-19,302.88654
2091-06-20,301.80594
2091-06-21,300.72537
2091-06-22,299.64478
2091-06-23,298.5642
2091-06-24,297.4836
2091-06-25,296.403
2091-06-26,295.32245
2091-06-27,294.24185
2091-06-28,293.16125
2091-06-29,292.0807
2091-06-30,291.0001
2091-07-01,289.9195
2091-07-02,288.83893
2091-07-03,287.75833
2091-07-04,286.67776
2091-07-05,285.59717
2091-07-06,284.51657
2091-07-07,283.436
2091-07-08,282.3554
2091-07-09,281.2748
2091-07-10,280.19424
2091-07-11,279.11365
2091-07-12,278.03308
2091-07-13,276.95248
2091-07-14,275.8719
2091-07-15,274.79132
2091-07-16,273.71072
2091-07-17,273.82547
2091-07-18,273.94022
2091-07-19,274.05496
2091-07-20,274.1697
2091-07-21,274.28445
2091-07-22,274.3992
2091-07-23,274.51395
2091-07-24,274.6287
2091-07-25,274.74344
2091-07-26,274.8582
2091-07-27,274.97293
2091-07-28,275.08768
2091-07-29,275.20242
2091-07-30,275.31717
2091-07-31,275.43192
2091-08-01,275.5467
2091-08-02,275.66144
2091-08-03,275.77618
2091-08-04,275.89093
2091-08-05,276.00568
2091-08-06,276.12042
2091-08-07,276.23517
2091-08-08,276.3499
2091-08-09,276.46466
2091-08-10,276.5794
2091-08-11,276.69415
2091-08-12,276.8089
2091-08-13,276.92365
2091-08-14,277.0384
2091-08-15,277.15314
2091-08-16,277.26788
2091-08-17,276.39944
2091-08-18,275.531
2091-08-19,274.66257
2091-08-20,273.79413
2091-08-21,272.9257
2091-08-22,272.05725
2091-08-23,271.1888
2091-08-24,270.32037
2091-08-25,269.45193
2091-08-26,268.5835
2091-08-27,267.71506
2091-08-28,266.84662
2091-08-29,265.97818
2091-08-30,265.10974
2091-08-31,264.2413
2091-09-01,263.37286
2091-09-02,262.50443
2091-09-03,261.636
2091-09-04,260.76755
2091-09-05,259.8991
2091-09-06,259.03067
2091-09-07,258.16223
2091-09-08,257.2938
2091-09-09,256.42535
2091-09-10,255.55692
2091-09-11,254.68848
2091-09-12,253.82004
2091-09-13,252.9516
2091-09-14,252.08316
2091-09-15,251.21472
2091-09-16,250.34628
2091-09-17,249.3438
2091-09-18,248.34131
2091-09-19,247.33882
2091-09-20,246.33633
2091-09-21,245.33385
2091-09-22,244.33136
2091-09-23,243.32887
2091-09-24,242.32637
2091-09-25,241.32388
2091-09-26,240.3214
2091-09-27,239.31891
2091-09-28,238.31642
2091-09-29,237.31393
2091-09-30,236.31145
2091-10-01,235.30896
2091-10-02,234.30647
2091-10-03,233.30399
2091-10-04,232.3015
2091-10-05,231.29901
2091-10-06,230.29652
2091-10-07,229.29404
2091-10-08,228.29155
2091-10-09,227.28905
2091-10-10,226.28656
2091-10-11,225.28407
2091-10-12,224.28159
2091-10-13,223.2791
2091-10-14,222.27661
2091-10-15,221.27412
2091-10-16,220.27164
2091-10-17,218.84991
2091-10-18,217.42819
2091-10-19,216.00647
2091-10-20,214.58473
2091-10-21,213.16301
2091-10-22,211.74129
2091-10-23,210.31956
2091-10-24,208.89784
2091-10-25,207.47612
2091-10-26,206.05438
2091-10-27,204.63266
2091-10-28,203.21094
2091-10-29,201.78922
2091-10-30,200.3675
2091-10-31,198.94577
2091-11-01,197.52403
2091-11-02,196.10231
2091-11-03,194.68059
2091-11-04,193.25887
2091-11-05,191.83714
2091-11-06,190.41542
2091-11-07,188.99368
2091-11-08,187.57196
2091-11-09,186.15024
2091-11-10,184.72852
2091-11-11,183.3068
2091-11-12,181.88507
2091-11-13,180.46333
2091-11-14,179.04161
2091-11-15,177.61989
2091-11-16,176.19817
2091-11-17,175.75887
2091-11-18,175.31956
2091-11-19,174.88026
2091-11-20,174.44096
2091-11-21,174.00166
2091-11-22,173.56236
2091-11-23,173.12306
2091-11-24,172.68375
2091-11-25,172.24445
2091-11-26,171.80515
2091-11-27,171.36584
2091-11-28,170.92654
2091-11-29,170.48724
2091-11-30,170.04794
2091-12-01,169.60864
2091-12-02,169.16934
2091-12-03,168.73004
2091-12-04,168.29074
2091-12-05,167.85144
2091-12-06,167.41214
2091-12-07,166.97284
2091-12-08,166.53354
2091-12-09,166.09422
2091-12-10,165.65492
2091-12-11,165.21562
2091-12-12,164.77632
2091-12-13,164.33702
2091-12-14,163.89772
2091-12-15,163.45842
2091-12-16,163.01912
2091-12-17,163.42189
2091-12-18,163.82466
2091-12-19,164.22743
2091-12-20,164.63022
2091-12-21,165.03299
2091-12-22,165.43576
2091-12-23,165.83853
2091-12-24,166.2413
2091-12-25,166.64407
2091-12-26,167.04684
2091-12-27,167.44962
2091-12-28,167.8524
2091-12-29,168.25517
2091-12-30,168.65794
2091-12-31,169.06071
2092-01-01,169.46349
2092-01-02,169.86626
2092-01-03,170.26903
2092-01-04,170.6718
2092-01-05,171.07458
2092-01-06,171.47736
2092-01-07,171.88013
2092-01-08,172.2829
2092-01-09,172.68567
2092-01-10,173.08844
2092-01-11,173.49121
2092-01-12,173.89398
2092-01-13,174.29677
2092-01-14,174.69954
2092-01-15,175.10231
2092-01-16,175.50508
2092-01-17,176.97673
2092-01-18,178.44838
2092-01-19,179.92003
2092-01-20,181.39168
2092-01-21,182.86333
2092-01-22,184.33498
2092-01-23,185.80663
2092-01-24,187.27826
2092-01-25,188.74991
2092-01-26,190.22156
2092-01-27,191.6932
2092-01-28,193.16486
2092-01-29,194.6365
2092-01-30,196.10815
2092-01-31,197.5798
2092-02-01,199.05145
2092-02-02,200.5231
2092-02-03,201.99475
2092-02-04,203.4664
2092-02-05,204.93805
2092-02-06,206.4097
2092-02-07,207.88135
2092-02-08,209.35298
2092-02-09,210.82463
2092-02-10,212.29628
2092-02-11,213.76793
2092-02-12,215.23958
2092-02-13,216.71123
2092-02-14,218.18288
2092-02-15,219.65453
2092-02-16,220.933
2092-02-17,222.21149
2092-02-18,223.48996
2092-02-19,224.76843
2092-02-20,226.04692
2092-02-21,227.3254
2092-02-22,228.60388
2092-02-23,229.88235
2092-02-24,231.16083
2092-02-25,232.43932
2092-02-26,233.71779
2092-02-27,234.99626
2092-02-28,236.27475
2092-02-29,237.55322
2092-03-01,238.8317
2092-03-02,240.11018
2092-03-03,241.38866
2092-03-04,242.66714
2092-03-05,243.94562
2092-03-06,245.22409
2092-03-07,246.50258
2092-03-08,247.78105
2092-03-09,249.05952
2092-03-10,250.33801
2092-03-11,251.61649
2092-03-12,252.89497
2092-03-13,254.17345
2092-03-14,255.45192
2092-03-15,256.7304
2092-03-16,258.00888
2092-03-17,258.98935
2092-03-18,259.96985
2092-03-19,260.95032
2092-03-20,261.93082
2092-03-21,262.9113
2092-03-22,263.89178
2092-03-23,264.87225
2092-03-24,265.85275
2092-03-25,266.83322
2092-03-26,267.81372
2092-03-27,268.7942
2092-03-28,269.77466
2092-03-29,270.75516
2092-03-30,271.73563
2092-03-31,272.71613
2092-04-01,273.6966
2092-04-02,274.6771
2092-04-03,275.65756
2092-04-04,276.63806
2092-04-05,277.61853
2092-04-06,278.599
2092-04-07,279.5795
2092-04-08,280.55997
2092-04-09,281.54047
2092-04-10,282.52094
2092-04-11,283.50143
2092-04-12,284.4819
2092-04-13,285.4624
2092-04-14,286.44287
2092-04-15,287.42337
2092-04-16,288.40384
2092-04-17,288.67065
2092-04-18,288.93744
2092-04-19,289.20425
2092-04-20,289.47104
2092-04-21,289.73785
2092-04-22,290.00467
2092-04-23,290.27145
2092-04-24,290.53827
2092-04-25,290.80505
2092-04-26,291.07187
2092-04-27,291.33868
2092-04-28,291.60547
2092-04-29,291.87228
2092-04-30,292.13907
2092-05-01,292.40588
2092-05-02,292.6727
2092-05-03,292.93948
2092-05-04,293.2063
2092-05-05,293.47308
2092-05-06,293.7399
2092-05-07,294.0067
2092-05-08,294.2735
2092-05-09,294.5403
2092-05-10,294.8071
2092-05-11,295.0739
2092-05-12,295.34073
2092-05-13,295.6075
2092-05-14,295.87433
2092-05-15,296.1411
2092-05-16,296.40793
2092-05-17,296.57922
2092-05-18,296.75055
2092-05-19,296.92184
2092-05-20,297.09317
2092-05-21,297.26447
2092-05-22,297.4358
2092-05-23,297.6071
2092-05-24,297.77838
2092-05-25,297.9497
2092-05-26,298.121
2092-05-27,298.29233
2092-05-28,298.46362
2092-05-29,298.63492
2092-05-30,298.80624
2092-05-31,298.97754
2092-06-01,299.14886
2092-06-02,299.32016
2092-06-03,299.4915
2092-06-04,299.66278
2092-06-05,299.83408
2092-06-06,300.0054
2092-06-07,300.1767
2092-06-08,300.34802
2092-06-09,300.51932
2092-06-10,300.6906
2092-06-11,300.86194
2092-06-12,301.03323
2092-06-13,301.20456
2092-06-14,301.37585
2092-06-15,301.54718
2092-06-16,301.71848
2092-06-17,301.37253
2092-06-18,301.0266
2092-06-19,300.68066
2092-06-20,300.33472
2092-06-21,299.98877
2092-06-22,299.64285
2092-06-23,299.2969
2092-06-24,298.95096
2092-06-25,298.605
2092-06-26,298.2591
2092-06-27,297.91315
2092-06-28,297.5672
2092-06-29,297.22125
2092-06-30,296.87534
2092-07-01,296.5294
2092-07-02,296.18344
2092-07-03,295.83752
2092-07-04,295.49158
2092-07-05,295.14563
2092-07-06,294.79968
2092-07-07,294.45377
2092-07-08,294.10782
2092-07-09,293.76187
2092-07-10,293.41592
2092-07-11,293.07
2092-07-12,292.72406
2092-07-13,292.3781
2092-07-14,292.03217
2092-07-15,291.68625
2092-07-16,291.3403
2092-07-17,289.92117
2092-07-18,288.502
2092-07-19,287.0829
2092-07-20,285.66373
2092-07-21,284.2446
2092-07-22,282.82547
2092-07-23,281.4063
2092-07-24,279.98718
2092-07-25,278.56805
2092-07-26,277.1489
2092-07-27,275.72977
2092-07-28,274.3106
2092-07-29,272.89148
2092-07-30,271.47235
2092-07-31,270.0532
2092-08-01,268.63406
2092-08-02,267.2149
2092-08-03,265.79578
2092-08-04,264.37665
2092-08-05,262.9575
2092-08-06,261.53836
2092-08-07,260.1192
2092-08-08,258.70007
2092-08-09,257.28094
2092-08-10,255.8618
2092-08-11,254.44266
2092-08-12,253.02351
2092-08-13,251.60437
2092-08-14,250.18524
2092-08-15,248.7661
2092-08-16,247.34695
2092-08-17,247.215
2092-08-18,247.08302
2092-08-19,246.95107
2092-08-20,246.8191
2092-08-21,246.68715
2092-08-22,246.55518
2092-08-23,246.42322
2092-08-24,246.29126
2092-08-25,246.1593
2092-08-26,246.02733
2092-08-27,245.89537
2092-08-28,245.76341
2092-08-29,245.63145
2092-08-30,245.49948
2092-08-31,245.36752
2092-09-01,245.23557
2092-09-02,245.1036
2092-09-03,244.97163
2092-09-04,244.83968
2092-09-05,244.70772
2092-09-06,244.57576
2092-09-07,244.44379
2092-09-08,244.31183
2092-09-09,244.17987
2092-09-10,244.04791
2092-09-11,243.91594
2092-09-12,243.78398
2092-09-13,243.65202
2092-09-14,243.52007
2092-09-15,243.38809
2092-09-16,243.25613
2092-09-17,242.60538
2092-09-18,241.9546
2092-09-19,241.30385
2092-09-20,240.65309
2092-09-21,240.00233
2092-09-22,239.35156
2092-09-23,238.7008
2092-09-24,238.05005
2092-09-25,237.39929
2092-09-26,236.74852
2092-09-27,236.09776
2092-09-28,235.447
2092-09-29,234.79625
2092-09-30,234.14548
2092-10-01,233.49472
2092-10-02,232.84396
2092-10-03,232.19319
2092-10-04,231.54243
2092-10-05,230.89168
2092-10-06,230.24092
2092-10-07,229.59015
2092-10-08,228.93939
2092-10-09,228.28864
2092-10-10,227.63788
2092-10-11,226.9871
2092-10-12,226.33635
2092-10-13,225.6856
2092-10-14,225.03484
2092-10-15,224.38406
2092-10-16,223.7333
2092-10-17,222.5668
2092-10-18,221.40028
2092-10-19,220.23378
2092-10-20,219.06728
2092-10-21,217.90077
2092-10-22,216.73425
2092-10-23,215.56775
2092-10-24,214.40125
2092-10-25,213.23473
2092-10-26,212.06822
2092-10-27,210.90172
2092-10-28,209.73521
2092-10-29,208.5687
2092-10-30,207.40219
2092-10-31,206.23569
2092-11-01,205.06917
2092-11-02,203.90266
2092-11-03,202.73616
2092-11-04,201.56964
2092-11-05,200.40314
2092-11-06,199.23663
2092-11-07,198.07013
2092-11-08,196.90361
2092-11-09,195.7371
2092-11-10,194.5706
2092-11-11,193.40408
2092-11-12,192.23758
2092-11-13,191.07108
2092-11-14,189.90457
2092-11-15,188.73805
2092-11-16,187.57155
2092-11-17,186.77805
2092-11-18,185.98453
2092-11-19,185.19102
2092-11-20,184.39752
2092-11-21,183.604
2092-11-22,182.8105
2092-11-23,182.017
2092-11-24,181.2235
2092-11-25,180.42998
2092-11-26,179.63647
2092-11-27,178.84297
2092-11-28,178.04945
2092-11-29,177.25595
2092-11-30,176.46245
2092-12-01,175.66895
2092-12-02,174.87543
2092-12-03,174.08192
2092-12-04,173.28842
2092-12-05,172.4949
2092-12-06,171.7014
2092-12-07,170.9079
2092-12-08,170.11438
2092-12-09,169.32088
2092-12-10,168.52737
2092-12-11,167.73386
2092-12-12,166.94035
2092-12-13,166.14685
2092-12-14,165.35335
2092-12-15,164.55983
2092-12-16,163.76633
2092-12-17,163.80891
2092-12-18,163.85152
2092-12-19,163.8941
2092-12-20,163.9367
2092-12-21,163.9793
2092-12-22,164.02188
2092-12-23,164.06448
2092-12-24,164.10707
2092-12-25,164.14966
2092-12-26,164.19226
2092-12-27,164.23485
2092-12-28,164.27745
2092-12-29,164.32004
2092-12-30,164.36263
2092-12-31,164.40523
2093-01-01,164.44781
2093-01-02,164.49042
2093-01-03,164.533
2093-01-04,164.57559
2093-01-05,164.6182
2093-01-06,164.66078
2093-01-07,164.70338
2093-01-08,164.74597
2093-01-09,164.78856
2093-01-10,164.83116
2093-01-11,164.87375
2093-01-12,164.91634
2093-01-13,164.95894
2093-01-14,165.00153
2093-01-15,165.04413
2093-01-16,165.08672
2093-01-17,165.2875
2093-01-18,165.4883
2093-01-19,165.68909
2093-01-20,165.88986
2093-01-21,166.09065
2093-01-22,166.29144
2093-01-23,166.49223
2093-01-24,166.69302
2093-01-25,166.89381
2093-01-26,167.0946
2093-01-27,167.2954
2093-01-28,167.49617
2093-01-29,167.69696
2093-01-30,167.89775
2093-01-31,168.09854
2093-02-01,168.29933
2093-02-02,168.50012
2093-02-03,168.70091
2093-02-04,168.90169
2093-02-05,169.10248
2093-02-06,169.30327
2093-02-07,169.50406
2093-02-08,169.70485
2093-02-09,169.90564
2093-02-10,170.10643
2093-02-11,170.30722
2093-02-12,170.508
2093-02-13,170.70879
2093-02-14,170.90958
2093-02-15,171.11037
2093-02-16,173.7967
2093-02-17,176.48303
2093-02-18,179.16937
2093-02-19,181.85571
2093-02-20,184.54205
2093-02-21,187.22838
2093-02-22,189.91472
2093-02-23,192.60106
2093-02-24,195.2874
2093-02-25,197.97372
2093-02-26,200.66006
2093-02-27,203.3464
2093-02-28,206.03273
2093-03-01,208.71907
2093-03-02,211.40541
2093-03-03,214.09175
2093-03-04,216.77808
2093-03-05,219.46442
2093-03-06,222.15076
2093-03-07,224.83708
2093-03-08,227.52342
2093-03-09,230.20976
2093-03-10,232.8961
2093-03-11,235.58243
2093-03-12,238.26877
2093-03-13,240.95511
2093-03-14,243.64145
2093-03-15,246.32777
2093-03-16,249.01411
2093-03-17,249.76456
2093-03-18,250.51498
2093-03-19,251.26543
2093-03-20,252.01585
2093-03-21,252.7663
2093-03-22,253.51674
2093-03-23,254.26717
2093-03-24,255.01761
2093-03-25,255.76805
2093-03-26,256.5185
2093-03-27,257.26892
2093-03-28,258.01935
2093-03-29,258.76978
2093-03-30,259.52023
2093-03-31,260.27066
2093-04-01,261.0211
2093-04-02,261.77155
2093-04-03,262.52197
2093-04-04,263.2724
2093-04-05,264.02286
2093-04-06,264.7733
2093-04-07,265.5237
2093-04-08,266.27417
2093-04-09,267.0246
2093-04-10,267.77502
2093-04-11,268.52545
2093-04-12,269.2759
2093-04-13,270.02634
2093-04-14,270.77676
2093-04-15,271.52722
2093-04-16,272.27765
2093-04-17,273.46213
2093-04-18,274.6466
2093-04-19,275.8311
2093-04-20,277.01556
2093-04-21,278.2
2093-04-22,279.3845
2093-04-23,280.56897
2093-04-24,281.75345
2093-04-25,282.93793
2093-04-26,284.1224
2093-04-27,285.3069
2093-04-28,286.49136
2093-04-29,287.67584
2093-04-30,288.86032
2093-05-01,290.0448
2093-05-02,291.22925
2093-05-03,292.41373
2093-05-04,293.5982
2093-05-05,294.78268
2093-05-06,295.96716
2093-05-07,297.15164
2093-05-08,298.33612
2093-05-09,299.5206
2093-05-10,300.70508
2093-05-11,301.88953
2093-05-12,303.074
2093-05-13,304.25848
2093-05-14,305.44296
2093-05-15,306.62744
2093-05-16,307.81192
2093-05-17,307.4474
2093-05-18,307.08286
2093-05-19,306.7183
2093-05-20,306.35376
2093-05-21,305.98923
2093-05-22,305.6247
2093-05-23,305.26016
2093-05-24,304.8956
2093-05-25,304.53107
2093-05-26,304.16653
2093-05-27,303.802
2093-05-28,303.43747
2093-05-29,303.0729
2093-05-30,302.70837
2093-05-31,302.34384
2093-06-01,301.9793
2093-06-02,301.61478
2093-06-03,301.25024
2093-06-04,300.88568
2093-06-05,300.52115
2093-06-06,300.15662
2093-06-07,299.79208
2093-06-08,299.42755
2093-06-09,299.063
2093-06-10,298.69846
2093-06-11,298.33392
2093-06-12,297.9694
2093-06-13,297.60486
2093-06-14,297.2403
2093-06-15,296.87576
2093-06-16,296.51123
2093-06-17,296.6498
2093-06-18,296.7884
2093-06-19,296.92697
2093-06-20,297.06555
2093-06-21,297.20413
2093-06-22,297.3427
2093-06-23,297.4813
2093-06-24,297.61987
2093-06-25,297.75845
2093-06-26,297.89703
2093-06-27,298.0356
2093-06-28,298.1742
2093-06-29,298.31277
2093-06-30,298.45135
2093-07-01,298.58994
2093-07-02,298.72852
2093-07-03,298.8671
2093-07-04,299.00568
2093-07-05,299.14426
2093-07-06,299.28284
2093-07-07,299.42142
2093-07-08,299.56
2093-07-09,299.69858
2093-07-10,299.83716
2093-07-11,299.97574
2093-07-12,300.11432
2093-07-13,300.2529
2093-07-14,300.39148
2093-07-15,300.53006
2093-07-16,300.66864
2093-07-17,298.97495
2093-07-18,297.28128
2093-07-19,295.5876
2093-07-20,293.89392
2093-07-21,292.20023
2093-07-22,290.50656
2093-07-23,288.81287
2093-07-24,287.1192
2093-07-25,285.4255
2093-07-26,283.73184
2093-07-27,282.03815
2093-07-28,280.34448
2093-07-29,278.6508
2093-07-30,276.95712
2093-07-31,275.26343
2093-08-01,273.56973
2093-08-02,271.87607
2093-08-03,270.18237
2093-08-04,268.4887
2093-08-05,266.795
2093-08-06,265.10135
2093-08-07,263.40765
2093-08-08,261.714
2093-08-09,260.0203
2093-08-10,258.32663
2093-08-11,256.63293
2093-08-12,254.93925
2093-08-13,253.24557
2093-08-14,251.5519
2093-08-15,249.85822
2093-08-16,248.16454
2093-08-17,248.54707
2093-08-18,248.92963
2093-08-19,249.31216
2093-08-20,249.69472
2093-08-21,250.07726
2093-08-22,250.45981
2093-08-23,250.84235
2093-08-24,251.22488
2093-08-25,251.60744
2093-08-26,251.98997
2093-08-27,252.37253
2093-08-28,252.75507
2093-08-29,253.1376
2093-08-30,253.52016
2093-08-31,253.9027
2093-09-01,254.28525
2093-09-02,254.66779
2093-09-03,255.05034
2093-09-04,255.43288
2093-09-05,255.81541
2093-09-06,256.19797
2093-09-07,256.5805
2093-09-08,256.96304
2093-09-09,257.3456
2093-09-10,257.72815
2093-09-11,258.1107
2093-09-12,258.49323
2093-09-13,258.87576
2093-09-14,259.25833
2093-09-15,259.64087
2093-09-16,260.0234
2093-09-17,258.08112
2093-09-18,256.13882
2093-09-19,254.19652
2093-09-20,252.25421
2093-09-21,250.31192
2093-09-22,248.36963
2093-09-23,246.42732
2093-09-24,244.48503
2093-09-25,242.54272
2093-09-26,240.60043
2093-09-27,238.65814
2093-09-28,236.71584
2093-09-29,234.77354
2093-09-30,232.83124
2093-10-01,230.88895
2093-10-02,228.94666
2093-10-03,227.00435
2093-10-04,225.06206
2093-10-05,223.11975
2093-10-06,221.17746
2093-10-07,219.23517
2093-10-08,217.29286
2093-10-09,215.35057
2093-10-10,213.40826
2093-10-11,211.46597
2093-10-12,209.52368
2093-10-13,207.58138
2093-10-14,205.63908
2093-10-15,203.69678
2093-10-16,201.75449
2093-10-17,200.91489
2093-10-18,200.07527
2093-10-19,199.23567
2093-10-20,198.39606
2093-10-21,197.55646
2093-10-22,196.71686
2093-10-23,195.87724
2093-10-24,195.03764
2093-10-25,194.19804
2093-10-26,193.35843
2093-10-27,192.51883
2093-10-28,191.67921
2093-10-29,190.83961
2093-10-30,190.00002
2093-10-31,189.1604
2093-11-01,188.3208
2093-11-02,187.48119
2093-11-03,186.64159
2093-11-04,185.80199
2093-11-05,184.96237
2093-11-06,184.12277
2093-11-07,183.28316
2093-11-08,182.44356
2093-11-09,181.60396
2093-11-10,180.76434
2093-11-11,179.92474
2093-11-12,179.08514
2093-11-13,178.24553
2093-11-14,177.40593
2093-11-15,176.56631
2093-11-16,175.72672
2093-11-17,174.00027
2093-11-18,172.27382
2093-11-19,170.54736
2093-11-20,168.82092
2093-11-21,167.09448
2093-11-22,165.36803
2093-11-23,163.64157
2093-11-24,161.91513
2093-11-25,160.18869
2093-11-26,158.46223
2093-11-27,156.73578
2093-11-28,155.00934
2093-11-29,153.2829
2093-11-30,151.55644
2093-12-01,149.82999
2093-12-02,148.10355
2093-12-03,146.3771
2093-12-04,144.65065
2093-12-05,142.9242
2093-12-06,141.19775
2093-12-07,139.47131
2093-12-08,137.74486
2093-12-09,136.0184
2093-12-10,134.29196
2093-12-11,132.56552
2093-12-12,130.83907
2093-12-13,129.11261
2093-12-14,127.38617
2093-12-15,125.65972
2093-12-16,123.93327
2093-12-17,124.88444
2093-12-18,125.8356
2093-12-19,126.786766
2093-12-20,127.73793
2093-12-21,128.6891
2093-12-22,129.64026
2093-12-23,130.59143
2093-12-24,131.54259
2093-12-25,132.49376
2093-12-26,133.44492
2093-12-27,134.39609
2093-12-28,135.34724
2093-12-29,136.29842
2093-12-30,137.24957
2093-12-31,138.20074
2094-01-01,139.1519
2094-01-02,140.10307
2094-01-03,141.05423
2094-01-04,142.0054
2094-01-05,142.95656
2094-01-06,143.90773
2094-01-07,144.85889
2094-01-08,145.81006
2094-01-09,146.76122
2094-01-10,147.71239
2094-01-11,148.66354
2094-01-12,149.61472
2094-01-13,150.56587
2094-01-14,151.51704
2094-01-15,152.4682
2094-01-16,153.41937
2094-01-17,154.0863
2094-01-18,154.75323
2094-01-19,155.42017
2094-01-20,156.0871
2094-01-21,156.75403
2094-01-22,157.42096
2094-01-23,158.08789
2094-01-24,158.75482
2094-01-25,159.42175
2094-01-26,160.08868
2094-01-27,160.75562
2094-01-28,161.42255
2094-01-29,162.08948
2094-01-30,162.75641
2094-01-31,163.42334
2094-02-01,164.09027
2094-02-02,164.7572
2094-02-03,165.42413
2094-02-04,166.09106
2094-02-05,166.758
2094-02-06,167.42493
2094-02-07,168.09186
2094-02-08,168.75879
2094-02-09,169.42572
2094-02-10,170.09265
2094-02-11,170.75958
2094-02-12,171.42651
2094-02-13,172.09344
2094-02-14,172.76038
2094-02-15,173.4273
2094-02-16,174.87198
2094-02-17,176.31665
2094-02-18,177.76132
2094-02-19,179.206
2094-02-20,180.65067
2094-02-21,182.09534
2094-02-22,183.54001
2094-02-23,184.9847
2094-02-24,186.42937
2094-02-25,187.87404
2094-02-26,189.31871
2094-02-27,190.76338
2094-02-28,192.20805
2094-03-01,193.65273
2094-03-02,195.0974
2094-03-03,196.54207
2094-03-04,197.98674
2094-03-05,199.43141
2094-03-06,200.87608
2094-03-07,202.32076
2094-03-08,203.76543
2094-03-09,205.21011
2094-03-10,206.65479
2094-03-11,208.09946
2094-03-12,209.54413
2094-03-13,210.9888
2094-03-14,212.43347
2094-03-15,213.87814
2094-03-16,215.32281
2094-03-17,215.76974
2094-03-18,216.21669
2094-03-19,216.66362
2094-03-20,217.11057
2094-03-21,217.5575
2094-03-22,218.00444
2094-03-23,218.45137
2094-03-24,218.89832
2094-03-25,219.34525
2094-03-26,219.79219
2094-03-27,220.23912
2094-03-28,220.68605
2094-03-29,221.133
2094-03-30,221.57993
2094-03-31,222.02687
2094-04-01,222.4738
2094-04-02,222.92075
2094-04-03,223.36768
2094-04-04,223.81462
2094-04-05,224.26155
2094-04-06,224.70848
2094-04-07,225.15543
2094-04-08,225.60236
2094-04-09,226.0493
2094-04-10,226.49623
2094-04-11,226.94318
2094-04-12,227.3901
2094-04-13,227.83705
2094-04-14,228.28398
2094-04-15,228.73093
2094-04-16,229.17786
2094-04-17,231.83261
2094-04-18,234.48737
2094-04-19,237.1421
2094-04-20,239.79686
2094-04-21,242.45161
2094-04-22,245.10637
2094-04-23,247.76112
2094-04-24,250.41586
2094-04-25,253.07062
2094-04-26,255.72537
2094-04-27,258.38013
2094-04-28,261.03488
2094-04-29,263.68964
2094-04-30,266.3444
2094-05-01,268.99915
2094-05-02,271.65387
2094-05-03,274.30862
2094-05-04,276.96338
2094-05-05,279.61813
2094-05-06,282.2729
2094-05-07,284.92764
2094-05-08,287.5824
2094-05-09,290.23715
2094-05-10,292.8919
2094-05-11,295.54663
2094-05-12,298.2014
2094-05-13,300.85614
2094-05-14,303.5109
2094-05-15,306.16565
2094-05-16,308.8204
2094-05-17,308.67682
2094-05-18,308.53323
2094-05-19,308.38965
2094-05-20,308.24606
2094-05-21,308.10248
2094-05-22,307.9589
2094-05-23,307.8153
2094-05-24,307.67172
2094-05-25,307.52814
2094-05-26,307.38455
2094-05-27,307.24097
2094-05-28,307.09738
2094-05-29,306.9538
2094-05-30,306.8102
2094-05-31,306.66663
2094-06-01,306.523
2094-06-02,306.37943
2094-06-03,306.23584
2094-06-04,306.09225
2094-06-05,305.94867
2094-06-06,305.80508
2094-06-07,305.6615
2094-06-08,305.5179
2094-06-09,305.37433
2094-06-10,305.23074
2094-06-11,305.08716
2094-06-12,304.94357
2094-06-13,304.8
2094-06-14,304.6564
2094-06-15,304.51282
2094-06-16,304.36923
2094-06-17,304.2785
2094-06-18,304.18777
2094-06-19,304.09705
2094-06-20,304.00632
2094-06-21,303.9156
2094-06-22,303.8249
2094-06-23,303.73416
2094-06-24,303.64343
2094-06-25,303.5527
2094-06-26,303.46198
2094-06-27,303.37125
2094-06-28,303.28052
2094-06-29,303.1898
2094-06-30,303.09906
2094-07-01,303.00836
2094-07-02,302.91763
2094-07-03,302.8269
2094-07-04,302.73618
2094-07-05,302.64545
2094-07-06,302.55472
2094-07-07,302.464
2094-07-08,302.37326
2094-07-09,302.28253
2094-07-10,302.1918
2094-07-11,302.10107
2094-07-12,302.01038
2094-07-13,301.91965
2094-07-14,301.82892
2094-07-15,301.7382
2094-07-16,301.64746
2094-07-17,301.2042
2094-07-18,300.76093
2094-07-19,300.3177
2094-07-20,299.87442
2094-07-21,299.43115
2094-07-22,298.98788
2094-07-23,298.54465
2094-07-24,298.10138
2094-07-25,297.6581
2094-07-26,297.21484
2094-07-27,296.77158
2094-07-28,296.32834
2094-07-29,295.88507
2094-07-30,295.4418
2094-07-31,294.99854
2094-08-01,294.5553
2094-08-02,294.11203
2094-08-03,293.66876
2094-08-04,293.2255
2094-08-05,292.78226
2094-08-06,292.339
2094-08-07,291.89572
2094-08-08,291.45245
2094-08-09,291.0092
2094-08-10,290.56595
2094-08-11,290.12268
2094-08-12,289.6794
2094-08-13,289.23615
2094-08-14,288.7929
2094-08-15,288.34964
2094-08-16,287.90637
2094-08-17,287.21622
2094-08-18,286.5261
2094-08-19,285.83594
2094-08-20,285.1458
2094-08-21,284.45566
2094-08-22,283.76553
2094-08-23,283.07538
2094-08-24,282.38525
2094-08-25,281.6951
2094-08-26,281.00497
2094-08-27,280.31482
2094-08-28,279.6247
2094-08-29,278.93454
2094-08-30,278.24442
2094-08-31,277.55426
2094-09-01,276.86414
2094-09-02,276.17398
2094-09-03,275.48386
2094-09-04,274.7937
2094-09-05,274.10358
2094-09-06,273.41342
2094-09-07,272.7233
2094-09-08,272.03314
2094-09-09,271.34302
2094-09-10,270.65286
2094-09-11,269.96274
2094-09-12,269.27258
2094-09-13,268.58246
2094-09-14,267.8923
2094-09-15,267.20218
2094-09-16,266.51202
2094-09-17,264.45892
2094-09-18,262.40582
2094-09-19,260.35272
2094-09-20,258.29962
2094-09-21,256.24652
2094-09-22,254.19342
2094-09-23,252.14032
2094-09-24,250.08722
2094-09-25,248.03412
2094-09-26,245.98102
2094-09-27,243.92792
2094-09-28,241.87482
2094-09-29,239.82172
2094-09-30,237.76862
2094-10-01,235.71552
2094-10-02,233.66243
2094-10-03,231.60933
2094-10-04,229.55623
2094-10-05,227.50313
2094-10-06,225.45003
2094-10-07,223.39693
2094-10-08,221.34383
2094-10-09,219.29073
2094-10-10,217.23763
2094-10-11,215.18452
2094-10-12,213.13142
2094-10-13,211.07832
2094-10-14,209.02522
2094-10-15,206.97212
2094-10-16,204.91902
2094-10-17,204.13266
2094-10-18,203.34628
2094-10-19,202.55992
2094-10-20,201.77356
2094-10-21,200.98718
2094-10-22,200.20082
2094-10-23,199.41446
2094-10-24,198.62808
2094-10-25,197.84172
2094-10-26,197.05534
2094-10-27,196.26898
2094-10-28,195.48262
2094-10-29,194.69624
2094-10-30,193.90988
2094-10-31,193.12352
2094-11-01,192.33714
2094-11-02,191.55078
2094-11-03,190.76442
2094-11-04,189.97804
2094-11-05,189.19168
2094-11-06,188.40532
2094-11-07,187.61894
2094-11-08,186.83258
2094-11-09,186.0462
2094-11-10,185.25984
2094-11-11,184.47348
2094-11-12,183.6871
2094-11-13,182.90074
2094-11-14,182.11438
2094-11-15,181.328
2094-11-16,180.54164
2094-11-17,179.80072
2094-11-18,179.05978
2094-11-19,178.31886
2094-11-20,177.57794
2094-11-21,176.83702
2094-11-22,176.09608
2094-11-23,175.35516
2094-11-24,174.61424
2094-11-25,173.87332
2094-11-26,173.13239
2094-11-27,172.39146
2094-11-28,171.65054
2094-11-29,170.90962
2094-11-30,170.16869
2094-12-01,169.42776
2094-12-02,168.68684
2094-12-03,167.9459
2094-12-04,167.20499
2094-12-05,166.46407
2094-12-06,165.72314
2094-12-07,164.98221
2094-12-08,164.24129
2094-12-09,163.50037
2094-12-10,162.75945
2094-12-11,162.01851
2094-12-12,161.27759
2094-12-13,160.53667
2094-12-14,159.79575
2094-12-15,159.05481
2094-12-16,158.31389
2094-12-17,158.63518
2094-12-18,158.95647
2094-12-19,159.27776
2094-12-20,159.59904
2094-12-21,159.92033
2094-12-22,160.24162
2094-12-23,160.56291
2094-12-24,160.8842
2094-12-25,161.20549
2094-12-26,161.52678
2094-12-27,161.84807
2094-12-28,162.16936
2094-12-29,162.49065
2094-12-30,162.81194
2094-12-31,163.13322
2095-01-01,163.45453
2095-01-02,163.77582
2095-01-03,164.0971
2095-01-04,164.4184
2095-01-05,164.73969
2095-01-06,165.06097
2095-01-07,165.38226
2095-01-08,165.70355
2095-01-09,166.02484
2095-01-10,166.34613
2095-01-11,166.66742
2095-01-12,166.98871
2095-01-13,167.31
2095-01-14,167.63129
2095-01-15,167.95258
2095-01-16,168.27386
2095-01-17,169.72594
2095-01-18,171.178
2095-01-19,172.63007
2095-01-20,174.08214
2095-01-21,175.53421
2095-01-22,176.98627
2095-01-23,178.43834
2095-01-24,179.89041
2095-01-25,181.34247
2095-01-26,182.79454
2095-01-27,184.24661
2095-01-28,185.69867
2095-01-29,187.15074
2095-01-30,188.60281
2095-01-31,190.05487
2095-02-01,191.50694
2095-02-02,192.95901
2095-02-03,194.41109
2095-02-04,195.86314
2095-02-05,197.31522
2095-02-06,198.76729
2095-02-07,200.21935
2095-02-08,201.67142
2095-02-09,203.12349
2095-02-10,204.57556
2095-02-11,206.02762
2095-02-12,207.47969
2095-02-13,208.93176
2095-02-14,210.38382
2095-02-15,211.83589
2095-02-16,212.71083
2095-02-17,213.58577
2095-02-18,214.46071
2095-02-19,215.33565
2095-02-20,216.21059
2095-02-21,217.08553
2095-02-22,217.96046
2095-02-23,218.8354
2095-02-24,219.71034
2095-02-25,220.58528
2095-02-26,221.46022
2095-02-27,222.33516
2095-02-28,223.2101
2095-03-01,224.08504
2095-03-02,224.95998
2095-03-03,225.83492
2095-03-04,226.70985
2095-03-05,227.5848
2095-03-06,228.45973
2095-03-07,229.33467
2095-03-08,230.20961
2095-03-09,231.08455
2095-03-10,231.95949
2095-03-11,232.83443
2095-03-12,233.70937
2095-03-13,234.5843
2095-03-14,235.45924
2095-03-15,236.33418
2095-03-16,237.20912
2095-03-17,239.0583
2095-03-18,240.90749
2095-03-19,242.75667
2095-03-20,244.60585
2095-03-21,246.45503
2095-03-22,248.30423
2095-03-23,250.15341
2095-03-24,252.0026
2095-03-25,253.85178
2095-03-26,255.70096
2095-03-27,257.55014
2095-03-28,259.39932
2095-03-29,261.2485
2095-03-30,263.0977
2095-03-31,264.94687
2095-04-01,266.79605
2095-04-02,268.64523
2095-04-03,270.49442
2095-04-04,272.3436
2095-04-05,274.19278
2095-04-06,276.042
2095-04-07,277.89117
2095-04-08,279.74036
2095-04-09,281.58954
2095-04-10,283.43872
2095-04-11,285.2879
2095-04-12,287.1371
2095-04-13,288.98627
2095-04-14,290.83545
2095-04-15,292.68463
2095-04-16,294.5338
2095-04-17,294.99207
2095-04-18,295.45032
2095-04-19,295.90857
2095-04-20,296.36682
2095-04-21,296.82507
2095-04-22,297.2833
2095-04-23,297.74155
2095-04-24,298.1998
2095-04-25,298.65805
2095-04-26,299.1163
2095-04-27,299.57455
2095-04-28,300.0328
2095-04-29,300.49106
2095-04-30,300.9493
2095-05-01,301.40753
2095-05-02,301.86578
2095-05-03,302.32404
2095-05-04,302.7823
2095-05-05,303.24054
2095-05-06,303.6988
2095-05-07,304.15704
2095-05-08,304.6153
2095-05-09,305.07355
2095-05-10,305.5318
2095-05-11,305.99005
2095-05-12,306.44827
2095-05-13,306.90652
2095-05-14,307.36478
2095-05-15,307.82303
2095-05-16,308.28128
2095-05-17,307.9405
2095-05-18,307.5997
2095-05-19,307.25894
2095-05-20,306.91815
2095-05-21,306.57736
2095-05-22,306.23657
2095-05-23,305.8958
2095-05-24,305.55502
2095-05-25,305.21423
2095-05-26,304.87344
2095-05-27,304.53265
2095-05-28,304.1919
2095-05-29,303.8511
2095-05-30,303.5103
2095-05-31,303.16953
2095-06-01,302.82877
2095-06-02,302.48798
2095-06-03,302.1472
2095-06-04,301.8064
2095-06-05,301.46564
2095-06-06,301.12485
2095-06-07,300.78406
2095-06-08,300.44327
2095-06-09,300.10248
2095-06-10,299.76172
2095-06-11,299.42093
2095-06-12,299.08014
2095-06-13,298.73935
2095-06-14,298.3986
2095-06-15,298.0578
2095-06-16,297.717
2095-06-17,297.58444
2095-06-18,297.45184
2095-06-19,297.31927
2095-06-20,297.1867
2095-06-21,297.05414
2095-06-22,296.92154
2095-06-23,296.78897
2095-06-24,296.6564
2095-06-25,296.52383
2095-06-26,296.39124
2095-06-27,296.25867
2095-06-28,296.1261
2095-06-29,295.99353
2095-06-30,295.86093
2095-07-01,295.72836
2095-07-02,295.5958
2095-07-03,295.4632
2095-07-04,295.33063
2095-07-05,295.19806
2095-07-06,295.0655
2095-07-07,294.9329
2095-07-08,294.80032
2095-07-09,294.66776
2095-07-10,294.5352
2095-07-11,294.4026
2095-07-12,294.27002
2095-07-13,294.13745
2095-07-14,294.00488
2095-07-15,293.87228
2095-07-16,293.73972
2095-07-17,292.9192
2095-07-18,292.09866
2095-07-19,291.27814
2095-07-20,290.4576
2095-07-21,289.6371
2095-07-22,288.81656
2095-07-23,287.99603
2095-07-24,287.1755
2095-07-25,286.35498
2095-07-26,285.53445
2095-07-27,284.71393
2095-07-28,283.8934
2095-07-29,283.07288
2095-07-30,282.25235
2095-07-31,281.43182
2095-08-01,280.6113
2095-08-02,279.79077
2095-08-03,278.97025
2095-08-04,278.14972
2095-08-05,277.3292
2095-08-06,276.50867
2095-08-07,275.68814
2095-08-08,274.8676
2095-08-09,274.0471
2095-08-10,273.22656
2095-08-11,272.40604
2095-08-12,271.5855
2095-08-13,270.76498
2095-08-14,269.94446
2095-08-15,269.12393
2095-08-16,268.3034
2095-08-17,267.61768
2095-08-18,266.93192
2095-08-19,266.2462
2095-08-20,265.56046
2095-08-21,264.87473
2095-08-22,264.18896
2095-08-23,263.50323
2095-08-24,262.8175
2095-08-25,262.13177
2095-08-26,261.446
2095-08-27,260.76028
2095-08-28,260.07455
2095-08-29,259.38882
2095-08-30,258.70306
2095-08-31,258.01733
2095-09-01,257.3316
2095-09-02,256.64587
2095-09-03,255.96013
2095-09-04,255.27438
2095-09-05,254.58865
2095-09-06,253.90291
2095-09-07,253.21718
2095-09-08,252.53143
2095-09-09,251.8457
2095-09-10,251.15996
2095-09-11,250.47423
2095-09-12,249.78848
2095-09-13,249.10275
2095-09-14,248.417
2095-09-15,247.73128
2095-09-16,247.04553
2095-09-17,246.41483
2095-09-18,245.78413
2095-09-19,245.15343
2095-09-20,244.52274
2095-09-21,243.89203
2095-09-22,243.26134
2095-09-23,242.63063
2095-09-24,241.99992
2095-09-25,241.36923
2095-09-26,240.73853
2095-09-27,240.10783
2095-09-28,239.47713
2095-09-29,238.84644
2095-09-30,238.21573
2095-10-01,237.58502
2095-10-02,236.95433
2095-10-03,236.32362
2095-10-04,235.69293
2095-10-05,235.06223
2095-10-06,234.43153
2095-10-07,233.80083
2095-10-08,233.17014
2095-10-09,232.53943
2095-10-10,231.90872
2095-10-11,231.27803
2095-10-12,230.64732
2095-10-13,230.01663
2095-10-14,229.38593
2095-10-15,228.75523
2095-10-16,228.12453
2095-10-17,226.36491
2095-10-18,224.6053
2095-10-19,222.84569
2095-10-20,221.08609
2095-10-21,219.32648
2095-10-22,217.56686
2095-10-23,215.80725
2095-10-24,214.04764
2095-10-25,212.28802
2095-10-26,210.52841
2095-10-27,208.7688
2095-10-28,207.0092
2095-10-29,205.24959
2095-10-30,203.48997
2095-10-31,201.73036
2095-11-01,199.97075
2095-11-02,198.21114
2095-11-03,196.45152
2095-11-04,194.69191
2095-11-05,192.93231
2095-11-06,191.1727
2095-11-07,189.41309
2095-11-08,187.65347
2095-11-09,185.89386
2095-11-10,184.13425
2095-11-11,182.37463
2095-11-12,180.61502
2095-11-13,178.85542
2095-11-14,177.09581
2095-11-15,175.3362
2095-11-16,173.57658
2095-11-17,173.07776
2095-11-18,172.57892
2095-11-19,172.0801
2095-11-20,171.58127
2095-11-21,171.08243
2095-11-22,170.5836
2095-11-23,170.08478
2095-11-24,169.58595
2095-11-25,169.08711
2095-11-26,168.58829
2095-11-27,168.08946
2095-11-28,167.59062
2095-11-29,167.0918
2095-11-30,166.59297
2095-12-01,166.09415
2095-12-02,165.5953
2095-12-03,165.09648
2095-12-04,164.59766
2095-12-05,164.09882
2095-12-06,163.59999
2095-12-07,163.10117
2095-12-08,162.60233
2095-12-09,162.1035
2095-12-10,161.60468
2095-12-11,161.10583
2095-12-12,160.60701
2095-12-13,160.10818
2095-12-14,159.60936
2095-12-15,159.11052
2095-12-16,158.6117
2095-12-17,159.37521
2095-12-18,160.13872
2095-12-19,160.90224
2095-12-20,161.66574
2095-12-21,162.42926
2095-12-22,163.19278
2095-12-23,163.95628
2095-12-24,164.7198
2095-12-25,165.48332
2095-12-26,166.24683
2095-12-27,167.01035
2095-12-28,167.77385
2095-12-29,168.53737
2095-12-30,169.30089
2095-12-31,170.06439
2096-01-01,170.82791
2096-01-02,171.59142
2096-01-03,172.35493
2096-01-04,173.11845
2096-01-05,173.88196
2096-01-06,174.64548
2096-01-07,175.40898
2096-01-08,176.1725
2096-01-09,176.93602
2096-01-10,177.69952
2096-01-11,178.46304
2096-01-12,179.22656
2096-01-13,179.99007
2096-01-14,180.75359
2096-01-15,181.51709
2096-01-16,182.28061
2096-01-17,183.42113
2096-01-18,184.56165
2096-01-19,185.70216
2096-01-20,186.84268
2096-01-21,187.9832
2096-01-22,189.12372
2096-01-23,190.26424
2096-01-24,191.40475
2096-01-25,192.54527
2096-01-26,193.68579
2096-01-27,194.82631
2096-01-28,195.96683
2096-01-29,197.10735
2096-01-30,198.24786
2096-01-31,199.38838
2096-02-01,200.5289
2096-02-02,201.66942
2096-02-03,202.80994
2096-02-04,203.95045
2096-02-05,205.09097
2096-02-06,206.23149
2096-02-07,207.37201
2096-02-08,208.51253
2096-02-09,209.65305
2096-02-10,210.79356
2096-02-11,211.93408
2096-02-12,213.0746
2096-02-13,214.21512
2096-02-14,215.35564
2096-02-15,216.49615
2096-02-16,216.97594
2096-02-17,217.45572
2096-02-18,217.9355
2096-02-19,218.41527
2096-02-20,218.89505
2096-02-21,219.37483
2096-02-22,219.85461
2096-02-23,220.3344
2096-02-24,220.81418
2096-02-25,221.29396
2096-02-26,221.77374
2096-02-27,222.25351
2096-02-28,222.73329
2096-02-29,223.21307
2096-03-01,223.69286
2096-03-02,224.17264
2096-03-03,224.65242
2096-03-04,225.1322
2096-03-05,225.61197
2096-03-06,226.09175
2096-03-07,226.57153
2096-03-08,227.05132
2096-03-09,227.5311
2096-03-10,228.01088
2096-03-11,228.49066
2096-03-12,228.97044
2096-03-13,229.45021
2096-03-14,229.93
2096-03-15,230.40977
2096-03-16,230.88956
2096-03-17,232.60963
2096-03-18,234.32971
2096-03-19,236.04979
2096-03-20,237.76987
2096-03-21,239.48994
2096-03-22,241.21
2096-03-23,242.93008
2096-03-24,244.65016
2096-03-25,246.37024
2096-03-26,248.09032
2096-03-27,249.8104
2096-03-28,251.53047
2096-03-29,253.25055
2096-03-30,254.97063
2096-03-31,256.6907
2096-04-01,258.41077
2096-04-02,260.13086
2096-04-03,261.85092
2096-04-04,263.571
2096-04-05,265.29108
2096-04-06,267.01114
2096-04-07,268.73123
2096-04-08,270.4513
2096-04-09,272.1714
2096-04-10,273.89145
2096-04-11,275.61154
2096-04-12,277.3316
2096-04-13,279.0517
2096-04-14,280.77176
2096-04-15,282.49185
2096-04-16,284.2119
2096-04-17,285.05463
2096-04-18,285.89734
2096-04-19,286.74005
2096-04-20,287.58276
2096-04-21,288.42548
2096-04-22,289.2682
2096-04-23,290.1109
2096-04-24,290.9536
2096-04-25,291.79633
2096-04-26,292.63904
2096-04-27,293.48175
2096-04-28,294.32446
2096-04-29,295.16718
2096-04-30,296.0099
2096-05-01,296.8526
2096-05-02,297.69528
2096-05-03,298.538
2096-05-04,299.3807
2096-05-05,300.22342
2096-05-06,301.06613
2096-05-07,301.90884
2096-05-08,302.75156
2096-05-09,303.59427
2096-05-10,304.43698
2096-05-11,305.2797
2096-05-12,306.1224
2096-05-13,306.96512
2096-05-14,307.80783
2096-05-15,308.65054
2096-05-16,309.49326
2096-05-17,309.50333
2096-05-18,309.51337
2096-05-19,309.52344
2096-05-20,309.53348
2096-05-21,309.54355
2096-05-22,309.5536
2096-05-23,309.56366
2096-05-24,309.5737
2096-05-25,309.58377
2096-05-26,309.5938
2096-05-27,309.60388
2096-05-28,309.61395
2096-05-29,309.624
2096-05-30,309.63406
2096-05-31,309.6441
2096-06-01,309.65417
2096-06-02,309.6642
2096-06-03,309.6743
2096-06-04,309.68433
2096-06-05,309.6944
2096-06-06,309.70447
2096-06-07,309.7145
2096-06-08,309.72458
2096-06-09,309.73462
2096-06-10,309.7447
2096-06-11,309.75473
2096-06-12,309.7648
2096-06-13,309.77484
2096-06-14,309.7849
2096-06-15,309.79495
2096-06-16,309.80502
2096-06-17,309.36038
2096-06-18,308.91574
2096-06-19,308.4711
2096-06-20,308.02646
2096-06-21,307.58182
2096-06-22,307.13718
2096-06-23,306.69254
2096-06-24,306.2479
2096-06-25,305.80325
2096-06-26,305.3586
2096-06-27,304.91397
2096-06-28,304.46933
2096-06-29,304.0247
2096-06-30,303.58005
2096-07-01,303.1354
2096-07-02,302.69077
2096-07-03,302.24612
2096-07-04,301.80148
2096-07-05,301.35684
2096-07-06,300.9122
2096-07-07,300.46756
2096-07-08,300.02292
2096-07-09,299.57828
2096-07-10,299.13364
2096-07-11,298.689
2096-07-12,298.24435
2096-07-13,297.7997
2096-07-14,297.35507
2096-07-15,296.91043
2096-07-16,296.4658
2096-07-17,294.87067
2096-07-18,293.27554
2096-07-19,291.68042
2096-07-20,290.08533
2096-07-21,288.4902
2096-07-22,286.89508
2096-07-23,285.29996
2096-07-24,283.70483
2096-07-25,282.1097
2096-07-26,280.5146
2096-07-27,278.91946
2096-07-28,277.32437
2096-07-29,275.72925
2096-07-30,274.13412
2096-07-31,272.539
2096-08-01,270.94388
2096-08-02,269.34875
2096-08-03,267.75363
2096-08-04,266.1585
2096-08-05,264.56342
2096-08-06,262.9683
2096-08-07,261.37317
2096-08-08,259.77805
2096-08-09,258.18292
2096-08-10,256.5878
2096-08-11,254.99269
2096-08-12,253.39757
2096-08-13,251.80244
2096-08-14,250.20732
2096-08-15,248.61221
2096-08-16,247.01709
2096-08-17,247.43816
2096-08-18,247.8592
2096-08-19,248.28027
2096-08-20,248.70134
2096-08-21,249.1224
2096-08-22,249.54346
2096-08-23,249.96452
2096-08-24,250.38559
2096-08-25,250.80664
2096-08-26,251.2277
2096-08-27,251.64877
2096-08-28,252.06984
2096-08-29,252.49089
2096-08-30,252.91196
2096-08-31,253.33302
2096-09-01,253.75407
2096-09-02,254.17514
2096-09-03,254.5962
2096-09-04,255.01726
2096-09-05,255.43832
2096-09-06,255.85939
2096-09-07,256.28046
2096-09-08,256.7015
2096-09-09,257.1226
2096-09-10,257.54364
2096-09-11,257.9647
2096-09-12,258.38577
2096-09-13,258.80682
2096-09-14,259.22787
2096-09-15,259.64896
2096-09-16,260.07
2096-09-17,258.88477
2096-09-18,257.6995
2096-09-19,256.51425
2096-09-20,255.329
2096-09-21,254.14375
2096-09-22,252.9585
2096-09-23,251.77324
2096-09-24,250.588
2096-09-25,249.40274
2096-09-26,248.21748
2096-09-27,247.03224
2096-09-28,245.84698
2096-09-29,244.66173
2096-09-30,243.47649
2096-10-01,242.29123
2096-10-02,241.10597
2096-10-03,239.92073
2096-10-04,238.73547
2096-10-05,237.55022
2096-10-06,236.36497
2096-10-07,235.17972
2096-10-08,233.99446
2096-10-09,232.80922
2096-10-10,231.62396
2096-10-11,230.4387
2096-10-12,229.25346
2096-10-13,228.0682
2096-10-14,226.88295
2096-10-15,225.69771
2096-10-16,224.51245
2096-10-17,223.0886
2096-10-18,221.66473
2096-10-19,220.24088
2096-10-20,218.81702
2096-10-21,217.39316
2096-10-22,215.9693
2096-10-23,214.54544
2096-10-24,213.12157
2096-10-25,211.69771
2096-10-26,210.27385
2096-10-27,208.84999
2096-10-28,207.42613
2096-10-29,206.00227
2096-10-30,204.57841
2096-10-31,203.15456
2096-11-01,201.7307
2096-11-02,200.30684
2096-11-03,198.88298
2096-11-04,197.45912
2096-11-05,196.03526
2096-11-06,194.6114
2096-11-07,193.18755
2096-11-08,191.76369
2096-11-09,190.33981
2096-11-10,188.91595
2096-11-11,187.4921
2096-11-12,186.06824
2096-11-13,184.64438
2096-11-14,183.22052
2096-11-15,181.79666
2096-11-16,180.3728
2096-11-17,179.60632
2096-11-18,178.83983
2096-11-19,178.07333
2096-11-20,177.30685
2096-11-21,176.54037
2096-11-22,175.77388
2096-11-23,175.00739
2096-11-24,174.2409
2096-11-25,173.47443
2096-11-26,172.70793
2096-11-27,171.94144
2096-11-28,171.17496
2096-11-29,170.40848
2096-11-30,169.64198
2096-12-01,168.87549
2096-12-02,168.10901
2096-12-03,167.34253
2096-12-04,166.57603
2096-12-05,165.80954
2096-12-06,165.04306
2096-12-07,164.27658
2096-12-08,163.51009
2096-12-09,162.74359
2096-12-10,161.97711
2096-12-11,161.21063
2096-12-12,160.44414
2096-12-13,159.67764
2096-12-14,158.91116
2096-12-15,158.14468
2096-12-16,157.37819
2096-12-17,157.70566
2096-12-18,158.03311
2096-12-19,158.36058
2096-12-20,158.68805
2096-12-21,159.01552
2096-12-22,159.34297
2096-12-23,159.67044
2096-12-24,159.99791
2096-12-25,160.32536
2096-12-26,160.65283
2096-12-27,160.9803
2096-12-28,161.30777
2096-12-29,161.63522
2096-12-30,161.96269
2096-12-31,162.29016
2097-01-01,162.61761
2097-01-02,162.94508
2097-01-03,163.27255
2097-01-04,163.6
2097-01-05,163.92747
2097-01-06,164.25494
2097-01-07,164.58241
2097-01-08,164.90987
2097-01-09,165.23734
2097-01-10,165.5648
2097-01-11,165.89226
2097-01-12,166.21973
2097-01-13,166.5472
2097-01-14,166.87466
2097-01-15,167.20212
2097-01-16,167.52959
2097-01-17,168.18393
2097-01-18,168.83829
2097-01-19,169.49263
2097-01-20,170.14697
2097-01-21,170.80133
2097-01-22,171.45567
2097-01-23,172.11002
2097-01-24,172.76437
2097-01-25,173.41872
2097-01-26,174.07306
2097-01-27,174.72742
2097-01-28,175.38176
2097-01-29,176.0361
2097-01-30,176.69046
2097-01-31,177.3448
2097-02-01,177.99915
2097-02-02,178.6535
2097-02-03,179.30785
2097-02-04,179.96219
2097-02-05,180.61655
2097-02-06,181.27089
2097-02-07,181.92523
2097-02-08,182.57959
2097-02-09,183.23393
2097-02-10,183.88828
2097-02-11,184.54263
2097-02-12,185.19698
2097-02-13,185.85132
2097-02-14,186.50568
2097-02-15,187.16002
2097-02-16,188.62204
2097-02-17,190.08405
2097-02-18,191.54607
2097-02-19,193.00809
2097-02-20,194.4701
2097-02-21,195.93211
2097-02-22,197.39413
2097-02-23,198.85616
2097-02-24,200.31816
2097-02-25,201.78018
2097-02-26,203.2422
2097-02-27,204.70421
2097-02-28,206.16623
2097-03-01,207.62825
2097-03-02,209.09026
2097-03-03,210.55228
2097-03-04,212.0143
2097-03-05,213.4763
2097-03-06,214.93832
2097-03-07,216.40034
2097-03-08,217.86235
2097-03-09,219.32437
2097-03-10,220.78639
2097-03-11,222.24841
2097-03-12,223.71042
2097-03-13,225.17244
2097-03-14,226.63446
2097-03-15,228.09647
2097-03-16,229.55849
2097-03-17,230.7423
2097-03-18,231.9261
2097-03-19,233.10991
2097-03-20,234.29372
2097-03-21,235.47752
2097-03-22,236.66132
2097-03-23,237.84512
2097-03-24,239.02893
2097-03-25,240.21274
2097-03-26,241.39655
2097-03-27,242.58035
2097-03-28,243.76416
2097-03-29,244.94797
2097-03-30,246.13177
2097-03-31,247.31558
2097-04-01,248.49937
2097-04-02,249.68318
2097-04-03,250.86699
2097-04-04,252.0508
2097-04-05,253.2346
2097-04-06,254.41841
2097-04-07,255.60222
2097-04-08,256.786
2097-04-09,257.96982
2097-04-10,259.15363
2097-04-11,260.33743
2097-04-12,261.52124
2097-04-13,262.70505
2097-04-14,263.88885
2097-04-15,265.07266
2097-04-16,266.25647
2097-04-17,266.81955
2097-04-18,267.38266
2097-04-19,267.94574
2097-04-20,268.50885
2097-04-21,269.07193
2097-04-22,269.63504
2097-04-23,270.19812
2097-04-24,270.7612
2097-04-25,271.3243
2097-04-26,271.8874
2097-04-27,272.4505
2097-04-28,273.01358
2097-04-29,273.5767
2097-04-30,274.13977
2097-05-01,274.70288
2097-05-02,275.26596
2097-05-03,275.82904
2097-05-04,276.39215
2097-05-05,276.95523
2097-05-06,277.51834
2097-05-07,278.08142
2097-05-08,278.64453
2097-05-09,279.2076
2097-05-10,279.7707
2097-05-11,280.3338
2097-05-12,280.89688
2097-05-13,281.46
2097-05-14,282.02307
2097-05-15,282.58618
2097-05-16,283.14926
2097-05-17,283.93512
2097-05-18,284.721
2097-05-19,285.50687
2097-05-20,286.29276
2097-05-21,287.0786
2097-05-22,287.8645
2097-05-23,288.65036
2097-05-24,289.43625
2097-05-25,290.2221
2097-05-26,291.008
2097-05-27,291.79385
2097-05-28,292.57974
2097-05-29,293.3656
2097-05-30,294.1515
2097-05-31,294.93735
2097-06-01,295.72324
2097-06-02,296.5091
2097-06-03,297.29498
2097-06-04,298.08084
2097-06-05,298.86673
2097-06-06,299.6526
2097-06-07,300.43848
2097-06-08,301.22433
2097-06-09,302.01022
2097-06-10,302.79608
2097-06-11,303.58197
2097-06-12,304.36783
2097-06-13,305.15372
2097-06-14,305.93958
2097-06-15,306.72546
2097-06-16,307.51132
2097-06-17,307.45523
2097-06-18,307.39917
2097-06-19,307.34308
2097-06-20,307.287
2097-06-21,307.2309
2097-06-22,307.17484
2097-06-23,307.11874
2097-06-24,307.06265
2097-06-25,307.00656
2097-06-26,306.9505
2097-06-27,306.8944
2097-06-28,306.83832
2097-06-29,306.78223
2097-06-30,306.72617
2097-07-01,306.67007
2097-07-02,306.61398
2097-07-03,306.55792
2097-07-04,306.50183
2097-07-05,306.44574
2097-07-06,306.38965
2097-07-07,306.3336
2097-07-08,306.2775
2097-07-09,306.2214
2097-07-10,306.1653
2097-07-11,306.10925
2097-07-12,306.05316
2097-07-13,305.99707
2097-07-14,305.94098
2097-07-15,305.88492
2097-07-16,305.82883
2097-07-17,305.10373
2097-07-18,304.3786
2097-07-19,303.6535
2097-07-20,302.9284
2097-07-21,302.20328
2097-07-22,301.47818
2097-07-23,300.75308
2097-07-24,300.02795
2097-07-25,299.30286
2097-07-26,298.57773
2097-07-27,297.85263
2097-07-28,297.12753
2097-07-29,296.4024
2097-07-30,295.6773
2097-07-31,294.9522
2097-08-01,294.22708
2097-08-02,293.50198
2097-08-03,292.7769
2097-08-04,292.05176
2097-08-05,291.32666
2097-08-06,290.60156
2097-08-07,289.87643
2097-08-08,289.15134
2097-08-09,288.4262
2097-08-10,287.7011
2097-08-11,286.976
2097-08-12,286.2509
2097-08-13,285.5258
2097-08-14,284.8007
2097-08-15,284.07556
2097-08-16,283.35046
2097-08-17,282.38065
2097-08-18,281.41086
2097-08-19,280.44104
2097-08-20,279.47122
2097-08-21,278.5014
2097-08-22,277.53162
2097-08-23,276.5618
2097-08-24,275.59198
2097-08-25,274.6222
2097-08-26,273.65237
2097-08-27,272.68256
2097-08-28,271.71274
2097-08-29,270.74295
2097-08-30,269.77313
2097-08-31,268.8033
2097-09-01,267.83353
2097-09-02,266.8637
2097-09-03,265.8939
2097-09-04,264.9241
2097-09-05,263.95428
2097-09-06,262.98447
2097-09-07,262.01465
2097-09-08,261.04486
2097-09-09,260.07504
2097-09-10,259.10522
2097-09-11,258.13544
2097-09-12,257.16562
2097-09-13,256.1958
2097-09-14,255.226
2097-09-15,254.25618
2097-09-16,253.28638
2097-09-17,251.85902
2097-09-18,250.43167
2097-09-19,249.00432
2097-09-20,247.57697
2097-09-21,246.1496
2097-09-22,244.72224
2097-09-23,243.29489
2097-09-24,241.86754
2097-09-25,240.44019
2097-09-26,239.01283
2097-09-27,237.58548
2097-09-28,236.15813
2097-09-29,234.73077
2097-09-30,233.30342
2097-10-01,231.87607
2097-10-02,230.4487
2097-10-03,229.02135
2097-10-04,227.594
2097-10-05,226.16664
2097-10-06,224.73929
2097-10-07,223.31194
2097-10-08,221.88458
2097-10-09,220.45723
2097-10-10,219.02988
2097-10-11,217.60251
2097-10-12,216.17516
2097-10-13,214.7478
2097-10-14,213.32045
2097-10-15,211.8931
2097-10-16,210.46574
2097-10-17,209.73471
2097-10-18,209.00366
2097-10-19,208.27263
2097-10-20,207.5416
2097-10-21,206.81056
2097-10-22,206.07951
2097-10-23,205.34848
2097-10-24,204.61745
2097-10-25,203.88641
2097-10-26,203.15536
2097-10-27,202.42433
2097-10-28,201.6933
2097-10-29,200.96227
2097-10-30,200.23122
2097-10-31,199.50018
2097-11-01,198.76915
2097-11-02,198.03812
2097-11-03,197.30707
2097-11-04,196.57603
2097-11-05,195.845
2097-11-06,195.11397
2097-11-07,194.38292
2097-11-08,193.65189
2097-11-09,192.92085
2097-11-10,192.18982
2097-11-11,191.45877
2097-11-12,190.72774
2097-11-13,189.9967
2097-11-14,189.26567
2097-11-15,188.53462
2097-11-16,187.80359
2097-11-17,187.20157
2097-11-18,186.59955
2097-11-19,185.99754
2097-11-20,185.39552
2097-11-21,184.7935
2097-11-22,184.19148
2097-11-23,183.58946
2097-11-24,182.98746
2097-11-25,182.38544
2097-11-26,181.78342
2097-11-27,181.1814
2097-11-28,180.57938
2097-11-29,179.97737
2097-11-30,179.37535
2097-12-01,178.77333
2097-12-02,178.17131
2097-12-03,177.56929
2097-12-04,176.96729
2097-12-05,176.36526
2097-12-06,175.76324
2097-12-07,175.16122
2097-12-08,174.5592
2097-12-09,173.9572
2097-12-10,173.35518
2097-12-11,172.75316
2097-12-12,172.15114
2097-12-13,171.54912
2097-12-14,170.94711
2097-12-15,170.3451
2097-12-16,169.74307
2097-12-17,169.28572
2097-12-18,168.82837
2097-12-19,168.37103
2097-12-20,167.91368
2097-12-21,167.45633
2097-12-22,166.99898
2097-12-23,166.54163
2097-12-24,166.08429
2097-12-25,165.62694
2097-12-26,165.16959
2097-12-27,164.71223
2097-12-28,164.25488
2097-12-29,163.79755
2097-12-30,163.3402
2097-12-31,162.88284
2098-01-01,162.42549
2098-01-02,161.96814
2098-01-03,161.51079
2098-01-04,161.05345
2098-01-05,160.5961
2098-01-06,160.13875
2098-01-07,159.6814
2098-01-08,159.22404
2098-01-09,158.76671
2098-01-10,158.30936
2098-01-11,157.852
2098-01-12,157.39465
2098-01-13,156.9373
2098-01-14,156.47997
2098-01-15,156.02261
2098-01-16,155.56526
2098-01-17,155.93188
2098-01-18,156.2985
2098-01-19,156.66512
2098-01-20,157.03174
2098-01-21,157.39835
2098-01-22,157.76497
2098-01-23,158.13159
2098-01-24,158.49821
2098-01-25,158.86482
2098-01-26,159.23145
2098-01-27,159.59807
2098-01-28,159.96468
2098-01-29,160.3313
2098-01-30,160.69792
2098-01-31,161.06454
2098-02-01,161.43115
2098-02-02,161.79778
2098-02-03,162.1644
2098-02-04,162.531
2098-02-05,162.89763
2098-02-06,163.26425
2098-02-07,163.63086
2098-02-08,163.99748
2098-02-09,164.3641
2098-02-10,164.73071
2098-02-11,165.09734
2098-02-12,165.46396
2098-02-13,165.83058
2098-02-14,166.19719
2098-02-15,166.56381
2098-02-16,168.69978
2098-02-17,170.83574
2098-02-18,172.97171
2098-02-19,175.10768
2098-02-20,177.24364
2098-02-21,179.37961
2098-02-22,181.51558
2098-02-23,183.65155
2098-02-24,185.7875
2098-02-25,187.92348
2098-02-26,190.05945
2098-02-27,192.1954
2098-02-28,194.33138
2098-03-01,196.46735
2098-03-02,198.6033
2098-03-03,200.73927
2098-03-04,202.87524
2098-03-05,205.0112
2098-03-06,207.14717
2098-03-07,209.28314
2098-03-08,211.4191
2098-03-09,213.55507
2098-03-10,215.69104
2098-03-11,217.82701
2098-03-12,219.96297
2098-03-13,222.09894
2098-03-14,224.23491
2098-03-15,226.37086
2098-03-16,228.50684
2098-03-17,229.27531
2098-03-18,230.0438
2098-03-19,230.81227
2098-03-20,231.58075
2098-03-21,232.34923
2098-03-22,233.1177
2098-03-23,233.88618
2098-03-24,234.65466
2098-03-25,235.42314
2098-03-26,236.19162
2098-03-27,236.9601
2098-03-28,237.72858
2098-03-29,238.49706
2098-03-30,239.26553
2098-03-31,240.03401
2098-04-01,240.80249
2098-04-02,241.57097
2098-04-03,242.33945
2098-04-04,243.10793
2098-04-05,243.8764
2098-04-06,244.64488
2098-04-07,245.41336
2098-04-08,246.18184
2098-04-09,246.95032
2098-04-10,247.7188
2098-04-11,248.48727
2098-04-12,249.25575
2098-04-13,250.02423
2098-04-14,250.79271
2098-04-15,251.56119
2098-04-16,252.32967
2098-04-17,254.27348
2098-04-18,256.21732
2098-04-19,258.16113
2098-04-20,260.10495
2098-04-21,262.04877
2098-04-22,263.99258
2098-04-23,265.9364
2098-04-24,267.88022
2098-04-25,269.82407
2098-04-26,271.76788
2098-04-27,273.7117
2098-04-28,275.65552
2098-04-29,277.59933
2098-04-30,279.54315
2098-05-01,281.48697
2098-05-02,283.4308
2098-05-03,285.3746
2098-05-04,287.31845
2098-05-05,289.26227
2098-05-06,291.2061
2098-05-07,293.1499
2098-05-08,295.09372
2098-05-09,297.03754
2098-05-10,298.98135
2098-05-11,300.92517
2098-05-12,302.86902
2098-05-13,304.81284
2098-05-14,306.75665
2098-05-15,308.70047
2098-05-16,310.6443
2098-05-17,310.55347
2098-05-18,310.46265
2098-05-19,310.37186
2098-05-20,310.28104
2098-05-21,310.19022
2098-05-22,310.0994
2098-05-23,310.0086
2098-05-24,309.9178
2098-05-25,309.82697
2098-05-26,309.73615
2098-05-27,309.64532
2098-05-28,309.55453
2098-05-29,309.4637
2098-05-30,309.3729
2098-05-31,309.28207
2098-06-01,309.19128
2098-06-02,309.10046
2098-06-03,309.00964
2098-06-04,308.91882
2098-06-05,308.82803
2098-06-06,308.7372
2098-06-07,308.6464
2098-06-08,308.55557
2098-06-09,308.46475
2098-06-10,308.37396
2098-06-11,308.28314
2098-06-12,308.19232
2098-06-13,308.1015
2098-06-14,308.0107
2098-06-15,307.9199
2098-06-16,307.82907
2098-06-17,307.79135
2098-06-18,307.7536
2098-06-19,307.71588
2098-06-20,307.67813
2098-06-21,307.6404
2098-06-22,307.60266
2098-06-23,307.56494
2098-06-24,307.52722
2098-06-25,307.48947
2098-06-26,307.45175
2098-06-27,307.414
2098-06-28,307.37628
2098-06-29,307.33853
2098-06-30,307.3008
2098-07-01,307.26306
2098-07-02,307.22534
2098-07-03,307.18762
2098-07-04,307.14987
2098-07-05,307.11215
2098-07-06,307.0744
2098-07-07,307.03668
2098-07-08,306.99893
2098-07-09,306.9612
2098-07-10,306.9235
2098-07-11,306.88574
2098-07-12,306.84802
2098-07-13,306.81027
2098-07-14,306.77255
2098-07-15,306.7348
2098-07-16,306.69708
2098-07-17,306.21515
2098-07-18,305.73322
2098-07-19,305.25128
2098-07-20,304.76938
2098-07-21,304.28745
2098-07-22,303.8055
2098-07-23,303.32358
2098-07-24,302.84164
2098-07-25,302.3597
2098-07-26,301.8778
2098-07-27,301.39587
2098-07-28,300.91394
2098-07-29,300.432
2098-07-30,299.95007
2098-07-31,299.46814
2098-08-01,298.98624
2098-08-02,298.5043
2098-08-03,298.02237
2098-08-04,297.54044
2098-08-05,297.0585
2098-08-06,296.57657
2098-08-07,296.09467
2098-08-08,295.61273
2098-08-09,295.1308
2098-08-10,294.64886
2098-08-11,294.16693
2098-08-12,293.685
2098-08-13,293.2031
2098-08-14,292.72116
2098-08-15,292.23923
2098-08-16,291.7573
2098-08-17,290.8449
2098-08-18,289.9325
2098-08-19,289.0201
2098-08-20,288.10773
2098-08-21,287.19534
2098-08-22,286.28293
2098-08-23,285.37054
2098-08-24,284.45816
2098-08-25,283.54578
2098-08-26,282.63336
2098-08-27,281.72098
2098-08-28,280.8086
2098-08-29,279.8962
2098-08-30,278.9838
2098-08-31,278.0714
2098-09-01,277.15903
2098-09-02,276.24664
2098-09-03,275.33423
2098-09-04,274.42184
2098-09-05,273.50946
2098-09-06,272.59708
2098-09-07,271.68466
2098-09-08,270.77228
2098-09-09,269.8599
2098-09-10,268.9475
2098-09-11,268.0351
2098-09-12,267.1227
2098-09-13,266.21033
2098-09-14,265.29794
2098-09-15,264.38553
2098-09-16,263.47314
2098-09-17,262.22696
2098-09-18,260.98074
2098-09-19,259.73456
2098-09-20,258.48834
2098-09-21,257.24216
2098-09-22,255.99594
2098-09-23,254.74974
2098-09-24,253.50354
2098-09-25,252.25734
2098-09-26,251.01114
2098-09-27,249.76494
2098-09-28,248.51874
2098-09-29,247.27254
2098-09-30,246.02634
2098-10-01,244.78015
2098-10-02,243.53395
2098-10-03,242.28775
2098-10-04,241.04155
2098-10-05,239.79535
2098-10-06,238.54915
2098-10-07,237.30295
2098-10-08,236.05675
2098-10-09,234.81055
2098-10-10,233.56435
2098-10-11,232.31815
2098-10-12,231.07195
2098-10-13,229.82574
2098-10-14,228.57954
2098-10-15,227.33334
2098-10-16,226.08714
2098-10-17,225.01915
2098-10-18,223.95116
2098-10-19,222.88318
2098-10-20,221.81519
2098-10-21,220.7472
2098-10-22,219.6792
2098-10-23,218.6112
2098-10-24,217.54323
2098-10-25,216.47523
2098-10-26,215.40724
2098-10-27,214.33925
2098-10-28,213.27126
2098-10-29,212.20328
2098-10-30,211.13528
2098-10-31,210.06729
2098-11-01,208.9993
2098-11-02,207.9313
2098-11-03,206.86331
2098-11-04,205.79533
2098-11-05,204.72734
2098-11-06,203.65935
2098-11-07,202.59135
2098-11-08,201.52336
2098-11-09,200.45538
2098-11-10,199.38739
2098-11-11,198.3194
2098-11-12,197.2514
2098-11-13,196.18341
2098-11-14,195.11543
2098-11-15,194.04744
2098-11-16,192.97945
2098-11-17,191.83049
2098-11-18,190.68153
2098-11-19,189.53258
2098-11-20,188.38362
2098-11-21,187.23466
2098-11-22,186.08571
2098-11-23,184.93675
2098-11-24,183.78781
2098-11-25,182.63885
2098-11-26,181.4899
2098-11-27,180.34094
2098-11-28,179.19199
2098-11-29,178.04303
2098-11-30,176.89407
2098-12-01,175.74512
2098-12-02,174.59616
2098-12-03,173.4472
2098-12-04,172.29825
2098-12-05,171.14929
2098-12-06,170.00034
2098-12-07,168.85138
2098-12-08,167.70242
2098-12-09,166.55348
2098-12-10,165.40453
2098-12-11,164.25557
2098-12-12,163.10661
2098-12-13,161.95766
2098-12-14,160.8087
2098-12-15,159.65974
2098-12-16,158.51079
2098-12-17,159.04137
2098-12-18,159.57195
2098-12-19,160.10251
2098-12-20,160.63309
2098-12-21,161.16367
2098-12-22,161.69424
2098-12-23,162.22482
2098-12-24,162.75539
2098-12-25,163.28596
2098-12-26,163.81654
2098-12-27,164.34712
2098-12-28,164.8777
2098-12-29,165.40826
2098-12-30,165.93884
2098-12-31,166.46942
2099-01-01,167.0
2099-01-02,167.53058
2099-01-03,168.06116
2099-01-04,168.59172
2099-01-05,169.1223
2099-01-06,169.65288
2099-01-07,170.18346
2099-01-08,170.71404
2099-01-09,171.2446
2099-01-10,171.77518
2099-01-11,172.30576
2099-01-12,172.83633
2099-01-13,173.36691
2099-01-14,173.89748
2099-01-15,174.42805
2099-01-16,174.95863
2099-01-17,176.1134
2099-01-18,177.26816
2099-01-19,178.42293
2099-01-20,179.5777
2099-01-21,180.73245
2099-01-22,181.88722
2099-01-23,183.04198
2099-01-24,184.19675
2099-01-25,185.35152
2099-01-26,186.50627
2099-01-27,187.66104
2099-01-28,188.81581
2099-01-29,189.97057
2099-01-30,191.12534
2099-01-31,192.28009
2099-02-01,193.43486
2099-02-02,194.58963
2099-02-03,195.74438
2099-02-04,196.89915
2099-02-05,198.05392
2099-02-06,199.20868
2099-02-07,200.36345
2099-02-08,201.51822
2099-02-09,202.67297
2099-02-10,203.82774
2099-02-11,204.9825
2099-02-12,206.13727
2099-02-13,207.29204
2099-02-14,208.4468
2099-02-15,209.60156
2099-02-16,210.28465
2099-02-17,210.96774
2099-02-18,211.65083
2099-02-19,212.33392
2099-02-20,213.01701
2099-02-21,213.7001
2099-02-22,214.3832
2099-02-23,215.06628
2099-02-24,215.74937
2099-02-25,216.43246
2099-02-26,217.11555
2099-02-27,217.79865
2099-02-28,218.48174
2099-03-01,219.16483
2099-03-02,219.84793
2099-03-03,220.53102
2099-03-04,221.21411
2099-03-05,221.8972
2099-03-06,222.58029
2099-03-07,223.26338
2099-03-08,223.94647
2099-03-09,224.62956
2099-03-10,225.31265
2099-03-11,225.99574
2099-03-12,226.67883
2099-03-13,227.36192
2099-03-14,228.04501
2099-03-15,228.7281
2099-03-16,229.4112
2099-03-17,231.1403
2099-03-18,232.86943
2099-03-19,234.59854
2099-03-20,236.32767
2099-03-21,238.05678
2099-03-22,239.7859
2099-03-23,241.51501
2099-03-24,243.24414
2099-03-25,244.97325
2099-03-26,246.70238
2099-03-27,248.43149
2099-03-28,250.16061
2099-03-29,251.88972
2099-03-30,253.61885
2099-03-31,255.34796
2099-04-01,257.0771
2099-04-02,258.8062
2099-04-03,260.5353
2099-04-04,262.26443
2099-04-05,263.99356
2099-04-06,265.7227
2099-04-07,267.45178
2099-04-08,269.1809
2099-04-09,270.91003
2099-04-10,272.63916
2099-04-11,274.36826
2099-04-12,276.09738
2099-04-13,277.8265
2099-04-14,279.55563
2099-04-15,281.28473
2099-04-16,283.01385
2099-04-17,283.62778
2099-04-18,284.24173
2099-04-19,284.85565
2099-04-20,285.46957
2099-04-21,286.08353
2099-04-22,286.69745
2099-04-23,287.3114
2099-04-24,287.92532
2099-04-25,288.53925
2099-04-26,289.1532
2099-04-27,289.76712
2099-04-28,290.38104
2099-04-29,290.995
2099-04-30,291.60892
2099-05-01,292.22284
2099-05-02,292.8368
2099-05-03,293.4507
2099-05-04,294.06467
2099-05-05,294.6786
2099-05-06,295.2925
2099-05-07,295.90646
2099-05-08,296.5204
2099-05-09,297.1343
2099-05-10,297.74826
2099-05-11,298.36218
2099-05-12,298.97614
2099-05-13,299.59006
2099-05-14,300.20398
2099-05-15,300.81793
2099-05-16,301.43185
2099-05-17,301.45258
2099-05-18,301.4733
2099-05-19,301.49402
2099-05-20,301.5147
2099-05-21,301.53543
2099-05-22,301.55615
2099-05-23,301.57687
2099-05-24,301.5976
2099-05-25,301.61832
2099-05-26,301.63904
2099-05-27,301.65976
2099-05-28,301.68045
2099-05-29,301.70117
2099-05-30,301.7219
2099-05-31,301.7426
2099-06-01,301.76334
2099-06-02,301.78406
2099-06-03,301.80478
2099-06-04,301.8255
2099-06-05,301.8462
2099-06-06,301.8669
2099-06-07,301.88763
2099-06-08,301.90836
2099-06-09,301.92908
2099-06-10,301.9498
2099-06-11,301.97052
2099-06-12,301.99124
2099-06-13,302.01193
2099-06-14,302.03265
2099-06-15,302.05338
2099-06-16,302.0741
2099-06-17,302.0052
2099-06-18,301.93628
2099-06-19,301.86737
2099-06-20,301.79846
2099-06-21,301.72955
2099-06-22,301.66064
2099-06-23,301.59174
2099-06-24,301.52286
2099-06-25,301.45395
2099-06-26,301.38504
2099-06-27,301.31613
2099-06-28,301.24722
2099-06-29,301.1783
2099-06-30,301.1094
2099-07-01,301.0405
2099-07-02,300.9716
2099-07-03,300.90268
2099-07-04,300.83377
2099-07-05,300.76486
2099-07-06,300.69595
2099-07-07,300.62704
2099-07-08,300.55814
2099-07-09,300.48926
2099-07-10,300.42035
2099-07-11,300.35144
2099-07-12,300.28253
2099-07-13,300.21362
2099-07-14,300.1447
2099-07-15,300.0758
2099-07-16,300.0069
2099-07-17,299.06787
2099-07-18,298.12885
2099-07-19,297.18982
2099-07-20,296.25076
2099-07-21,295.31174
2099-07-22,294.3727
2099-07-23,293.4337
2099-07-24,292.49466
2099-07-25,291.55563
2099-07-26,290.61658
2099-07-27,289.67755
2099-07-28,288.73853
2099-07-29,287.7995
2099-07-30,286.86047
2099-07-31,285.92145
2099-08-01,284.9824
2099-08-02,284.04337
2099-08-03,283.10434
2099-08-04,282.1653
2099-08-05,281.2263
2099-08-06,280.28726
2099-08-07,279.3482
2099-08-08,278.40918
2099-08-09,277.47015
2099-08-10,276.53113
2099-08-11,275.5921
2099-08-12,274.65308
2099-08-13,273.71402
2099-08-14,272.775
2099-08-15,271.83597
2099-08-16,270.89694
2099-08-17,270.17404
2099-08-18,269.4511
2099-08-19,268.7282
2099-08-20,268.0053
2099-08-21,267.2824
2099-08-22,266.55948
2099-08-23,265.83658
2099-08-24,265.11368
2099-08-25,264.39075
2099-08-26,263.66785
2099-08-27,262.94495
2099-08-28,262.22205
2099-08-29,261.4991
2099-08-30,260.7762
2099-08-31,260.0533
2099-09-01,259.33038
2099-09-02,258.60748
2099-09-03,257.88458
2099-09-04,257.16165
2099-09-05,256.43875
2099-09-06,255.71585
2099-09-07,254.99294
2099-09-08,254.27003
2099-09-09,253.54712
2099-09-10,252.8242
2099-09-11,252.1013
2099-09-12,251.37839
2099-09-13,250.65549
2099-09-14,249.93257
2099-09-15,249.20967
2099-09-16,248.48676
2099-09-17,247.3321
2099-09-18,246.17744
2099-09-19,245.0228
2099-09-20,243.86815
2099-09-21,242.7135
2099-09-22,241.55884
2099-09-23,240.40419
2099-09-24,239.24954
2099-09-25,238.0949
2099-09-26,236.94023
2099-09-27,235.78558
2099-09-28,234.63094
2099-09-29,233.47629
2099-09-30,232.32162
2099-10-01,231.16698
2099-10-02,230.01233
2099-10-03,228.85767
2099-10-04,227.70302
2099-10-05,226.54837
2099-10-06,225.39372
2099-10-07,224.23906
2099-10-08,223.08441
2099-10-09,221.92976
2099-10-10,220.77512
2099-10-11,219.62045
2099-10-12,218.4658
2099-10-13,217.31116
2099-10-14,216.15651
2099-10-15,215.00185
2099-10-16,213.8472
2099-10-17,212.8743
2099-10-18,211.90141
2099-10-19,210.92851
2099-10-20,209.95561
2099-10-21,208.98271
2099-10-22,208.00983
2099-10-23,207.03693
2099-10-24,206.06403
2099-10-25,205.09113
2099-10-26,204.11824
2099-10-27,203.14534
2099-10-28,202.17244
2099-10-29,201.19954
2099-10-30,200.22665
2099-10-31,199.25375
2099-11-01,198.28085
2099-11-02,197.30795
2099-11-03,196.33507
2099-11-04,195.36217
2099-11-05,194.38927
2099-11-06,193.41637
2099-11-07,192.44348
2099-11-08,191.47058
2099-11-09,190.49768
2099-11-10,189.52478
2099-11-11,188.5519
2099-11-12,187.579
2099-11-13,186.6061
2099-11-14,185.6332
2099-11-15,184.66031
2099-11-16,183.68741
2099-11-17,182.64662
2099-11-18,181.60583
2099-11-19,180.56503
2099-11-20,179.52425
2099-11-21,178.48346
2099-11-22,177.44267
2099-11-23,176.40187
2099-11-24,175.36108
2099-11-25,174.3203
2099-11-26,173.27951
2099-11-27,172.23871
2099-11-28,171.19792
2099-11-29,170.15714
2099-11-30,169.11635
2099-12-01,168.07556
2099-12-02,167.03476
2099-12-03,165.99397
2099-12-04,164.95319
2099-12-05,163.9124
2099-12-06,162.8716
2099-12-07,161.83081
2099-12-08,160.79002
2099-12-09,159.74924
2099-12-10,158.70844
2099-12-11,157.66765
2099-12-12,156.62686
2099-12-13,155.58607
2099-12-14,154.54527
2099-12-15,153.50449
2099-12-16,152.4637
2099-12-17,152.68527
2099-12-18,152.90685
2099-12-19,153.12842
2099-12-20,153.34999
2099-12-21,153.57156
2099-12-22,153.79314
2099-12-23,154.01471
2099-12-24,154.2363
2099-12-25,154.45787
2099-12-26,154.67944
2099-12-27,154.90102
2099-12-28,155.12259
2099-12-29,155.34416
2099-12-30,155.56573
2099-12-31,155.78731
2100-01-01,156.00888
2100-01-02,156.23045
2100-01-03,156.45203
2100-01-04,156.6736
2100-01-05,156.89517
2100-01-06,157.11674
2100-01-07,157.33832
2100-01-08,157.55989
2100-01-09,157.78148
2100-01-10,158.00305
2100-01-11,158.22462
2100-01-12,158.4462
2100-01-13,158.66777
2100-01-14,158.88934
2100-01-15,159.11092
2100-01-16,159.33249
2100-01-17,160.90475
2100-01-18,162.47702
2100-01-19,164.04929
2100-01-20,165.62155
2100-01-21,167.19382
2100-01-22,168.76608
2100-01-23,170.33835
2100-01-24,171.91063
2100-01-25,173.4829
2100-01-26,175.05516
2100-01-27,176.62743
2100-01-28,178.19969
2100-01-29,179.77196
2100-01-30,181.34422
2100-01-31,182.91649
2100-02-01,184.48875
2100-02-02,186.06102
2100-02-03,187.63329
2100-02-04,189.20555
2100-02-05,190.77782
2100-02-06,192.35008
2100-02-07,193.92235
2100-02-08,195.49463
2100-02-09,197.0669
2100-02-10,198.63916
2100-02-11,200.21143
2100-02-12,201.78369
2100-02-13,203.35596
2100-02-14,204.92822
2100-02-15,206.50049
2100-02-16,208.02165
2100-02-17,209.54283
2100-02-18,211.064
2100-02-19,212.58516
2100-02-20,214.10634
2100-02-21,215.6275
2100-02-22,217.14867
2100-02-23,218.66983
2100-02-24,220.19101
2100-02-25,221.71217
2100-02-26,223.23334
2100-02-27,224.75452
2100-02-28,226.27568
2100-03-01,227.79684
2100-03-02,229.31802
2100-03-03,230.83919
2100-03-04,232.36035
2100-03-05,233.88153
2100-03-06,235.4027
2100-03-07,236.92386
2100-03-08,238.44504
2100-03-09,239.9662
2100-03-10,241.48737
2100-03-11,243.00853
2100-03-12,244.52971
2100-03-13,246.05087
2100-03-14,247.57204
2100-03-15,249.09322
2100-03-16,250.61438
2100-03-17,251.75935
2100-03-18,252.90433
2100-03-19,254.0493
2100-03-20,255.19427
2100-03-21,256.33926
2100-03-22,257.48422
2100-03-23,258.6292
2100-03-24,259.77417
2100-03-25,260.91916
2100-03-26,262.06412
2100-03-27,263.2091
2100-03-28,264.3541
2100-03-29,265.49905
2100-03-30,266.64404
2100-03-31,267.789
2100-04-01,268.934
2100-04-02,270.07895
2100-04-03,271.22394
2100-04-04,272.3689
2100-04-05,273.5139
2100-04-06,274.65887
2100-04-07,275.80383
2100-04-08,276.94882
2100-04-09,278.09378
2100-04-10,279.23877
2100-04-11,280.38373
2100-04-12,281.52872
2100-04-13,282.67368
2100-04-14,283.81866
2100-04-15,284.96362
2100-04-16,286.1086
2100-04-17,285.9154
2100-04-18,285.7222
2100-04-19,285.529
2100-04-20,285.33582
2100-04-21,285.1426
2100-04-22,284.9494
2100-04-23,284.7562
2100-04-24,284.563
2100-04-25,284.36978
2100-04-26,284.17657
2100-04-27,283.98337
2100-04-28,283.7902
2100-04-29,283.597
2100-04-30,283.40378
2100-05-01,283.21057
2100-05-02,283.01736
2100-05-03,282.82416
2100-05-04,282.63095
2100-05-05,282.43777
2100-05-06,282.24457
2100-05-07,282.05136
2100-05-08,281.85815
2100-05-09,281.66495
2100-05-10,281.47174
2100-05-11,281.27853
2100-05-12,281.08533
2100-05-13,280.89215
2100-05-14,280.69894
2100-05-15,280.50574
2100-05-16,280.31253
2100-05-17,279.7903
2100-05-18,279.2681
2100-05-19,278.74588
2100-05-20,278.22366
2100-05-21,277.70145
2100-05-22,277.17923
2100-05-23,276.657
2100-05-24,276.1348
2100-05-25,275.61258
2100-05-26,275.09036
2100-05-27,274.56815
2100-05-28,274.04593
2100-05-29,273.5237
2100-05-30,273.0015
2100-05-31,272.47928
2100-06-01,271.9571
2100-06-02,271.43488
2100-06-03,270.91266
2100-06-04,270.39044
2100-06-05,269.86823
2100-06-06,269.346
2100-06-07,268.8238
2100-06-08,268.30157
2100-06-09,267.77936
2100-06-10,267.25714
2100-06-11,266.73492
2100-06-12,266.2127
2100-06-13,265.6905
2100-06-14,265.16827
2100-06-15,264.64606
2100-06-16,264.12384
2100-06-17,265.23856
2100-06-18,266.35327
2100-06-19,267.468
2100-06-20,268.58267
2100-06-21,269.6974
2100-06-22,270.8121
2100-06-23,271.92682
2100-06-24,273.04153
2100-06-25,274.15625
2100-06-26,275.27097
2100-06-27,276.38568
2100-06-28,277.50037
2100-06-29,278.61508
2100-06-30,279.7298
2100-07-01,280.8445
2100-07-02,281.95923
2100-07-03,283.07394
2100-07-04,284.18866
2100-07-05,285.30334
2100-07-06,286.41806
2100-07-07,287.53278
2100-07-08,288.6475
2100-07-09,289.7622
2100-07-10,290.87692
2100-07-11,291.99164
2100-07-12,293.10635
2100-07-13,294.22104
2100-07-14,295.33575
2100-07-15,296.45047
2100-07-16,297.5652
2100-07-17,296.93924
2100-07-18,296.3133
2100-07-19,295.68735
2100-07-20,295.06137
2100-07-21,294.43542
2100-07-22,293.80948
2100-07-23,293.18353
2100-07-24,292.5576
2100-07-25,291.93164
2100-07-26,291.30566
2100-07-27,290.67972
2100-07-28,290.05377
2100-07-29,289.42783
2100-07-30,288.80188
2100-07-31,288.17593
2100-08-01,287.54996
2100-08-02,286.924
2100-08-03,286.29807
2100-08-04,285.67212
2100-08-05,285.04617
2100-08-06,284.42023
2100-08-07,283.79425
2100-08-08,283.1683
2100-08-09,282.54236
2100-08-10,281.9164
2100-08-11,281.29047
2100-08-12,280.66452
2100-08-13,280.03854
2100-08-14,279.4126
2100-08-15,278.78665
2100-08-16,278.1607
2100-08-17,275.16193
2100-08-18,272.16318
2100-08-19,269.1644
2100-08-20,266.16562
2100-08-21,263.16684
2100-08-22,260.1681
2100-08-23,257.1693
2100-08-24,254.17055
2100-08-25,251.17177
2100-08-26,248.173
2100-08-27,245.17422
2100-08-28,242.17546
2100-08-29,239.1767
2100-08-30,236.17792
2100-08-31,233.17915
2100-09-01,230.18037
2100-09-02,227.18161
2100-09-03,224.18283
2100-09-04,221.18407
2100-09-05,218.1853
2100-09-06,215.18652
2100-09-07,212.18776
2100-09-08,209.18898
2100-09-09,206.19022
2100-09-10,203.19145
2100-09-11,200.19267
2100-09-12,197.19391
2100-09-13,194.19513
2100-09-14,191.19637
2100-09-15,188.19759
2100-09-16,185.19882
2100-09-17,185.92366
2100-09-18,186.6485
2100-09-19,187.37334
2100-09-20,188.09819
2100-09-21,188.82303
2100-09-22,189.54787
2100-09-23,190.2727
2100-09-24,190.99754
2100-09-25,191.72238
2100-09-26,192.44722
2100-09-27,193.17206
2100-09-28,193.89691
2100-09-29,194.62175
2100-09-30,195.34659
2100-10-01,196.07143
2100-10-02,196.79626
2100-10-03,197.5211
2100-10-04,198.24594
2100-10-05,198.9708
2100-10-06,199.69563
2100-10-07,200.42047
2100-10-08,201.14531
2100-10-09,201.87015
2100-10-10,202.59499
2100-10-11,203.31982
2100-10-12,204.04466
2100-10-13,204.76952
2100-10-14,205.49435
2100-10-15,206.2192
2100-10-16,206.94403
2100-10-17,205.449
2100-10-18,203.95398
2100-10-19,202.45895
2100-10-20,200.96394
2100-10-21,199.46892
2100-10-22,197.97389
2100-10-23,196.47887
2100-10-24,194.98384
2100-10-25,193.48882
2100-10-26,191.9938
2100-10-27,190.49878
2100-10-28,189.00375
2100-10-29,187.50873
2100-10-30,186.0137
2100-10-31,184.51868
2100-11-01,183.02367
2100-11-02,181.52864
2100-11-03,180.03362
2100-11-04,178.53859
2100-11-05,177.04356
2100-11-06,175.54854
2100-11-07,174.05353
2100-11-08,172.5585
2100-11-09,171.06348
2100-11-10,169.56845
2100-11-11,168.07343
2100-11-12,166.5784
2100-11-13,165.08339
2100-11-14,163.58836
2100-11-15,162.09334
2100-11-16,160.59831
2100-11-17,160.72308
2100-11-18,160.84787
2100-11-19,160.97264
2100-11-20,161.09741
2100-11-21,161.22218
2100-11-22,161.34697
2100-11-23,161.47174
2100-11-24,161.59651
2100-11-25,161.7213
2100-11-26,161.84607
2100-11-27,161.97084
2100-11-28,162.09561
2100-11-29,162.2204
2100-11-30,162.34517
2100-12-01,162.46994
2100-12-02,162.59473
2100-12-03,162.7195
2100-12-04,162.84427
2100-12-05,162.96904
2100-12-06,163.09383
2100-12-07,163.2186
2100-12-08,163.34337
2100-12-09,163.46815
2100-12-10,163.59293
2100-12-11,163.7177
2100-12-12,163.84248
2100-12-13,163.96725
2100-12-14,164.09203
2100-12-15,164.2168
2100-12-16,164.34158
2100-12-17,164.46635
2100-12-18,164.59113
2100-12-19,164.71591
2100-12-20,164.84068
2100-12-21,164.96545
2100-12-22,165.09023
2100-12-23,165.21501
2100-12-24,165.33978
2100-12-25,165.46455
2100-12-26,165.58934
2100-12-27,165.71411
2100-12-28,165.83888
2100-12-29,165.96365
2100-12-30,166.08844
2100-12-31,166.21321
